Address:,USB0::0x0957::0x179A::MY62160698::0::INSTR,,Function Channels,,
Model:,DSO-X 2004A,,Time (s),M1,
Serial Number:,MY62160698,,-0.996875,0.0195312476716936,
Firmware Version:,02.65.2021030741,,-0.996843,0.0390624953433871,
Start Time:,2023-07-05 14:53:06.339,,-0.996811,0.0195312476716936,
Capture#:,3,,-0.996779,0,
,,,-0.996747,0.0195312476716936,
,,,-0.996715,0.0195312476716936,
,,,-0.996683,0.0195312476716936,
,,,-0.996651,0,
,,,-0.996619,0.0390624953433871,
,,,-0.996587,0,
,,,-0.996555,0.0195312476716936,
,,,-0.996523,-0.0214843724388629,
,,,-0.996491,0,
,,,-0.996459,0,
,,,-0.996427,0.0195312476716936,
,,,-0.996395,0,
,,,-0.996363,0,
,,,-0.996331,0.0195312476716936,
,,,-0.996299,0.0195312476716936,
,,,-0.996267,0.0195312476716936,
,,,-0.996235,-0.0214843724388629,
,,,-0.996203,0.0195312476716936,
,,,-0.996171,0.0195312476716936,
,,,-0.996139,0.0195312476716936,
,,,-0.996107,0.0195312476716936,
,,,-0.996075,0.0195312476716936,
,,,-0.996043,0,
,,,-0.996011,0,
,,,-0.995979,0.0195312476716936,
,,,-0.995947,0.0390624953433871,
,,,-0.995915,0,
,,,-0.995883,0,
,,,-0.995851,0,
,,,-0.995819,-0.0214843724388629,
,,,-0.995787,0.0390624953433871,
,,,-0.995755,0,
,,,-0.995723,0,
,,,-0.995691,0,
,,,-0.995659,0.0195312476716936,
,,,-0.995627,-0.0410156201105565,
,,,-0.995595,0,
,,,-0.995563,0.0195312476716936,
,,,-0.995531,-0.0214843724388629,
,,,-0.995499,0,
,,,-0.995467,0.0195312476716936,
,,,-0.995435,0,
,,,-0.995403,0.0195312476716936,
,,,-0.995371,0,
,,,-0.995339,0,
,,,-0.995307,0.0195312476716936,
,,,-0.995275,0.0195312476716936,
,,,-0.995243,0,
,,,-0.995211,0,
,,,-0.995179,0,
,,,-0.995147,0.0195312476716936,
,,,-0.995115,0,
,,,-0.995083,0,
,,,-0.995051,0.0390624953433871,
,,,-0.995019,-0.0214843724388629,
,,,-0.994987,0,
,,,-0.994955,-0.0214843724388629,
,,,-0.994923,0,
,,,-0.994891,0.0195312476716936,
,,,-0.994859,-0.0214843724388629,
,,,-0.994827,-0.0214843724388629,
,,,-0.994795,0,
,,,-0.994763,0,
,,,-0.994731,0,
,,,-0.994699,0,
,,,-0.994667,0.0195312476716936,
,,,-0.994635,-0.0214843724388629,
,,,-0.994603,0,
,,,-0.994571,0,
,,,-0.994539,0,
,,,-0.994507,0.0195312476716936,
,,,-0.994475,0.0195312476716936,
,,,-0.994443,0,
,,,-0.994411,0,
,,,-0.994379,0.0195312476716936,
,,,-0.994347,0,
,,,-0.994315,0,
,,,-0.994283,0.0195312476716936,
,,,-0.994251,0,
,,,-0.994219,0.0195312476716936,
,,,-0.994187,0,
,,,-0.994155,0,
,,,-0.994123,0.0195312476716936,
,,,-0.994091,0,
,,,-0.994059,0,
,,,-0.994027,0,
,,,-0.993995,0.0195312476716936,
,,,-0.993963,0,
,,,-0.993931,0,
,,,-0.993899,0.0195312476716936,
,,,-0.993867,0,
,,,-0.993835,-0.0214843724388629,
,,,-0.993803,-0.0214843724388629,
,,,-0.993771,0,
,,,-0.993739,0.0195312476716936,
,,,-0.993707,0,
,,,-0.993675,0,
,,,-0.993643,0,
,,,-0.993611,0,
,,,-0.993579,0,
,,,-0.993547,0,
,,,-0.993515,-0.0214843724388629,
,,,-0.993483,-0.0214843724388629,
,,,-0.993451,0,
,,,-0.993419,0,
,,,-0.993387,0,
,,,-0.993355,0.0195312476716936,
,,,-0.993323,0,
,,,-0.993291,0.0195312476716936,
,,,-0.993259,0.0195312476716936,
,,,-0.993227,0,
,,,-0.993195,0,
,,,-0.993163,0.0195312476716936,
,,,-0.993131,-0.0214843724388629,
,,,-0.993099,0,
,,,-0.993067,0,
,,,-0.993035,0,
,,,-0.993003,0,
,,,-0.992971,0,
,,,-0.992939,0,
,,,-0.992907,0.0195312476716936,
,,,-0.992875,0,
,,,-0.992843,0,
,,,-0.992811,0,
,,,-0.992779,0,
,,,-0.992747,0.0195312476716936,
,,,-0.992715,0.0195312476716936,
,,,-0.992683,-0.0214843724388629,
,,,-0.992651,0.0195312476716936,
,,,-0.992619,0,
,,,-0.992587,0.0195312476716936,
,,,-0.992555,0.0195312476716936,
,,,-0.992523,0,
,,,-0.992491,0,
,,,-0.992459,0.0195312476716936,
,,,-0.992427,0,
,,,-0.992395,0,
,,,-0.992363,0.0195312476716936,
,,,-0.992331,0.0195312476716936,
,,,-0.992299,0,
,,,-0.992267,0.0195312476716936,
,,,-0.992235,0.0195312476716936,
,,,-0.992203,0.0195312476716936,
,,,-0.992171,0,
,,,-0.992139,0.0195312476716936,
,,,-0.992107,0.0195312476716936,
,,,-0.992075,0.0195312476716936,
,,,-0.992043,0.0195312476716936,
,,,-0.992011,0.0195312476716936,
,,,-0.991979,0.0195312476716936,
,,,-0.991947,0,
,,,-0.991915,0.0195312476716936,
,,,-0.991883,0.0195312476716936,
,,,-0.991851,0.0195312476716936,
,,,-0.991819,0.0195312476716936,
,,,-0.991787,0,
,,,-0.991755,0,
,,,-0.991723,0,
,,,-0.991691,0.0585937430150807,
,,,-0.991659,0.0195312476716936,
,,,-0.991627,0.0195312476716936,
,,,-0.991595,0.0195312476716936,
,,,-0.991563,0.0195312476716936,
,,,-0.991531,0.0195312476716936,
,,,-0.991499,0.0195312476716936,
,,,-0.991467,0.0195312476716936,
,,,-0.991435,0,
,,,-0.991403,-0.0214843724388629,
,,,-0.991371,0,
,,,-0.991339,0.0195312476716936,
,,,-0.991307,0,
,,,-0.991275,0.0195312476716936,
,,,-0.991243,0.0195312476716936,
,,,-0.991211,0.0195312476716936,
,,,-0.991179,0,
,,,-0.991147,0.0195312476716936,
,,,-0.991115,-0.0214843724388629,
,,,-0.991083,0,
,,,-0.991051,0.0195312476716936,
,,,-0.991019,0.0195312476716936,
,,,-0.990987,-0.0214843724388629,
,,,-0.990955,0.0195312476716936,
,,,-0.990923,0.0195312476716936,
,,,-0.990891,0.0195312476716936,
,,,-0.990859,0.0195312476716936,
,,,-0.990827,0.0195312476716936,
,,,-0.990795,0.0195312476716936,
,,,-0.990763,0,
,,,-0.990731,0.0195312476716936,
,,,-0.990699,0.0195312476716936,
,,,-0.990667,-0.0410156201105565,
,,,-0.990635,0.0195312476716936,
,,,-0.990603,0.0195312476716936,
,,,-0.990571,0.0195312476716936,
,,,-0.990539,0,
,,,-0.990507,0.0195312476716936,
,,,-0.990475,0.0195312476716936,
,,,-0.990443,0,
,,,-0.990411,0.0195312476716936,
,,,-0.990379,0,
,,,-0.990347,0.0195312476716936,
,,,-0.990315,0.0195312476716936,
,,,-0.990283,-0.0214843724388629,
,,,-0.990251,0.0195312476716936,
,,,-0.990219,0,
,,,-0.990187,0.0195312476716936,
,,,-0.990155,0,
,,,-0.990123,-0.0214843724388629,
,,,-0.990091,0.0195312476716936,
,,,-0.990059,0.0195312476716936,
,,,-0.990027,0.0195312476716936,
,,,-0.989995,0.0195312476716936,
,,,-0.989963,0.0195312476716936,
,,,-0.989931,0.0195312476716936,
,,,-0.989899,0.0195312476716936,
,,,-0.989867,0.0195312476716936,
,,,-0.989835,0,
,,,-0.989803,0,
,,,-0.989771,0.0195312476716936,
,,,-0.989739,0.0195312476716936,
,,,-0.989707,0.0195312476716936,
,,,-0.989675,0.0195312476716936,
,,,-0.989643,0.0195312476716936,
,,,-0.989611,-0.0214843724388629,
,,,-0.989579,0.0195312476716936,
,,,-0.989547,0,
,,,-0.989515,0.0195312476716936,
,,,-0.989483,0,
,,,-0.989451,-0.0214843724388629,
,,,-0.989419,0,
,,,-0.989387,0.0390624953433871,
,,,-0.989355,0,
,,,-0.989323,0.0195312476716936,
,,,-0.989291,0,
,,,-0.989259,0,
,,,-0.989227,0,
,,,-0.989195,0,
,,,-0.989163,0.0195312476716936,
,,,-0.989131,0,
,,,-0.989099,0,
,,,-0.989067,0,
,,,-0.989035,0.0195312476716936,
,,,-0.989003,0,
,,,-0.988971,-0.0214843724388629,
,,,-0.988939,0,
,,,-0.988907,0,
,,,-0.988875,0.0390624953433871,
,,,-0.988843,0,
,,,-0.988811,0,
,,,-0.988779,0.0195312476716936,
,,,-0.988747,0.0195312476716936,
,,,-0.988715,0,
,,,-0.988683,0.0195312476716936,
,,,-0.988651,0,
,,,-0.988619,0,
,,,-0.988587,0,
,,,-0.988555,0,
,,,-0.988523,0,
,,,-0.988491,0,
,,,-0.988459,0,
,,,-0.988427,0,
,,,-0.988395,0.0390624953433871,
,,,-0.988363,0.0195312476716936,
,,,-0.988331,0.0195312476716936,
,,,-0.988299,0.0195312476716936,
,,,-0.988267,0,
,,,-0.988235,0,
,,,-0.988203,0,
,,,-0.988171,0,
,,,-0.988139,0,
,,,-0.988107,0.0195312476716936,
,,,-0.988075,0,
,,,-0.988043,0,
,,,-0.988011,0.0390624953433871,
,,,-0.987979,0,
,,,-0.987947,0,
,,,-0.987915,0.0195312476716936,
,,,-0.987883,0.0390624953433871,
,,,-0.987851,0.0195312476716936,
,,,-0.987819,0.0390624953433871,
,,,-0.987787,0,
,,,-0.987755,0.0195312476716936,
,,,-0.987723,0,
,,,-0.987691,0.0195312476716936,
,,,-0.987659,-0.0214843724388629,
,,,-0.987627,0.0195312476716936,
,,,-0.987595,0.0195312476716936,
,,,-0.987563,0.0195312476716936,
,,,-0.987531,0.0390624953433871,
,,,-0.987499,-0.0214843724388629,
,,,-0.987467,0,
,,,-0.987435,0,
,,,-0.987403,0,
,,,-0.987371,0,
,,,-0.987339,0,
,,,-0.987307,0,
,,,-0.987275,0,
,,,-0.987243,0,
,,,-0.987211,0.0195312476716936,
,,,-0.987179,0,
,,,-0.987147,0.0195312476716936,
,,,-0.987115,0.0195312476716936,
,,,-0.987083,0,
,,,-0.987051,0,
,,,-0.987019,0.0195312476716936,
,,,-0.986987,0.0195312476716936,
,,,-0.986955,0,
,,,-0.986923,0,
,,,-0.986891,0.0195312476716936,
,,,-0.986859,0.0195312476716936,
,,,-0.986827,0.0195312476716936,
,,,-0.986795,0,
,,,-0.986763,0.0195312476716936,
,,,-0.986731,0.0195312476716936,
,,,-0.986699,0.0195312476716936,
,,,-0.986667,0,
,,,-0.986635,0.0195312476716936,
,,,-0.986603,0,
,,,-0.986571,0.0195312476716936,
,,,-0.986539,0,
,,,-0.986507,0.0195312476716936,
,,,-0.986475,0,
,,,-0.986443,0.0195312476716936,
,,,-0.986411,0.0195312476716936,
,,,-0.986379,0,
,,,-0.986347,0.0195312476716936,
,,,-0.986315,0.0195312476716936,
,,,-0.986283,0.0195312476716936,
,,,-0.986251,0.0195312476716936,
,,,-0.986219,0,
,,,-0.986187,0.0390624953433871,
,,,-0.986155,-0.0214843724388629,
,,,-0.986123,0.0195312476716936,
,,,-0.986091,0,
,,,-0.986059,0.0195312476716936,
,,,-0.986027,0.0195312476716936,
,,,-0.985995,0.0195312476716936,
,,,-0.985963,0,
,,,-0.985931,-0.0214843724388629,
,,,-0.985899,0,
,,,-0.985867,0,
,,,-0.985835,0,
,,,-0.985803,0.0195312476716936,
,,,-0.985771,0.0195312476716936,
,,,-0.985739,0,
,,,-0.985707,0.0195312476716936,
,,,-0.985675,0.0195312476716936,
,,,-0.985643,0.0195312476716936,
,,,-0.985611,0.0195312476716936,
,,,-0.985579,0.0195312476716936,
,,,-0.985547,0.0195312476716936,
,,,-0.985515,0.0195312476716936,
,,,-0.985483,0.0195312476716936,
,,,-0.985451,0,
,,,-0.985419,0,
,,,-0.985387,0,
,,,-0.985355,0,
,,,-0.985323,0.0195312476716936,
,,,-0.985291,0,
,,,-0.985259,0,
,,,-0.985227,0,
,,,-0.985195,0,
,,,-0.985163,0.0195312476716936,
,,,-0.985131,0.0195312476716936,
,,,-0.985099,0,
,,,-0.985067,0,
,,,-0.985035,0.0195312476716936,
,,,-0.985003,0,
,,,-0.984971,0,
,,,-0.984939,0,
,,,-0.984907,0.0195312476716936,
,,,-0.984875,0.0195312476716936,
,,,-0.984843,0,
,,,-0.984811,0.0195312476716936,
,,,-0.984779,0,
,,,-0.984747,0,
,,,-0.984715,0.0195312476716936,
,,,-0.984683,0,
,,,-0.984651,0,
,,,-0.984619,0.0195312476716936,
,,,-0.984587,0.0195312476716936,
,,,-0.984555,0.0195312476716936,
,,,-0.984523,0.0195312476716936,
,,,-0.984491,0.0195312476716936,
,,,-0.984459,0.0195312476716936,
,,,-0.984427,0,
,,,-0.984395,0.0195312476716936,
,,,-0.984363,0.0195312476716936,
,,,-0.984331,0.0195312476716936,
,,,-0.984299,0.0195312476716936,
,,,-0.984267,0,
,,,-0.984235,0.0195312476716936,
,,,-0.984203,-0.0214843724388629,
,,,-0.984171,0.0195312476716936,
,,,-0.984139,0.0195312476716936,
,,,-0.984107,0,
,,,-0.984075,0.0195312476716936,
,,,-0.984043,0,
,,,-0.984011,0.0195312476716936,
,,,-0.983979,0.0195312476716936,
,,,-0.983947,0,
,,,-0.983915,0,
,,,-0.983883,0.0195312476716936,
,,,-0.983851,0.0195312476716936,
,,,-0.983819,0,
,,,-0.983787,0.0195312476716936,
,,,-0.983755,0.0195312476716936,
,,,-0.983723,-0.0214843724388629,
,,,-0.983691,0,
,,,-0.983659,0.0195312476716936,
,,,-0.983627,0.0195312476716936,
,,,-0.983595,0.0195312476716936,
,,,-0.983563,0.0195312476716936,
,,,-0.983531,0,
,,,-0.983499,0,
,,,-0.983467,0,
,,,-0.983435,0,
,,,-0.983403,-0.0214843724388629,
,,,-0.983371,0.0195312476716936,
,,,-0.983339,0,
,,,-0.983307,0,
,,,-0.983275,0.0195312476716936,
,,,-0.983243,0,
,,,-0.983211,0,
,,,-0.983179,0.0195312476716936,
,,,-0.983147,0,
,,,-0.983115,0,
,,,-0.983083,0.0195312476716936,
,,,-0.983051,0.0195312476716936,
,,,-0.983019,0,
,,,-0.982987,0.0195312476716936,
,,,-0.982955,0,
,,,-0.982923,0.0195312476716936,
,,,-0.982891,0.0195312476716936,
,,,-0.982859,0.0195312476716936,
,,,-0.982827,0,
,,,-0.982795,0.0195312476716936,
,,,-0.982763,0,
,,,-0.982731,0,
,,,-0.982699,-0.0214843724388629,
,,,-0.982667,0.0195312476716936,
,,,-0.982635,0.0195312476716936,
,,,-0.982603,0.0195312476716936,
,,,-0.982571,0.0195312476716936,
,,,-0.982539,0,
,,,-0.982507,0,
,,,-0.982475,0,
,,,-0.982443,0.0390624953433871,
,,,-0.982411,0,
,,,-0.982379,0.0390624953433871,
,,,-0.982347,-0.0214843724388629,
,,,-0.982315,0,
,,,-0.982283,0,
,,,-0.982251,0.0195312476716936,
,,,-0.982219,0,
,,,-0.982187,0.0195312476716936,
,,,-0.982155,0.0390624953433871,
,,,-0.982123,-0.0214843724388629,
,,,-0.982091,0,
,,,-0.982059,0.0195312476716936,
,,,-0.982027,0.0195312476716936,
,,,-0.981995,0,
,,,-0.981963,0.0195312476716936,
,,,-0.981931,0.0195312476716936,
,,,-0.981899,0,
,,,-0.981867,0,
,,,-0.981835,0,
,,,-0.981803,0.0195312476716936,
,,,-0.981771,0,
,,,-0.981739,0,
,,,-0.981707,0.0195312476716936,
,,,-0.981675,-0.0214843724388629,
,,,-0.981643,0.0195312476716936,
,,,-0.981611,0.0195312476716936,
,,,-0.981579,0.0195312476716936,
,,,-0.981547,0.0195312476716936,
,,,-0.981515,0.0195312476716936,
,,,-0.981483,0.0195312476716936,
,,,-0.981451,0,
,,,-0.981419,0,
,,,-0.981387,0.0195312476716936,
,,,-0.981355,0,
,,,-0.981323,0.0195312476716936,
,,,-0.981291,0,
,,,-0.981259,0.0195312476716936,
,,,-0.981227,0,
,,,-0.981195,0.0195312476716936,
,,,-0.981163,0.0195312476716936,
,,,-0.981131,0,
,,,-0.981099,0,
,,,-0.981067,0.0195312476716936,
,,,-0.981035,0.0195312476716936,
,,,-0.981003,0.0195312476716936,
,,,-0.980971,0,
,,,-0.980939,0,
,,,-0.980907,0.0195312476716936,
,,,-0.980875,0.0195312476716936,
,,,-0.980843,0.0195312476716936,
,,,-0.980811,0.0195312476716936,
,,,-0.980779,0.0195312476716936,
,,,-0.980747,0.0195312476716936,
,,,-0.980715,0.0195312476716936,
,,,-0.980683,0.0195312476716936,
,,,-0.980651,0.0195312476716936,
,,,-0.980619,0,
,,,-0.980587,0.0195312476716936,
,,,-0.980555,0.0195312476716936,
,,,-0.980523,0,
,,,-0.980491,0,
,,,-0.980459,-0.0800781154539436,
,,,-0.980427,0.0195312476716936,
,,,-0.980395,0.0195312476716936,
,,,-0.980363,0.0195312476716936,
,,,-0.980331,0,
,,,-0.980299,0.0195312476716936,
,,,-0.980267,0,
,,,-0.980235,0.0390624953433871,
,,,-0.980203,0,
,,,-0.980171,0,
,,,-0.980139,0.0195312476716936,
,,,-0.980107,0.0195312476716936,
,,,-0.980075,0,
,,,-0.980043,0.0195312476716936,
,,,-0.980011,0.0195312476716936,
,,,-0.979979,0,
,,,-0.979947,0,
,,,-0.979915,0,
,,,-0.979883,0,
,,,-0.979851,-0.0214843724388629,
,,,-0.979819,0.0195312476716936,
,,,-0.979787,0,
,,,-0.979755,0.0195312476716936,
,,,-0.979723,0,
,,,-0.979691,0.0195312476716936,
,,,-0.979659,0,
,,,-0.979627,0,
,,,-0.979595,-0.0214843724388629,
,,,-0.979563,-0.0214843724388629,
,,,-0.979531,0.0195312476716936,
,,,-0.979499,0,
,,,-0.979467,0,
,,,-0.979435,0.0195312476716936,
,,,-0.979403,0.0195312476716936,
,,,-0.979371,0.0195312476716936,
,,,-0.979339,0.0195312476716936,
,,,-0.979307,0,
,,,-0.979275,0,
,,,-0.979243,0,
,,,-0.979211,0.0390624953433871,
,,,-0.979179,0.0195312476716936,
,,,-0.979147,0,
,,,-0.979115,0,
,,,-0.979083,0.0195312476716936,
,,,-0.979051,-0.0214843724388629,
,,,-0.979019,0,
,,,-0.978987,0.0195312476716936,
,,,-0.978955,0,
,,,-0.978923,-0.0214843724388629,
,,,-0.978891,0.0195312476716936,
,,,-0.978859,0,
,,,-0.978827,0.0195312476716936,
,,,-0.978795,0,
,,,-0.978763,0,
,,,-0.978731,0,
,,,-0.978699,0.0195312476716936,
,,,-0.978667,0.0195312476716936,
,,,-0.978635,0,
,,,-0.978603,0,
,,,-0.978571,0,
,,,-0.978539,0,
,,,-0.978507,0.0195312476716936,
,,,-0.978475,0.0195312476716936,
,,,-0.978443,0.0195312476716936,
,,,-0.978411,0.0195312476716936,
,,,-0.978379,-0.0214843724388629,
,,,-0.978347,0.0195312476716936,
,,,-0.978315,0.0195312476716936,
,,,-0.978283,0.0195312476716936,
,,,-0.978251,0.0195312476716936,
,,,-0.978219,0.0195312476716936,
,,,-0.978187,0,
,,,-0.978155,0.0195312476716936,
,,,-0.978123,0,
,,,-0.978091,0,
,,,-0.978059,0,
,,,-0.978027,0,
,,,-0.977995,0.0195312476716936,
,,,-0.977963,0.0195312476716936,
,,,-0.977931,-0.0214843724388629,
,,,-0.977899,0,
,,,-0.977867,0,
,,,-0.977835,0,
,,,-0.977803,0.0195312476716936,
,,,-0.977771,0,
,,,-0.977739,0,
,,,-0.977707,-0.0214843724388629,
,,,-0.977675,0.0195312476716936,
,,,-0.977643,0.0195312476716936,
,,,-0.977611,0,
,,,-0.977579,0,
,,,-0.977547,0.0195312476716936,
,,,-0.977515,0.0195312476716936,
,,,-0.977483,0.0390624953433871,
,,,-0.977451,0.0195312476716936,
,,,-0.977419,0,
,,,-0.977387,0,
,,,-0.977355,0,
,,,-0.977323,0,
,,,-0.977291,0,
,,,-0.977259,0,
,,,-0.977227,0,
,,,-0.977195,0,
,,,-0.977163,0.0195312476716936,
,,,-0.977131,-0.0214843724388629,
,,,-0.977099,-0.0214843724388629,
,,,-0.977067,0.0195312476716936,
,,,-0.977035,0,
,,,-0.977003,0,
,,,-0.976971,0,
,,,-0.976939,0,
,,,-0.976907,0,
,,,-0.976875,0,
,,,-0.976843,0,
,,,-0.976811,-0.0214843724388629,
,,,-0.976779,0,
,,,-0.976747,0,
,,,-0.976715,0,
,,,-0.976683,0.0195312476716936,
,,,-0.976651,0,
,,,-0.976619,0,
,,,-0.976587,0,
,,,-0.976555,0,
,,,-0.976523,0,
,,,-0.976491,0,
,,,-0.976459,0,
,,,-0.976427,0,
,,,-0.976395,0,
,,,-0.976363,0,
,,,-0.976331,0,
,,,-0.976299,0,
,,,-0.976267,0,
,,,-0.976235,0,
,,,-0.976203,0,
,,,-0.976171,0,
,,,-0.976139,0,
,,,-0.976107,0,
,,,-0.976075,0,
,,,-0.976043,0.0195312476716936,
,,,-0.976011,0.0195312476716936,
,,,-0.975979,0.0195312476716936,
,,,-0.975947,0,
,,,-0.975915,0.0195312476716936,
,,,-0.975883,0,
,,,-0.975851,0,
,,,-0.975819,0,
,,,-0.975787,-0.0214843724388629,
,,,-0.975755,0.0195312476716936,
,,,-0.975723,0,
,,,-0.975691,0,
,,,-0.975659,0,
,,,-0.975627,0,
,,,-0.975595,0.0195312476716936,
,,,-0.975563,0,
,,,-0.975531,0,
,,,-0.975499,0,
,,,-0.975467,0,
,,,-0.975435,0,
,,,-0.975403,0.0195312476716936,
,,,-0.975371,0,
,,,-0.975339,0,
,,,-0.975307,0.0195312476716936,
,,,-0.975275,-0.0214843724388629,
,,,-0.975243,0.0195312476716936,
,,,-0.975211,-0.0214843724388629,
,,,-0.975179,0.0390624953433871,
,,,-0.975147,0.0195312476716936,
,,,-0.975115,0,
,,,-0.975083,0,
,,,-0.975051,0.0195312476716936,
,,,-0.975019,0,
,,,-0.974987,0.0195312476716936,
,,,-0.974955,0,
,,,-0.974923,0.0195312476716936,
,,,-0.974891,0,
,,,-0.974859,0,
,,,-0.974827,0,
,,,-0.974795,0.0195312476716936,
,,,-0.974763,0,
,,,-0.974731,0.0195312476716936,
,,,-0.974699,0,
,,,-0.974667,0,
,,,-0.974635,0.0195312476716936,
,,,-0.974603,0,
,,,-0.974571,0.0195312476716936,
,,,-0.974539,0,
,,,-0.974507,0,
,,,-0.974475,0.0195312476716936,
,,,-0.974443,0.0195312476716936,
,,,-0.974411,0,
,,,-0.974379,0.0195312476716936,
,,,-0.974347,0.0195312476716936,
,,,-0.974315,0.0195312476716936,
,,,-0.974283,0.0195312476716936,
,,,-0.974251,0.0195312476716936,
,,,-0.974219,0.0195312476716936,
,,,-0.974187,0,
,,,-0.974155,0,
,,,-0.974123,0.0195312476716936,
,,,-0.974091,0,
,,,-0.974059,0.0195312476716936,
,,,-0.974027,0.0195312476716936,
,,,-0.973995,0.0195312476716936,
,,,-0.973963,0.0195312476716936,
,,,-0.973931,0.0195312476716936,
,,,-0.973899,0.0195312476716936,
,,,-0.973867,0,
,,,-0.973835,0.0195312476716936,
,,,-0.973803,0,
,,,-0.973771,0,
,,,-0.973739,0,
,,,-0.973707,0.0195312476716936,
,,,-0.973675,0,
,,,-0.973643,0,
,,,-0.973611,-0.0214843724388629,
,,,-0.973579,0,
,,,-0.973547,0,
,,,-0.973515,0,
,,,-0.973483,0,
,,,-0.973451,0,
,,,-0.973419,0,
,,,-0.973387,0.0195312476716936,
,,,-0.973355,0,
,,,-0.973323,0.0195312476716936,
,,,-0.973291,0,
,,,-0.973259,0,
,,,-0.973227,0,
,,,-0.973195,0,
,,,-0.973163,0,
,,,-0.973131,0.0195312476716936,
,,,-0.973099,0,
,,,-0.973067,0.0195312476716936,
,,,-0.973035,0,
,,,-0.973003,0,
,,,-0.972971,0.0195312476716936,
,,,-0.972939,0.0195312476716936,
,,,-0.972907,0,
,,,-0.972875,-0.0214843724388629,
,,,-0.972843,0,
,,,-0.972811,0.0195312476716936,
,,,-0.972779,0,
,,,-0.972747,0.0195312476716936,
,,,-0.972715,-0.0214843724388629,
,,,-0.972683,0,
,,,-0.972651,0,
,,,-0.972619,0,
,,,-0.972587,0,
,,,-0.972555,0,
,,,-0.972523,0,
,,,-0.972491,0,
,,,-0.972459,0,
,,,-0.972427,0,
,,,-0.972395,0,
,,,-0.972363,0,
,,,-0.972331,0,
,,,-0.972299,0,
,,,-0.972267,0,
,,,-0.972235,0.0195312476716936,
,,,-0.972203,0.0195312476716936,
,,,-0.972171,0,
,,,-0.972139,0,
,,,-0.972107,0.0195312476716936,
,,,-0.972075,0,
,,,-0.972043,-0.0214843724388629,
,,,-0.972011,0,
,,,-0.971979,0,
,,,-0.971947,0,
,,,-0.971915,0,
,,,-0.971883,0,
,,,-0.971851,0,
,,,-0.971819,0,
,,,-0.971787,-0.0214843724388629,
,,,-0.971755,0,
,,,-0.971723,-0.0214843724388629,
,,,-0.971691,0.0195312476716936,
,,,-0.971659,0.0195312476716936,
,,,-0.971627,0,
,,,-0.971595,0,
,,,-0.971563,0.0195312476716936,
,,,-0.971531,-0.0214843724388629,
,,,-0.971499,0,
,,,-0.971467,0,
,,,-0.971435,0,
,,,-0.971403,-0.0214843724388629,
,,,-0.971371,0.0195312476716936,
,,,-0.971339,0,
,,,-0.971307,0,
,,,-0.971275,0,
,,,-0.971243,0.0195312476716936,
,,,-0.971211,0.0195312476716936,
,,,-0.971179,0.0195312476716936,
,,,-0.971147,0,
,,,-0.971115,0,
,,,-0.971083,0,
,,,-0.971051,0,
,,,-0.971019,0.0195312476716936,
,,,-0.970987,-0.0214843724388629,
,,,-0.970955,0.0195312476716936,
,,,-0.970923,0,
,,,-0.970891,0,
,,,-0.970859,0,
,,,-0.970827,0.0195312476716936,
,,,-0.970795,0,
,,,-0.970763,0,
,,,-0.970731,0.0195312476716936,
,,,-0.970699,0,
,,,-0.970667,0,
,,,-0.970635,0.0195312476716936,
,,,-0.970603,-0.0214843724388629,
,,,-0.970571,0.0195312476716936,
,,,-0.970539,0,
,,,-0.970507,0.0195312476716936,
,,,-0.970475,-0.0214843724388629,
,,,-0.970443,0,
,,,-0.970411,0,
,,,-0.970379,0,
,,,-0.970347,0,
,,,-0.970315,0.0195312476716936,
,,,-0.970283,-0.0214843724388629,
,,,-0.970251,0.0195312476716936,
,,,-0.970219,-0.0214843724388629,
,,,-0.970187,0.0195312476716936,
,,,-0.970155,0,
,,,-0.970123,0.0195312476716936,
,,,-0.970091,0.0195312476716936,
,,,-0.970059,0.0195312476716936,
,,,-0.970027,0,
,,,-0.969995,0,
,,,-0.969963,0.0195312476716936,
,,,-0.969931,-0.0214843724388629,
,,,-0.969899,0.0195312476716936,
,,,-0.969867,0,
,,,-0.969835,0,
,,,-0.969803,-0.0214843724388629,
,,,-0.969771,0,
,,,-0.969739,0.0195312476716936,
,,,-0.969707,0.0195312476716936,
,,,-0.969675,0.0195312476716936,
,,,-0.969643,0,
,,,-0.969611,0.0195312476716936,
,,,-0.969579,0,
,,,-0.969547,0.0195312476716936,
,,,-0.969515,0.0195312476716936,
,,,-0.969483,0,
,,,-0.969451,0,
,,,-0.969419,0,
,,,-0.969387,0.0195312476716936,
,,,-0.969355,0.0195312476716936,
,,,-0.969323,0,
,,,-0.969291,0,
,,,-0.969259,0,
,,,-0.969227,-0.0214843724388629,
,,,-0.969195,0.0195312476716936,
,,,-0.969163,0,
,,,-0.969131,0.0195312476716936,
,,,-0.969099,0.0195312476716936,
,,,-0.969067,0,
,,,-0.969035,0,
,,,-0.969003,0.0195312476716936,
,,,-0.968971,0.0195312476716936,
,,,-0.968939,0,
,,,-0.968907,0,
,,,-0.968875,0,
,,,-0.968843,0.0195312476716936,
,,,-0.968811,0,
,,,-0.968779,0.0195312476716936,
,,,-0.968747,0,
,,,-0.968715,0,
,,,-0.968683,0.0390624953433871,
,,,-0.968651,0.0195312476716936,
,,,-0.968619,-0.0214843724388629,
,,,-0.968587,0,
,,,-0.968555,0.0195312476716936,
,,,-0.968523,0,
,,,-0.968491,0.0195312476716936,
,,,-0.968459,0,
,,,-0.968427,0.0195312476716936,
,,,-0.968395,0.0195312476716936,
,,,-0.968363,0.0195312476716936,
,,,-0.968331,0,
,,,-0.968299,0,
,,,-0.968267,0,
,,,-0.968235,-0.0214843724388629,
,,,-0.968203,0,
,,,-0.968171,0.0195312476716936,
,,,-0.968139,0.0195312476716936,
,,,-0.968107,0,
,,,-0.968075,0.0195312476716936,
,,,-0.968043,0.0195312476716936,
,,,-0.968011,0,
,,,-0.967979,0,
,,,-0.967947,0.0195312476716936,
,,,-0.967915,0,
,,,-0.967883,0.0195312476716936,
,,,-0.967851,0.0195312476716936,
,,,-0.967819,0.0195312476716936,
,,,-0.967787,0,
,,,-0.967755,0,
,,,-0.967723,0.0390624953433871,
,,,-0.967691,0,
,,,-0.967659,0.0195312476716936,
,,,-0.967627,0,
,,,-0.967595,0,
,,,-0.967563,0.0195312476716936,
,,,-0.967531,0.0195312476716936,
,,,-0.967499,0.0195312476716936,
,,,-0.967467,0.0195312476716936,
,,,-0.967435,0,
,,,-0.967403,0,
,,,-0.967371,0.0195312476716936,
,,,-0.967339,0,
,,,-0.967307,-0.0214843724388629,
,,,-0.967275,0.0195312476716936,
,,,-0.967243,0.0195312476716936,
,,,-0.967211,0.0195312476716936,
,,,-0.967179,0,
,,,-0.967147,0.0195312476716936,
,,,-0.967115,0,
,,,-0.967083,0,
,,,-0.967051,-0.0214843724388629,
,,,-0.967019,0.0195312476716936,
,,,-0.966987,0,
,,,-0.966955,0.0195312476716936,
,,,-0.966923,0,
,,,-0.966891,0,
,,,-0.966859,-0.0214843724388629,
,,,-0.966827,0.0195312476716936,
,,,-0.966795,-0.0214843724388629,
,,,-0.966763,-0.0214843724388629,
,,,-0.966731,0.0195312476716936,
,,,-0.966699,0.0195312476716936,
,,,-0.966667,-0.0214843724388629,
,,,-0.966635,0.0390624953433871,
,,,-0.966603,0.0195312476716936,
,,,-0.966571,0,
,,,-0.966539,0,
,,,-0.966507,0,
,,,-0.966475,0,
,,,-0.966443,0.0195312476716936,
,,,-0.966411,0,
,,,-0.966379,0.0195312476716936,
,,,-0.966347,0,
,,,-0.966315,-0.0410156201105565,
,,,-0.966283,0,
,,,-0.966251,0.0195312476716936,
,,,-0.966219,0,
,,,-0.966187,0.0390624953433871,
,,,-0.966155,0.0195312476716936,
,,,-0.966123,0,
,,,-0.966091,0.0195312476716936,
,,,-0.966059,0,
,,,-0.966027,-0.0214843724388629,
,,,-0.965995,0.0195312476716936,
,,,-0.965963,0,
,,,-0.965931,0.0195312476716936,
,,,-0.965899,0.0195312476716936,
,,,-0.965867,0.0195312476716936,
,,,-0.965835,0,
,,,-0.965803,0,
,,,-0.965771,0,
,,,-0.965739,-0.0410156201105565,
,,,-0.965707,0.0195312476716936,
,,,-0.965675,0,
,,,-0.965643,0,
,,,-0.965611,0,
,,,-0.965579,0.0195312476716936,
,,,-0.965547,0.0195312476716936,
,,,-0.965515,0,
,,,-0.965483,0.0195312476716936,
,,,-0.965451,0,
,,,-0.965419,0,
,,,-0.965387,0.0195312476716936,
,,,-0.965355,0,
,,,-0.965323,0.0390624953433871,
,,,-0.965291,0.0195312476716936,
,,,-0.965259,-0.0214843724388629,
,,,-0.965227,0,
,,,-0.965195,0.0195312476716936,
,,,-0.965163,0.0195312476716936,
,,,-0.965131,0,
,,,-0.965099,0,
,,,-0.965067,0.0195312476716936,
,,,-0.965035,0,
,,,-0.965003,0.0195312476716936,
,,,-0.964971,-0.0214843724388629,
,,,-0.964939,0,
,,,-0.964907,-0.0214843724388629,
,,,-0.964875,0,
,,,-0.964843,0.0195312476716936,
,,,-0.964811,0.0195312476716936,
,,,-0.964779,0.0195312476716936,
,,,-0.964747,0.0195312476716936,
,,,-0.964715,0.0195312476716936,
,,,-0.964683,0.0195312476716936,
,,,-0.964651,0,
,,,-0.964619,0.0195312476716936,
,,,-0.964587,0,
,,,-0.964555,0.0195312476716936,
,,,-0.964523,0,
,,,-0.964491,0,
,,,-0.964459,0.0195312476716936,
,,,-0.964427,0.0195312476716936,
,,,-0.964395,0,
,,,-0.964363,0.0390624953433871,
,,,-0.964331,0.0195312476716936,
,,,-0.964299,0,
,,,-0.964267,0.0195312476716936,
,,,-0.964235,0.0195312476716936,
,,,-0.964203,0,
,,,-0.964171,0,
,,,-0.964139,0.0195312476716936,
,,,-0.964107,0,
,,,-0.964075,0.0195312476716936,
,,,-0.964043,0,
,,,-0.964011,0,
,,,-0.963979,0,
,,,-0.963947,0,
,,,-0.963915,0.0195312476716936,
,,,-0.963883,0,
,,,-0.963851,0,
,,,-0.963819,0.0195312476716936,
,,,-0.963787,0,
,,,-0.963755,-0.0214843724388629,
,,,-0.963723,0.0195312476716936,
,,,-0.963691,0,
,,,-0.963659,0.0195312476716936,
,,,-0.963627,-0.0410156201105565,
,,,-0.963595,0.0195312476716936,
,,,-0.963563,-0.0214843724388629,
,,,-0.963531,0.0195312476716936,
,,,-0.963499,0.0195312476716936,
,,,-0.963467,0,
,,,-0.963435,0,
,,,-0.963403,0.0195312476716936,
,,,-0.963371,0.0195312476716936,
,,,-0.963339,0.0195312476716936,
,,,-0.963307,0.0195312476716936,
,,,-0.963275,0,
,,,-0.963243,0,
,,,-0.963211,0.0195312476716936,
,,,-0.963179,0.0390624953433871,
,,,-0.963147,0,
,,,-0.963115,-0.0214843724388629,
,,,-0.963083,0,
,,,-0.963051,0.0195312476716936,
,,,-0.963019,0.0195312476716936,
,,,-0.962987,0,
,,,-0.962955,0,
,,,-0.962923,0,
,,,-0.962891,0.0195312476716936,
,,,-0.962859,-0.0214843724388629,
,,,-0.962827,0.0195312476716936,
,,,-0.962795,0,
,,,-0.962763,0,
,,,-0.962731,0,
,,,-0.962699,0.0195312476716936,
,,,-0.962667,0.0195312476716936,
,,,-0.962635,0.0195312476716936,
,,,-0.962603,0,
,,,-0.962571,0.0195312476716936,
,,,-0.962539,0.0195312476716936,
,,,-0.962507,0,
,,,-0.962475,0,
,,,-0.962443,0,
,,,-0.962411,0.0195312476716936,
,,,-0.962379,0.0195312476716936,
,,,-0.962347,0.0195312476716936,
,,,-0.962315,0.0195312476716936,
,,,-0.962283,0,
,,,-0.962251,0.0195312476716936,
,,,-0.962219,0,
,,,-0.962187,0,
,,,-0.962155,0,
,,,-0.962123,0,
,,,-0.962091,-0.0214843724388629,
,,,-0.962059,0,
,,,-0.962027,0,
,,,-0.961995,0,
,,,-0.961963,-0.0214843724388629,
,,,-0.961931,0,
,,,-0.961899,0.0195312476716936,
,,,-0.961867,0,
,,,-0.961835,0,
,,,-0.961803,0,
,,,-0.961771,0,
,,,-0.961739,0,
,,,-0.961707,0,
,,,-0.961675,0,
,,,-0.961643,0,
,,,-0.961611,0,
,,,-0.961579,0,
,,,-0.961547,0.0195312476716936,
,,,-0.961515,0.0195312476716936,
,,,-0.961483,0.0195312476716936,
,,,-0.961451,0,
,,,-0.961419,0,
,,,-0.961387,0.0195312476716936,
,,,-0.961355,0,
,,,-0.961323,0,
,,,-0.961291,0,
,,,-0.961259,0,
,,,-0.961227,0.0195312476716936,
,,,-0.961195,0,
,,,-0.961163,0,
,,,-0.961131,0,
,,,-0.961099,0,
,,,-0.961067,0,
,,,-0.961035,0,
,,,-0.961003,0,
,,,-0.960971,0.0195312476716936,
,,,-0.960939,0,
,,,-0.960907,0,
,,,-0.960875,0.0195312476716936,
,,,-0.960843,-0.0214843724388629,
,,,-0.960811,0,
,,,-0.960779,-0.0214843724388629,
,,,-0.960747,0,
,,,-0.960715,0,
,,,-0.960683,0,
,,,-0.960651,-0.0214843724388629,
,,,-0.960619,0.0195312476716936,
,,,-0.960587,0,
,,,-0.960555,0,
,,,-0.960523,0,
,,,-0.960491,0,
,,,-0.960459,0,
,,,-0.960427,0,
,,,-0.960395,0,
,,,-0.960363,0,
,,,-0.960331,0,
,,,-0.960299,0,
,,,-0.960267,0,
,,,-0.960235,-0.0214843724388629,
,,,-0.960203,-0.0214843724388629,
,,,-0.960171,0.0195312476716936,
,,,-0.960139,0,
,,,-0.960107,0.0195312476716936,
,,,-0.960075,0,
,,,-0.960043,0,
,,,-0.960011,0,
,,,-0.959979,0.0195312476716936,
,,,-0.959947,0,
,,,-0.959915,0,
,,,-0.959883,0,
,,,-0.959851,0,
,,,-0.959819,0,
,,,-0.959787,0,
,,,-0.959755,0.0195312476716936,
,,,-0.959723,0.0195312476716936,
,,,-0.959691,0,
,,,-0.959659,0,
,,,-0.959627,0,
,,,-0.959595,0,
,,,-0.959563,0,
,,,-0.959531,0,
,,,-0.959499,0.0195312476716936,
,,,-0.959467,0.0195312476716936,
,,,-0.959435,0,
,,,-0.959403,0.0195312476716936,
,,,-0.959371,0,
,,,-0.959339,0,
,,,-0.959307,0,
,,,-0.959275,0.0390624953433871,
,,,-0.959243,0,
,,,-0.959211,0.0195312476716936,
,,,-0.959179,0.0195312476716936,
,,,-0.959147,0,
,,,-0.959115,0,
,,,-0.959083,0,
,,,-0.959051,0,
,,,-0.959019,0,
,,,-0.958987,0.0195312476716936,
,,,-0.958955,0.0195312476716936,
,,,-0.958923,0.0195312476716936,
,,,-0.958891,0,
,,,-0.958859,0.0195312476716936,
,,,-0.958827,0.0195312476716936,
,,,-0.958795,0.0195312476716936,
,,,-0.958763,0,
,,,-0.958731,0.0195312476716936,
,,,-0.958699,0,
,,,-0.958667,0,
,,,-0.958635,0,
,,,-0.958603,0,
,,,-0.958571,0.0195312476716936,
,,,-0.958539,0,
,,,-0.958507,0.0195312476716936,
,,,-0.958475,0.0390624953433871,
,,,-0.958443,0.0195312476716936,
,,,-0.958411,0,
,,,-0.958379,0,
,,,-0.958347,0,
,,,-0.958315,0.0195312476716936,
,,,-0.958283,0,
,,,-0.958251,0.0195312476716936,
,,,-0.958219,0.0195312476716936,
,,,-0.958187,0,
,,,-0.958155,0.0195312476716936,
,,,-0.958123,0,
,,,-0.958091,0,
,,,-0.958059,0,
,,,-0.958027,0.0195312476716936,
,,,-0.957995,0,
,,,-0.957963,0,
,,,-0.957931,-0.0214843724388629,
,,,-0.957899,0,
,,,-0.957867,0,
,,,-0.957835,0.0195312476716936,
,,,-0.957803,0.0195312476716936,
,,,-0.957771,0,
,,,-0.957739,0.0195312476716936,
,,,-0.957707,0.0195312476716936,
,,,-0.957675,0,
,,,-0.957643,0.0195312476716936,
,,,-0.957611,0.0195312476716936,
,,,-0.957579,0,
,,,-0.957547,0.0195312476716936,
,,,-0.957515,0.0195312476716936,
,,,-0.957483,0.0195312476716936,
,,,-0.957451,0,
,,,-0.957419,0.0195312476716936,
,,,-0.957387,0.0195312476716936,
,,,-0.957355,0.0195312476716936,
,,,-0.957323,0,
,,,-0.957291,0,
,,,-0.957259,0,
,,,-0.957227,0.0195312476716936,
,,,-0.957195,0,
,,,-0.957163,-0.0214843724388629,
,,,-0.957131,0,
,,,-0.957099,-0.0214843724388629,
,,,-0.957067,0,
,,,-0.957035,0.0195312476716936,
,,,-0.957003,0,
,,,-0.956971,0,
,,,-0.956939,0.0195312476716936,
,,,-0.956907,0.0195312476716936,
,,,-0.956875,0,
,,,-0.956843,0.0195312476716936,
,,,-0.956811,-0.0214843724388629,
,,,-0.956779,0.0195312476716936,
,,,-0.956747,0.0390624953433871,
,,,-0.956715,0.0195312476716936,
,,,-0.956683,0.0195312476716936,
,,,-0.956651,0.0195312476716936,
,,,-0.956619,0,
,,,-0.956587,0.0195312476716936,
,,,-0.956555,0,
,,,-0.956523,0,
,,,-0.956491,0,
,,,-0.956459,0.0195312476716936,
,,,-0.956427,-0.0214843724388629,
,,,-0.956395,0,
,,,-0.956363,0.0195312476716936,
,,,-0.956331,0,
,,,-0.956299,0.0195312476716936,
,,,-0.956267,0.0195312476716936,
,,,-0.956235,0,
,,,-0.956203,0.0195312476716936,
,,,-0.956171,0.0195312476716936,
,,,-0.956139,0.0195312476716936,
,,,-0.956107,0,
,,,-0.956075,0.0195312476716936,
,,,-0.956043,0,
,,,-0.956011,0.0195312476716936,
,,,-0.955979,0,
,,,-0.955947,0.0195312476716936,
,,,-0.955915,0.0195312476716936,
,,,-0.955883,0,
,,,-0.955851,0,
,,,-0.955819,0,
,,,-0.955787,0,
,,,-0.955755,0,
,,,-0.955723,0.0195312476716936,
,,,-0.955691,0,
,,,-0.955659,0,
,,,-0.955627,0.0390624953433871,
,,,-0.955595,0,
,,,-0.955563,0,
,,,-0.955531,0,
,,,-0.955499,0,
,,,-0.955467,-0.0214843724388629,
,,,-0.955435,0.0195312476716936,
,,,-0.955403,0,
,,,-0.955371,0.0195312476716936,
,,,-0.955339,0,
,,,-0.955307,0,
,,,-0.955275,0,
,,,-0.955243,0,
,,,-0.955211,0,
,,,-0.955179,0,
,,,-0.955147,0,
,,,-0.955115,0,
,,,-0.955083,0,
,,,-0.955051,0.0195312476716936,
,,,-0.955019,0,
,,,-0.954987,0.0195312476716936,
,,,-0.954955,0,
,,,-0.954923,0,
,,,-0.954891,0,
,,,-0.954859,-0.0214843724388629,
,,,-0.954827,0.0195312476716936,
,,,-0.954795,0,
,,,-0.954763,0,
,,,-0.954731,0.0195312476716936,
,,,-0.954699,0.0195312476716936,
,,,-0.954667,-0.0214843724388629,
,,,-0.954635,0,
,,,-0.954603,0,
,,,-0.954571,0,
,,,-0.954539,0.0195312476716936,
,,,-0.954507,0.0195312476716936,
,,,-0.954475,0,
,,,-0.954443,0,
,,,-0.954411,0,
,,,-0.954379,0.0195312476716936,
,,,-0.954347,0.0195312476716936,
,,,-0.954315,0,
,,,-0.954283,0.0195312476716936,
,,,-0.954251,0,
,,,-0.954219,0,
,,,-0.954187,0.0195312476716936,
,,,-0.954155,0,
,,,-0.954123,-0.0214843724388629,
,,,-0.954091,0,
,,,-0.954059,0.0195312476716936,
,,,-0.954027,-0.0214843724388629,
,,,-0.953995,0.0195312476716936,
,,,-0.953963,-0.0214843724388629,
,,,-0.953931,0,
,,,-0.953899,0,
,,,-0.953867,0,
,,,-0.953835,0,
,,,-0.953803,0,
,,,-0.953771,0,
,,,-0.953739,0.0195312476716936,
,,,-0.953707,0.0195312476716936,
,,,-0.953675,0,
,,,-0.953643,0.0195312476716936,
,,,-0.953611,0,
,,,-0.953579,0,
,,,-0.953547,0.0195312476716936,
,,,-0.953515,0,
,,,-0.953483,-0.0214843724388629,
,,,-0.953451,-0.0214843724388629,
,,,-0.953419,0.0195312476716936,
,,,-0.953387,0,
,,,-0.953355,0.0195312476716936,
,,,-0.953323,0.0195312476716936,
,,,-0.953291,0.0195312476716936,
,,,-0.953259,-0.0214843724388629,
,,,-0.953227,0.0195312476716936,
,,,-0.953195,0.0195312476716936,
,,,-0.953163,0,
,,,-0.953131,0.0195312476716936,
,,,-0.953099,0.0195312476716936,
,,,-0.953067,0,
,,,-0.953035,0.0195312476716936,
,,,-0.953003,0,
,,,-0.952971,0.0390624953433871,
,,,-0.952939,0.0195312476716936,
,,,-0.952907,0.0195312476716936,
,,,-0.952875,0.0195312476716936,
,,,-0.952843,0,
,,,-0.952811,0.0195312476716936,
,,,-0.952779,0.0195312476716936,
,,,-0.952747,0,
,,,-0.952715,0.0195312476716936,
,,,-0.952683,0,
,,,-0.952651,0.0195312476716936,
,,,-0.952619,0.0195312476716936,
,,,-0.952587,0.0390624953433871,
,,,-0.952555,0,
,,,-0.952523,0.0195312476716936,
,,,-0.952491,0,
,,,-0.952459,0,
,,,-0.952427,0.0195312476716936,
,,,-0.952395,0.0195312476716936,
,,,-0.952363,0,
,,,-0.952331,0.0195312476716936,
,,,-0.952299,0.0195312476716936,
,,,-0.952267,0.0195312476716936,
,,,-0.952235,0.0195312476716936,
,,,-0.952203,0.0195312476716936,
,,,-0.952171,0.0195312476716936,
,,,-0.952139,0,
,,,-0.952107,0,
,,,-0.952075,0,
,,,-0.952043,0.0195312476716936,
,,,-0.952011,0,
,,,-0.951979,0.0195312476716936,
,,,-0.951947,0.0195312476716936,
,,,-0.951915,0,
,,,-0.951883,0.0195312476716936,
,,,-0.951851,0.0195312476716936,
,,,-0.951819,0,
,,,-0.951787,0,
,,,-0.951755,0.0195312476716936,
,,,-0.951723,0.0195312476716936,
,,,-0.951691,0,
,,,-0.951659,0,
,,,-0.951627,0,
,,,-0.951595,0.0195312476716936,
,,,-0.951563,0,
,,,-0.951531,0.0195312476716936,
,,,-0.951499,0.0195312476716936,
,,,-0.951467,0,
,,,-0.951435,0,
,,,-0.951403,0,
,,,-0.951371,0,
,,,-0.951339,0,
,,,-0.951307,-0.0214843724388629,
,,,-0.951275,0.0195312476716936,
,,,-0.951243,0.0195312476716936,
,,,-0.951211,-0.0214843724388629,
,,,-0.951179,0,
,,,-0.951147,0,
,,,-0.951115,0.0195312476716936,
,,,-0.951083,0,
,,,-0.951051,-0.0214843724388629,
,,,-0.951019,0,
,,,-0.950987,0.0195312476716936,
,,,-0.950955,0,
,,,-0.950923,0,
,,,-0.950891,0,
,,,-0.950859,0.0195312476716936,
,,,-0.950827,0.0195312476716936,
,,,-0.950795,0.0195312476716936,
,,,-0.950763,0,
,,,-0.950731,0,
,,,-0.950699,0.0195312476716936,
,,,-0.950667,0,
,,,-0.950635,0.0195312476716936,
,,,-0.950603,0.0195312476716936,
,,,-0.950571,0.0195312476716936,
,,,-0.950539,0.0195312476716936,
,,,-0.950507,0,
,,,-0.950475,0.0195312476716936,
,,,-0.950443,0,
,,,-0.950411,0,
,,,-0.950379,0.0195312476716936,
,,,-0.950347,0.0195312476716936,
,,,-0.950315,0,
,,,-0.950283,0,
,,,-0.950251,0.0195312476716936,
,,,-0.950219,0.0195312476716936,
,,,-0.950187,0.0195312476716936,
,,,-0.950155,0,
,,,-0.950123,0.0195312476716936,
,,,-0.950091,0.0195312476716936,
,,,-0.950059,0,
,,,-0.950027,0.0195312476716936,
,,,-0.949995,0.0195312476716936,
,,,-0.949963,0.0195312476716936,
,,,-0.949931,0,
,,,-0.949899,0.0195312476716936,
,,,-0.949867,0.0195312476716936,
,,,-0.949835,0,
,,,-0.949803,0,
,,,-0.949771,0.0195312476716936,
,,,-0.949739,0,
,,,-0.949707,0.0195312476716936,
,,,-0.949675,0.0195312476716936,
,,,-0.949643,0.0195312476716936,
,,,-0.949611,0.0195312476716936,
,,,-0.949579,0.0195312476716936,
,,,-0.949547,0.0195312476716936,
,,,-0.949515,0.0195312476716936,
,,,-0.949483,0,
,,,-0.949451,0.0195312476716936,
,,,-0.949419,0.0195312476716936,
,,,-0.949387,0.0390624953433871,
,,,-0.949355,0.0195312476716936,
,,,-0.949323,0.0195312476716936,
,,,-0.949291,0,
,,,-0.949259,0.0195312476716936,
,,,-0.949227,0.0195312476716936,
,,,-0.949195,0,
,,,-0.949163,0,
,,,-0.949131,0,
,,,-0.949099,0.0195312476716936,
,,,-0.949067,0.0195312476716936,
,,,-0.949035,0.0195312476716936,
,,,-0.949003,0,
,,,-0.948971,-0.0214843724388629,
,,,-0.948939,0.0195312476716936,
,,,-0.948907,0.0585937430150807,
,,,-0.948875,0.0195312476716936,
,,,-0.948843,0.0195312476716936,
,,,-0.948811,-0.0214843724388629,
,,,-0.948779,0.0195312476716936,
,,,-0.948747,0,
,,,-0.948715,0,
,,,-0.948683,0.0195312476716936,
,,,-0.948651,0,
,,,-0.948619,0,
,,,-0.948587,0.0195312476716936,
,,,-0.948555,0.0195312476716936,
,,,-0.948523,0.0195312476716936,
,,,-0.948491,-0.0214843724388629,
,,,-0.948459,-0.0214843724388629,
,,,-0.948427,0.0195312476716936,
,,,-0.948395,0,
,,,-0.948363,0,
,,,-0.948331,0.0195312476716936,
,,,-0.948299,0,
,,,-0.948267,0,
,,,-0.948235,0,
,,,-0.948203,0.0195312476716936,
,,,-0.948171,0.0195312476716936,
,,,-0.948139,0.0195312476716936,
,,,-0.948107,-0.0214843724388629,
,,,-0.948075,0,
,,,-0.948043,0,
,,,-0.948011,0,
,,,-0.947979,0.0195312476716936,
,,,-0.947947,0.0195312476716936,
,,,-0.947915,0,
,,,-0.947883,0,
,,,-0.947851,0.0195312476716936,
,,,-0.947819,0.0195312476716936,
,,,-0.947787,0,
,,,-0.947755,0.0195312476716936,
,,,-0.947723,0.0195312476716936,
,,,-0.947691,0.0195312476716936,
,,,-0.947659,0.0195312476716936,
,,,-0.947627,0.0195312476716936,
,,,-0.947595,0.0195312476716936,
,,,-0.947563,0,
,,,-0.947531,-0.0214843724388629,
,,,-0.947499,-0.0410156201105565,
,,,-0.947467,0,
,,,-0.947435,0.0195312476716936,
,,,-0.947403,0.0195312476716936,
,,,-0.947371,0,
,,,-0.947339,0,
,,,-0.947307,0.0195312476716936,
,,,-0.947275,0.0585937430150807,
,,,-0.947243,0.0195312476716936,
,,,-0.947211,0.0390624953433871,
,,,-0.947179,0.0195312476716936,
,,,-0.947147,0.0195312476716936,
,,,-0.947115,0,
,,,-0.947083,0.0195312476716936,
,,,-0.947051,0,
,,,-0.947019,0.0195312476716936,
,,,-0.946987,0,
,,,-0.946955,0.0195312476716936,
,,,-0.946923,0,
,,,-0.946891,0.0195312476716936,
,,,-0.946859,0,
,,,-0.946827,0.0195312476716936,
,,,-0.946795,0.0195312476716936,
,,,-0.946763,0,
,,,-0.946731,0.0195312476716936,
,,,-0.946699,0.0195312476716936,
,,,-0.946667,0.0390624953433871,
,,,-0.946635,0.0195312476716936,
,,,-0.946603,0.0390624953433871,
,,,-0.946571,0.0195312476716936,
,,,-0.946539,-0.0214843724388629,
,,,-0.946507,0,
,,,-0.946475,0.0195312476716936,
,,,-0.946443,0,
,,,-0.946411,0.0195312476716936,
,,,-0.946379,0.0195312476716936,
,,,-0.946347,0.0195312476716936,
,,,-0.946315,-0.0214843724388629,
,,,-0.946283,0.0195312476716936,
,,,-0.946251,0,
,,,-0.946219,0,
,,,-0.946187,-0.0214843724388629,
,,,-0.946155,0.0195312476716936,
,,,-0.946123,0,
,,,-0.946091,0,
,,,-0.946059,0,
,,,-0.946027,0.0195312476716936,
,,,-0.945995,0,
,,,-0.945963,0,
,,,-0.945931,0,
,,,-0.945899,0.0195312476716936,
,,,-0.945867,0,
,,,-0.945835,0,
,,,-0.945803,0.0195312476716936,
,,,-0.945771,0.0195312476716936,
,,,-0.945739,0,
,,,-0.945707,0,
,,,-0.945675,0,
,,,-0.945643,0,
,,,-0.945611,0.0195312476716936,
,,,-0.945579,0,
,,,-0.945547,0.0195312476716936,
,,,-0.945515,0.0195312476716936,
,,,-0.945483,0.0195312476716936,
,,,-0.945451,0.0195312476716936,
,,,-0.945419,-0.0214843724388629,
,,,-0.945387,0,
,,,-0.945355,0,
,,,-0.945323,0.0195312476716936,
,,,-0.945291,-0.0214843724388629,
,,,-0.945259,0,
,,,-0.945227,0,
,,,-0.945195,0,
,,,-0.945163,0,
,,,-0.945131,0,
,,,-0.945099,0.0195312476716936,
,,,-0.945067,0,
,,,-0.945035,-0.0214843724388629,
,,,-0.945003,-0.0214843724388629,
,,,-0.944971,0,
,,,-0.944939,-0.0214843724388629,
,,,-0.944907,0,
,,,-0.944875,0,
,,,-0.944843,0,
,,,-0.944811,0,
,,,-0.944779,0.0195312476716936,
,,,-0.944747,0,
,,,-0.944715,0,
,,,-0.944683,0,
,,,-0.944651,0,
,,,-0.944619,0.0195312476716936,
,,,-0.944587,0.0390624953433871,
,,,-0.944555,-0.0214843724388629,
,,,-0.944523,0.0195312476716936,
,,,-0.944491,0.0195312476716936,
,,,-0.944459,0,
,,,-0.944427,0,
,,,-0.944395,0,
,,,-0.944363,0,
,,,-0.944331,0,
,,,-0.944299,0,
,,,-0.944267,0.0195312476716936,
,,,-0.944235,0.0195312476716936,
,,,-0.944203,0,
,,,-0.944171,0,
,,,-0.944139,0,
,,,-0.944107,0,
,,,-0.944075,0.0195312476716936,
,,,-0.944043,0,
,,,-0.944011,0.0195312476716936,
,,,-0.943979,0.0195312476716936,
,,,-0.943947,0,
,,,-0.943915,0,
,,,-0.943883,0,
,,,-0.943851,0,
,,,-0.943819,0,
,,,-0.943787,0,
,,,-0.943755,0,
,,,-0.943723,0,
,,,-0.943691,0,
,,,-0.943659,0.0195312476716936,
,,,-0.943627,0,
,,,-0.943595,0,
,,,-0.943563,0,
,,,-0.943531,0,
,,,-0.943499,0,
,,,-0.943467,0.0195312476716936,
,,,-0.943435,0,
,,,-0.943403,0.0195312476716936,
,,,-0.943371,0,
,,,-0.943339,0,
,,,-0.943307,-0.0214843724388629,
,,,-0.943275,0,
,,,-0.943243,0,
,,,-0.943211,0.0195312476716936,
,,,-0.943179,0,
,,,-0.943147,0,
,,,-0.943115,0,
,,,-0.943083,0,
,,,-0.943051,0.0195312476716936,
,,,-0.943019,0.0195312476716936,
,,,-0.942987,0,
,,,-0.942955,0,
,,,-0.942923,0.0195312476716936,
,,,-0.942891,0.0195312476716936,
,,,-0.942859,0.0195312476716936,
,,,-0.942827,0,
,,,-0.942795,0,
,,,-0.942763,0.0195312476716936,
,,,-0.942731,0,
,,,-0.942699,0.0195312476716936,
,,,-0.942667,0.0195312476716936,
,,,-0.942635,0,
,,,-0.942603,0,
,,,-0.942571,0.0390624953433871,
,,,-0.942539,0.0195312476716936,
,,,-0.942507,0.0195312476716936,
,,,-0.942475,0.0195312476716936,
,,,-0.942443,0.0195312476716936,
,,,-0.942411,0,
,,,-0.942379,0.0195312476716936,
,,,-0.942347,0.0195312476716936,
,,,-0.942315,0,
,,,-0.942283,0,
,,,-0.942251,0.0195312476716936,
,,,-0.942219,0,
,,,-0.942187,0.0195312476716936,
,,,-0.942155,0.0195312476716936,
,,,-0.942123,0,
,,,-0.942091,0,
,,,-0.942059,0.0195312476716936,
,,,-0.942027,0.0390624953433871,
,,,-0.941995,0.0195312476716936,
,,,-0.941963,0.0195312476716936,
,,,-0.941931,0.0195312476716936,
,,,-0.941899,0.0195312476716936,
,,,-0.941867,0.0195312476716936,
,,,-0.941835,0.0195312476716936,
,,,-0.941803,0,
,,,-0.941771,-0.0214843724388629,
,,,-0.941739,0.0195312476716936,
,,,-0.941707,0.0195312476716936,
,,,-0.941675,0,
,,,-0.941643,0,
,,,-0.941611,-0.0214843724388629,
,,,-0.941579,0.0195312476716936,
,,,-0.941547,-0.0214843724388629,
,,,-0.941515,0.0195312476716936,
,,,-0.941483,0.0390624953433871,
,,,-0.941451,0.0195312476716936,
,,,-0.941419,0,
,,,-0.941387,0.0195312476716936,
,,,-0.941355,0,
,,,-0.941323,0.0195312476716936,
,,,-0.941291,0,
,,,-0.941259,0,
,,,-0.941227,0.0195312476716936,
,,,-0.941195,0.0195312476716936,
,,,-0.941163,0.0195312476716936,
,,,-0.941131,0.0195312476716936,
,,,-0.941099,0.0195312476716936,
,,,-0.941067,0.0195312476716936,
,,,-0.941035,0.0195312476716936,
,,,-0.941003,0.0195312476716936,
,,,-0.940971,0.0195312476716936,
,,,-0.940939,0,
,,,-0.940907,0.0195312476716936,
,,,-0.940875,0.0195312476716936,
,,,-0.940843,0.0195312476716936,
,,,-0.940811,0.0195312476716936,
,,,-0.940779,0.0195312476716936,
,,,-0.940747,0,
,,,-0.940715,0,
,,,-0.940683,0.0195312476716936,
,,,-0.940651,0.0195312476716936,
,,,-0.940619,0,
,,,-0.940587,0.0390624953433871,
,,,-0.940555,-0.0214843724388629,
,,,-0.940523,0.0195312476716936,
,,,-0.940491,0,
,,,-0.940459,0.0195312476716936,
,,,-0.940427,0.0195312476716936,
,,,-0.940395,0.0390624953433871,
,,,-0.940363,-0.0214843724388629,
,,,-0.940331,0.0195312476716936,
,,,-0.940299,0.0195312476716936,
,,,-0.940267,0.0390624953433871,
,,,-0.940235,0.0195312476716936,
,,,-0.940203,0.0390624953433871,
,,,-0.940171,0.0195312476716936,
,,,-0.940139,0,
,,,-0.940107,0.0195312476716936,
,,,-0.940075,0,
,,,-0.940043,0,
,,,-0.940011,0.0195312476716936,
,,,-0.939979,0.0195312476716936,
,,,-0.939947,0.0390624953433871,
,,,-0.939915,0.0195312476716936,
,,,-0.939883,0.0195312476716936,
,,,-0.939851,0.0390624953433871,
,,,-0.939819,0.0195312476716936,
,,,-0.939787,0.0195312476716936,
,,,-0.939755,0.0195312476716936,
,,,-0.939723,0.0195312476716936,
,,,-0.939691,0.0195312476716936,
,,,-0.939659,0.0195312476716936,
,,,-0.939627,0.0195312476716936,
,,,-0.939595,0.0195312476716936,
,,,-0.939563,0,
,,,-0.939531,0.0195312476716936,
,,,-0.939499,0.0195312476716936,
,,,-0.939467,0.0195312476716936,
,,,-0.939435,0.0195312476716936,
,,,-0.939403,0,
,,,-0.939371,0,
,,,-0.939339,0.0390624953433871,
,,,-0.939307,0.0195312476716936,
,,,-0.939275,0.0195312476716936,
,,,-0.939243,0.0195312476716936,
,,,-0.939211,0.0195312476716936,
,,,-0.939179,0.0195312476716936,
,,,-0.939147,0,
,,,-0.939115,0,
,,,-0.939083,0,
,,,-0.939051,0,
,,,-0.939019,0,
,,,-0.938987,-0.0214843724388629,
,,,-0.938955,0.0195312476716936,
,,,-0.938923,0.0585937430150807,
,,,-0.938891,0,
,,,-0.938859,0,
,,,-0.938827,0.0195312476716936,
,,,-0.938795,0.0195312476716936,
,,,-0.938763,0.0195312476716936,
,,,-0.938731,0.0195312476716936,
,,,-0.938699,0,
,,,-0.938667,0,
,,,-0.938635,0.0195312476716936,
,,,-0.938603,0,
,,,-0.938571,0,
,,,-0.938539,0,
,,,-0.938507,0.0195312476716936,
,,,-0.938475,0,
,,,-0.938443,0,
,,,-0.938411,0,
,,,-0.938379,0.0195312476716936,
,,,-0.938347,0.0195312476716936,
,,,-0.938315,0.0195312476716936,
,,,-0.938283,0.0195312476716936,
,,,-0.938251,0,
,,,-0.938219,0,
,,,-0.938187,0.0195312476716936,
,,,-0.938155,0,
,,,-0.938123,0,
,,,-0.938091,0,
,,,-0.938059,0,
,,,-0.938027,0,
,,,-0.937995,0,
,,,-0.937963,0,
,,,-0.937931,0.0195312476716936,
,,,-0.937899,0.0195312476716936,
,,,-0.937867,0.0195312476716936,
,,,-0.937835,0,
,,,-0.937803,0,
,,,-0.937771,0,
,,,-0.937739,0.0195312476716936,
,,,-0.937707,0.0195312476716936,
,,,-0.937675,0,
,,,-0.937643,0.0195312476716936,
,,,-0.937611,0,
,,,-0.937579,0.0195312476716936,
,,,-0.937547,0.0195312476716936,
,,,-0.937515,0,
,,,-0.937483,0,
,,,-0.937451,0,
,,,-0.937419,0,
,,,-0.937387,0,
,,,-0.937355,0,
,,,-0.937323,0,
,,,-0.937291,0.0195312476716936,
,,,-0.937259,0.0195312476716936,
,,,-0.937227,0,
,,,-0.937195,0,
,,,-0.937163,-0.0214843724388629,
,,,-0.937131,-0.0214843724388629,
,,,-0.937099,0.0195312476716936,
,,,-0.937067,0,
,,,-0.937035,0.0195312476716936,
,,,-0.937003,0,
,,,-0.936971,0,
,,,-0.936939,0,
,,,-0.936907,0.0195312476716936,
,,,-0.936875,0,
,,,-0.936843,0.0195312476716936,
,,,-0.936811,0.0195312476716936,
,,,-0.936779,0.0195312476716936,
,,,-0.936747,0.0195312476716936,
,,,-0.936715,0.0195312476716936,
,,,-0.936683,0,
,,,-0.936651,0,
,,,-0.936619,0,
,,,-0.936587,0,
,,,-0.936555,0.0195312476716936,
,,,-0.936523,0.0195312476716936,
,,,-0.936491,0.0195312476716936,
,,,-0.936459,0.0195312476716936,
,,,-0.936427,0,
,,,-0.936395,0,
,,,-0.936363,0,
,,,-0.936331,0,
,,,-0.936299,0,
,,,-0.936267,0.0195312476716936,
,,,-0.936235,0.0195312476716936,
,,,-0.936203,0.0195312476716936,
,,,-0.936171,-0.0214843724388629,
,,,-0.936139,0.0195312476716936,
,,,-0.936107,0.0195312476716936,
,,,-0.936075,0,
,,,-0.936043,0,
,,,-0.936011,0.0195312476716936,
,,,-0.935979,0.0195312476716936,
,,,-0.935947,0.0195312476716936,
,,,-0.935915,0.0195312476716936,
,,,-0.935883,0.0195312476716936,
,,,-0.935851,0,
,,,-0.935819,0.0195312476716936,
,,,-0.935787,-0.0214843724388629,
,,,-0.935755,0.0195312476716936,
,,,-0.935723,0.0195312476716936,
,,,-0.935691,0,
,,,-0.935659,0.0195312476716936,
,,,-0.935627,0.0195312476716936,
,,,-0.935595,0.0195312476716936,
,,,-0.935563,0,
,,,-0.935531,0.0195312476716936,
,,,-0.935499,0,
,,,-0.935467,0.0195312476716936,
,,,-0.935435,0.0195312476716936,
,,,-0.935403,0,
,,,-0.935371,0,
,,,-0.935339,0.0195312476716936,
,,,-0.935307,0.0195312476716936,
,,,-0.935275,0.0195312476716936,
,,,-0.935243,0,
,,,-0.935211,0.0195312476716936,
,,,-0.935179,0,
,,,-0.935147,0.0195312476716936,
,,,-0.935115,0.0195312476716936,
,,,-0.935083,0.0195312476716936,
,,,-0.935051,0,
,,,-0.935019,0.0195312476716936,
,,,-0.934987,0,
,,,-0.934955,0,
,,,-0.934923,-0.0214843724388629,
,,,-0.934891,0.0195312476716936,
,,,-0.934859,0.0195312476716936,
,,,-0.934827,0,
,,,-0.934795,0.0195312476716936,
,,,-0.934763,0,
,,,-0.934731,0,
,,,-0.934699,0.0195312476716936,
,,,-0.934667,0,
,,,-0.934635,0.0195312476716936,
,,,-0.934603,0,
,,,-0.934571,0.0195312476716936,
,,,-0.934539,0.0195312476716936,
,,,-0.934507,0,
,,,-0.934475,0.0195312476716936,
,,,-0.934443,0.0195312476716936,
,,,-0.934411,0,
,,,-0.934379,0.0195312476716936,
,,,-0.934347,0.0195312476716936,
,,,-0.934315,0.0195312476716936,
,,,-0.934283,0.0195312476716936,
,,,-0.934251,0.0195312476716936,
,,,-0.934219,0.0195312476716936,
,,,-0.934187,0.0195312476716936,
,,,-0.934155,0.0195312476716936,
,,,-0.934123,0,
,,,-0.934091,0.0195312476716936,
,,,-0.934059,0.0195312476716936,
,,,-0.934027,0.0195312476716936,
,,,-0.933995,-0.0214843724388629,
,,,-0.933963,0.0195312476716936,
,,,-0.933931,0.0195312476716936,
,,,-0.933899,0,
,,,-0.933867,0,
,,,-0.933835,0.0195312476716936,
,,,-0.933803,0.0195312476716936,
,,,-0.933771,0,
,,,-0.933739,0.0195312476716936,
,,,-0.933707,0.0195312476716936,
,,,-0.933675,0.0195312476716936,
,,,-0.933643,0,
,,,-0.933611,0,
,,,-0.933579,0.0195312476716936,
,,,-0.933547,0,
,,,-0.933515,0.0195312476716936,
,,,-0.933483,0.0195312476716936,
,,,-0.933451,0,
,,,-0.933419,0.0195312476716936,
,,,-0.933387,0.0195312476716936,
,,,-0.933355,-0.0410156201105565,
,,,-0.933323,0,
,,,-0.933291,0,
,,,-0.933259,0.0195312476716936,
,,,-0.933227,0.0195312476716936,
,,,-0.933195,0.0195312476716936,
,,,-0.933163,0.0390624953433871,
,,,-0.933131,0.0195312476716936,
,,,-0.933099,0,
,,,-0.933067,0.0390624953433871,
,,,-0.933035,0,
,,,-0.933003,0.0195312476716936,
,,,-0.932971,0.0195312476716936,
,,,-0.932939,0,
,,,-0.932907,0,
,,,-0.932875,0.0195312476716936,
,,,-0.932843,0.0195312476716936,
,,,-0.932811,0.0195312476716936,
,,,-0.932779,0.0195312476716936,
,,,-0.932747,0.0195312476716936,
,,,-0.932715,0.0195312476716936,
,,,-0.932683,0,
,,,-0.932651,0.0195312476716936,
,,,-0.932619,0.0195312476716936,
,,,-0.932587,0.0195312476716936,
,,,-0.932555,0.0195312476716936,
,,,-0.932523,0.0195312476716936,
,,,-0.932491,0,
,,,-0.932459,0,
,,,-0.932427,0.0195312476716936,
,,,-0.932395,0.0195312476716936,
,,,-0.932363,0.0195312476716936,
,,,-0.932331,0,
,,,-0.932299,0.0195312476716936,
,,,-0.932267,0.0195312476716936,
,,,-0.932235,-0.0214843724388629,
,,,-0.932203,0.0390624953433871,
,,,-0.932171,0,
,,,-0.932139,0.0195312476716936,
,,,-0.932107,0,
,,,-0.932075,0,
,,,-0.932043,0,
,,,-0.932011,0,
,,,-0.931979,-0.0214843724388629,
,,,-0.931947,0.0195312476716936,
,,,-0.931915,-0.0214843724388629,
,,,-0.931883,0,
,,,-0.931851,0.0195312476716936,
,,,-0.931819,-0.0214843724388629,
,,,-0.931787,0.0195312476716936,
,,,-0.931755,0.0195312476716936,
,,,-0.931723,0.0195312476716936,
,,,-0.931691,0,
,,,-0.931659,0.0195312476716936,
,,,-0.931627,0.0195312476716936,
,,,-0.931595,0.0195312476716936,
,,,-0.931563,0.0195312476716936,
,,,-0.931531,-0.0214843724388629,
,,,-0.931499,0.0195312476716936,
,,,-0.931467,-0.06054686778225,
,,,-0.931435,0,
,,,-0.931403,0.0195312476716936,
,,,-0.931371,0.0195312476716936,
,,,-0.931339,0.0195312476716936,
,,,-0.931307,0,
,,,-0.931275,0,
,,,-0.931243,0.0195312476716936,
,,,-0.931211,0.0195312476716936,
,,,-0.931179,0.0195312476716936,
,,,-0.931147,0.0195312476716936,
,,,-0.931115,0.0195312476716936,
,,,-0.931083,0.0195312476716936,
,,,-0.931051,0,
,,,-0.931019,0.0195312476716936,
,,,-0.930987,0.0195312476716936,
,,,-0.930955,0.0195312476716936,
,,,-0.930923,0,
,,,-0.930891,0,
,,,-0.930859,-0.0214843724388629,
,,,-0.930827,0,
,,,-0.930795,0,
,,,-0.930763,0.0195312476716936,
,,,-0.930731,0.0195312476716936,
,,,-0.930699,0.0195312476716936,
,,,-0.930667,0,
,,,-0.930635,-0.0214843724388629,
,,,-0.930603,0,
,,,-0.930571,0,
,,,-0.930539,-0.0214843724388629,
,,,-0.930507,0.0195312476716936,
,,,-0.930475,0,
,,,-0.930443,0.0195312476716936,
,,,-0.930411,0.0195312476716936,
,,,-0.930379,0,
,,,-0.930347,0,
,,,-0.930315,0,
,,,-0.930283,-0.0410156201105565,
,,,-0.930251,-0.0214843724388629,
,,,-0.930219,0,
,,,-0.930187,-0.0214843724388629,
,,,-0.930155,0.0195312476716936,
,,,-0.930123,0.0195312476716936,
,,,-0.930091,-0.0214843724388629,
,,,-0.930059,0.0195312476716936,
,,,-0.930027,0.0195312476716936,
,,,-0.929995,0.0195312476716936,
,,,-0.929963,0,
,,,-0.929931,0,
,,,-0.929899,0,
,,,-0.929867,0.0195312476716936,
,,,-0.929835,0.0195312476716936,
,,,-0.929803,0.0195312476716936,
,,,-0.929771,0,
,,,-0.929739,-0.0410156201105565,
,,,-0.929707,0.0390624953433871,
,,,-0.929675,0.0195312476716936,
,,,-0.929643,0,
,,,-0.929611,0,
,,,-0.929579,0.0195312476716936,
,,,-0.929547,0.0195312476716936,
,,,-0.929515,0,
,,,-0.929483,0,
,,,-0.929451,0.0195312476716936,
,,,-0.929419,0,
,,,-0.929387,0.0195312476716936,
,,,-0.929355,0,
,,,-0.929323,0.0195312476716936,
,,,-0.929291,0,
,,,-0.929259,0,
,,,-0.929227,0.0195312476716936,
,,,-0.929195,0,
,,,-0.929163,0.0195312476716936,
,,,-0.929131,0.0195312476716936,
,,,-0.929099,0.0195312476716936,
,,,-0.929067,-0.0214843724388629,
,,,-0.929035,-0.0214843724388629,
,,,-0.929003,0,
,,,-0.928971,0.0195312476716936,
,,,-0.928939,0,
,,,-0.928907,0.0195312476716936,
,,,-0.928875,0.0195312476716936,
,,,-0.928843,0.0390624953433871,
,,,-0.928811,0,
,,,-0.928779,0.0195312476716936,
,,,-0.928747,0.0195312476716936,
,,,-0.928715,0.0195312476716936,
,,,-0.928683,0.0195312476716936,
,,,-0.928651,0,
,,,-0.928619,0,
,,,-0.928587,0.0195312476716936,
,,,-0.928555,0.0195312476716936,
,,,-0.928523,0,
,,,-0.928491,0,
,,,-0.928459,0.0195312476716936,
,,,-0.928427,0,
,,,-0.928395,0,
,,,-0.928363,-0.0214843724388629,
,,,-0.928331,-0.0214843724388629,
,,,-0.928299,0.0195312476716936,
,,,-0.928267,0,
,,,-0.928235,0.0195312476716936,
,,,-0.928203,0,
,,,-0.928171,0.0195312476716936,
,,,-0.928139,0.0195312476716936,
,,,-0.928107,0.0195312476716936,
,,,-0.928075,0.0390624953433871,
,,,-0.928043,0,
,,,-0.928011,0.0195312476716936,
,,,-0.927979,0,
,,,-0.927947,0,
,,,-0.927915,0,
,,,-0.927883,0,
,,,-0.927851,0,
,,,-0.927819,0,
,,,-0.927787,0,
,,,-0.927755,0,
,,,-0.927723,0,
,,,-0.927691,0.0195312476716936,
,,,-0.927659,0,
,,,-0.927627,0.0195312476716936,
,,,-0.927595,-0.0214843724388629,
,,,-0.927563,0,
,,,-0.927531,0,
,,,-0.927499,0,
,,,-0.927467,0,
,,,-0.927435,0,
,,,-0.927403,0,
,,,-0.927371,0.0195312476716936,
,,,-0.927339,0,
,,,-0.927307,0,
,,,-0.927275,0,
,,,-0.927243,0.0195312476716936,
,,,-0.927211,-0.0214843724388629,
,,,-0.927179,0,
,,,-0.927147,0.0390624953433871,
,,,-0.927115,0,
,,,-0.927083,0,
,,,-0.927051,0,
,,,-0.927019,0,
,,,-0.926987,0.0195312476716936,
,,,-0.926955,0,
,,,-0.926923,0.0390624953433871,
,,,-0.926891,0,
,,,-0.926859,0,
,,,-0.926827,0.0195312476716936,
,,,-0.926795,0,
,,,-0.926763,0.0195312476716936,
,,,-0.926731,0.0195312476716936,
,,,-0.926699,0,
,,,-0.926667,0,
,,,-0.926635,0.0195312476716936,
,,,-0.926603,0,
,,,-0.926571,0,
,,,-0.926539,0,
,,,-0.926507,0,
,,,-0.926475,0,
,,,-0.926443,0.0195312476716936,
,,,-0.926411,0,
,,,-0.926379,0.0195312476716936,
,,,-0.926347,0,
,,,-0.926315,0,
,,,-0.926283,0,
,,,-0.926251,0.0195312476716936,
,,,-0.926219,0,
,,,-0.926187,0,
,,,-0.926155,0,
,,,-0.926123,0.0195312476716936,
,,,-0.926091,0,
,,,-0.926059,0,
,,,-0.926027,0,
,,,-0.925995,0.0195312476716936,
,,,-0.925963,0,
,,,-0.925931,0.0195312476716936,
,,,-0.925899,0,
,,,-0.925867,0.0195312476716936,
,,,-0.925835,0,
,,,-0.925803,0.0195312476716936,
,,,-0.925771,0.0390624953433871,
,,,-0.925739,0,
,,,-0.925707,0,
,,,-0.925675,0,
,,,-0.925643,0.0195312476716936,
,,,-0.925611,0.0195312476716936,
,,,-0.925579,0.0195312476716936,
,,,-0.925547,0,
,,,-0.925515,0.0195312476716936,
,,,-0.925483,0.0195312476716936,
,,,-0.925451,0,
,,,-0.925419,0,
,,,-0.925387,0.0195312476716936,
,,,-0.925355,0.0195312476716936,
,,,-0.925323,0,
,,,-0.925291,0.0195312476716936,
,,,-0.925259,0.0195312476716936,
,,,-0.925227,0.0195312476716936,
,,,-0.925195,0.0195312476716936,
,,,-0.925163,0,
,,,-0.925131,0,
,,,-0.925099,0,
,,,-0.925067,0.0195312476716936,
,,,-0.925035,0.0195312476716936,
,,,-0.925003,0,
,,,-0.924971,0.0195312476716936,
,,,-0.924939,0,
,,,-0.924907,0,
,,,-0.924875,0.0195312476716936,
,,,-0.924843,0.0195312476716936,
,,,-0.924811,0.0585937430150807,
,,,-0.924779,0,
,,,-0.924747,0,
,,,-0.924715,0,
,,,-0.924683,0.0195312476716936,
,,,-0.924651,0,
,,,-0.924619,0,
,,,-0.924587,0.0195312476716936,
,,,-0.924555,0.0195312476716936,
,,,-0.924523,0.0195312476716936,
,,,-0.924491,0.0195312476716936,
,,,-0.924459,-0.0214843724388629,
,,,-0.924427,0.0195312476716936,
,,,-0.924395,0,
,,,-0.924363,0.0195312476716936,
,,,-0.924331,0,
,,,-0.924299,-0.0214843724388629,
,,,-0.924267,0.0390624953433871,
,,,-0.924235,0.0195312476716936,
,,,-0.924203,0.0585937430150807,
,,,-0.924171,0.0195312476716936,
,,,-0.924139,0.0195312476716936,
,,,-0.924107,-0.0214843724388629,
,,,-0.924075,0.0195312476716936,
,,,-0.924043,0,
,,,-0.924011,0,
,,,-0.923979,0,
,,,-0.923947,0.0195312476716936,
,,,-0.923915,0.0195312476716936,
,,,-0.923883,-0.0410156201105565,
,,,-0.923851,0,
,,,-0.923819,0.0195312476716936,
,,,-0.923787,0.0195312476716936,
,,,-0.923755,0,
,,,-0.923723,0.0195312476716936,
,,,-0.923691,-0.0214843724388629,
,,,-0.923659,0,
,,,-0.923627,0.0195312476716936,
,,,-0.923595,0,
,,,-0.923563,0,
,,,-0.923531,0,
,,,-0.923499,0.0195312476716936,
,,,-0.923467,0.0195312476716936,
,,,-0.923435,0.0195312476716936,
,,,-0.923403,0,
,,,-0.923371,0.0195312476716936,
,,,-0.923339,0,
,,,-0.923307,0.0195312476716936,
,,,-0.923275,0.0195312476716936,
,,,-0.923243,0,
,,,-0.923211,0.0195312476716936,
,,,-0.923179,0,
,,,-0.923147,0,
,,,-0.923115,0.0390624953433871,
,,,-0.923083,0.0195312476716936,
,,,-0.923051,0.0195312476716936,
,,,-0.923019,0,
,,,-0.922987,0,
,,,-0.922955,0.0195312476716936,
,,,-0.922923,0.0195312476716936,
,,,-0.922891,0,
,,,-0.922859,0,
,,,-0.922827,0.0195312476716936,
,,,-0.922795,0,
,,,-0.922763,0,
,,,-0.922731,0.0195312476716936,
,,,-0.922699,0,
,,,-0.922667,-0.0214843724388629,
,,,-0.922635,0,
,,,-0.922603,0.0195312476716936,
,,,-0.922571,-0.0214843724388629,
,,,-0.922539,0.0195312476716936,
,,,-0.922507,0.0195312476716936,
,,,-0.922475,0.0195312476716936,
,,,-0.922443,0.0195312476716936,
,,,-0.922411,0.0390624953433871,
,,,-0.922379,0,
,,,-0.922347,0.0195312476716936,
,,,-0.922315,0.0195312476716936,
,,,-0.922283,0,
,,,-0.922251,0.0390624953433871,
,,,-0.922219,0.0195312476716936,
,,,-0.922187,0,
,,,-0.922155,0,
,,,-0.922123,0,
,,,-0.922091,0,
,,,-0.922059,0.0195312476716936,
,,,-0.922027,0.0195312476716936,
,,,-0.921995,-0.0410156201105565,
,,,-0.921963,0.0195312476716936,
,,,-0.921931,0,
,,,-0.921899,0,
,,,-0.921867,0,
,,,-0.921835,0,
,,,-0.921803,0,
,,,-0.921771,0.0585937430150807,
,,,-0.921739,-0.0410156201105565,
,,,-0.921707,0,
,,,-0.921675,0,
,,,-0.921643,0,
,,,-0.921611,0,
,,,-0.921579,0,
,,,-0.921547,0.0195312476716936,
,,,-0.921515,0.0195312476716936,
,,,-0.921483,0.0195312476716936,
,,,-0.921451,0,
,,,-0.921419,0,
,,,-0.921387,-0.0214843724388629,
,,,-0.921355,-0.0214843724388629,
,,,-0.921323,0,
,,,-0.921291,0,
,,,-0.921259,0,
,,,-0.921227,0,
,,,-0.921195,0,
,,,-0.921163,-0.0214843724388629,
,,,-0.921131,-0.0214843724388629,
,,,-0.921099,0.0390624953433871,
,,,-0.921067,0.0195312476716936,
,,,-0.921035,0,
,,,-0.921003,0,
,,,-0.920971,-0.06054686778225,
,,,-0.920939,-0.0214843724388629,
,,,-0.920907,0.0195312476716936,
,,,-0.920875,0,
,,,-0.920843,0,
,,,-0.920811,0,
,,,-0.920779,0,
,,,-0.920747,0,
,,,-0.920715,0,
,,,-0.920683,0,
,,,-0.920651,-0.0214843724388629,
,,,-0.920619,0,
,,,-0.920587,0,
,,,-0.920555,0.0195312476716936,
,,,-0.920523,0.0195312476716936,
,,,-0.920491,0,
,,,-0.920459,0,
,,,-0.920427,0,
,,,-0.920395,0,
,,,-0.920363,0,
,,,-0.920331,0,
,,,-0.920299,0.0390624953433871,
,,,-0.920267,0.0195312476716936,
,,,-0.920235,0.0195312476716936,
,,,-0.920203,-0.0214843724388629,
,,,-0.920171,0,
,,,-0.920139,-0.0214843724388629,
,,,-0.920107,0.0195312476716936,
,,,-0.920075,0.0195312476716936,
,,,-0.920043,0.0195312476716936,
,,,-0.920011,0,
,,,-0.919979,0,
,,,-0.919947,0.0195312476716936,
,,,-0.919915,0.0195312476716936,
,,,-0.919883,0.0195312476716936,
,,,-0.919851,0.0195312476716936,
,,,-0.919819,0.0195312476716936,
,,,-0.919787,0.0195312476716936,
,,,-0.919755,-0.0214843724388629,
,,,-0.919723,0.0195312476716936,
,,,-0.919691,0,
,,,-0.919659,-0.0214843724388629,
,,,-0.919627,0,
,,,-0.919595,0,
,,,-0.919563,0.0195312476716936,
,,,-0.919531,0.0195312476716936,
,,,-0.919499,0.0195312476716936,
,,,-0.919467,0,
,,,-0.919435,0,
,,,-0.919403,0,
,,,-0.919371,0.0195312476716936,
,,,-0.919339,0.0195312476716936,
,,,-0.919307,0.0195312476716936,
,,,-0.919275,0,
,,,-0.919243,0,
,,,-0.919211,0.0195312476716936,
,,,-0.919179,0.0195312476716936,
,,,-0.919147,0.0195312476716936,
,,,-0.919115,0.0195312476716936,
,,,-0.919083,0,
,,,-0.919051,0.0195312476716936,
,,,-0.919019,0.0390624953433871,
,,,-0.918987,0,
,,,-0.918955,0,
,,,-0.918923,0,
,,,-0.918891,0.0195312476716936,
,,,-0.918859,0.0195312476716936,
,,,-0.918827,0.0195312476716936,
,,,-0.918795,0.0195312476716936,
,,,-0.918763,0,
,,,-0.918731,0.0195312476716936,
,,,-0.918699,0.0195312476716936,
,,,-0.918667,0.0195312476716936,
,,,-0.918635,0,
,,,-0.918603,0,
,,,-0.918571,0.0195312476716936,
,,,-0.918539,0.0195312476716936,
,,,-0.918507,0.0195312476716936,
,,,-0.918475,0,
,,,-0.918443,0.0195312476716936,
,,,-0.918411,0,
,,,-0.918379,0.0195312476716936,
,,,-0.918347,0,
,,,-0.918315,0.0195312476716936,
,,,-0.918283,0.0195312476716936,
,,,-0.918251,0,
,,,-0.918219,0.0195312476716936,
,,,-0.918187,0,
,,,-0.918155,0.0195312476716936,
,,,-0.918123,0,
,,,-0.918091,0,
,,,-0.918059,0,
,,,-0.918027,0,
,,,-0.917995,0,
,,,-0.917963,0,
,,,-0.917931,0.0195312476716936,
,,,-0.917899,0,
,,,-0.917867,0,
,,,-0.917835,0.0195312476716936,
,,,-0.917803,0,
,,,-0.917771,0,
,,,-0.917739,0,
,,,-0.917707,-0.0214843724388629,
,,,-0.917675,0.0195312476716936,
,,,-0.917643,0.0195312476716936,
,,,-0.917611,0,
,,,-0.917579,0,
,,,-0.917547,0.0195312476716936,
,,,-0.917515,0.0195312476716936,
,,,-0.917483,0.0195312476716936,
,,,-0.917451,0.0195312476716936,
,,,-0.917419,0.0195312476716936,
,,,-0.917387,0.0195312476716936,
,,,-0.917355,0,
,,,-0.917323,0.0195312476716936,
,,,-0.917291,0.0195312476716936,
,,,-0.917259,0,
,,,-0.917227,0.0195312476716936,
,,,-0.917195,0,
,,,-0.917163,0,
,,,-0.917131,0.0195312476716936,
,,,-0.917099,0.0195312476716936,
,,,-0.917067,0,
,,,-0.917035,0.0195312476716936,
,,,-0.917003,0,
,,,-0.916971,0,
,,,-0.916939,-0.0214843724388629,
,,,-0.916907,0,
,,,-0.916875,0.0195312476716936,
,,,-0.916843,0,
,,,-0.916811,0,
,,,-0.916779,0.0195312476716936,
,,,-0.916747,0.0195312476716936,
,,,-0.916715,0.0195312476716936,
,,,-0.916683,0,
,,,-0.916651,0,
,,,-0.916619,0,
,,,-0.916587,0,
,,,-0.916555,0,
,,,-0.916523,0.0195312476716936,
,,,-0.916491,0,
,,,-0.916459,0,
,,,-0.916427,0,
,,,-0.916395,0.0195312476716936,
,,,-0.916363,0.0195312476716936,
,,,-0.916331,0.0195312476716936,
,,,-0.916299,0.0195312476716936,
,,,-0.916267,0.0195312476716936,
,,,-0.916235,0.0195312476716936,
,,,-0.916203,0,
,,,-0.916171,0,
,,,-0.916139,0.0195312476716936,
,,,-0.916107,0,
,,,-0.916075,0.0195312476716936,
,,,-0.916043,0.0195312476716936,
,,,-0.916011,0.0195312476716936,
,,,-0.915979,0.0585937430150807,
,,,-0.915947,0,
,,,-0.915915,0.0195312476716936,
,,,-0.915883,0.0195312476716936,
,,,-0.915851,0.0195312476716936,
,,,-0.915819,0,
,,,-0.915787,0,
,,,-0.915755,0,
,,,-0.915723,0,
,,,-0.915691,0,
,,,-0.915659,0.0195312476716936,
,,,-0.915627,0,
,,,-0.915595,0,
,,,-0.915563,0.0195312476716936,
,,,-0.915531,-0.0800781154539436,
,,,-0.915499,0,
,,,-0.915467,0.0585937430150807,
,,,-0.915435,0.0195312476716936,
,,,-0.915403,-0.0214843724388629,
,,,-0.915371,0.0195312476716936,
,,,-0.915339,0,
,,,-0.915307,0,
,,,-0.915275,0.0195312476716936,
,,,-0.915243,0,
,,,-0.915211,0.0195312476716936,
,,,-0.915179,0,
,,,-0.915147,0.0195312476716936,
,,,-0.915115,0,
,,,-0.915083,0.0195312476716936,
,,,-0.915051,0,
,,,-0.915019,0,
,,,-0.914987,0.0195312476716936,
,,,-0.914955,0.0195312476716936,
,,,-0.914923,0.0195312476716936,
,,,-0.914891,0.0195312476716936,
,,,-0.914859,0.0195312476716936,
,,,-0.914827,0,
,,,-0.914795,0.0195312476716936,
,,,-0.914763,0,
,,,-0.914731,0.0195312476716936,
,,,-0.914699,0,
,,,-0.914667,-0.0214843724388629,
,,,-0.914635,0.0195312476716936,
,,,-0.914603,0,
,,,-0.914571,0.0390624953433871,
,,,-0.914539,-0.0214843724388629,
,,,-0.914507,0,
,,,-0.914475,0,
,,,-0.914443,-0.0214843724388629,
,,,-0.914411,0.0195312476716936,
,,,-0.914379,0.0195312476716936,
,,,-0.914347,0.0195312476716936,
,,,-0.914315,0.0195312476716936,
,,,-0.914283,0,
,,,-0.914251,0.0195312476716936,
,,,-0.914219,0.0195312476716936,
,,,-0.914187,0.0195312476716936,
,,,-0.914155,0,
,,,-0.914123,0,
,,,-0.914091,0.0195312476716936,
,,,-0.914059,0,
,,,-0.914027,0,
,,,-0.913995,0.0195312476716936,
,,,-0.913963,0,
,,,-0.913931,0,
,,,-0.913899,0.0195312476716936,
,,,-0.913867,0,
,,,-0.913835,-0.0214843724388629,
,,,-0.913803,0.0195312476716936,
,,,-0.913771,-0.0214843724388629,
,,,-0.913739,0.0195312476716936,
,,,-0.913707,0.0195312476716936,
,,,-0.913675,0.0195312476716936,
,,,-0.913643,0.0390624953433871,
,,,-0.913611,0,
,,,-0.913579,0,
,,,-0.913547,0.0195312476716936,
,,,-0.913515,-0.0410156201105565,
,,,-0.913483,0.0195312476716936,
,,,-0.913451,0.0195312476716936,
,,,-0.913419,0.0195312476716936,
,,,-0.913387,0,
,,,-0.913355,0.0195312476716936,
,,,-0.913323,0.0195312476716936,
,,,-0.913291,0,
,,,-0.913259,0,
,,,-0.913227,0.0195312476716936,
,,,-0.913195,0.0195312476716936,
,,,-0.913163,0.0195312476716936,
,,,-0.913131,0,
,,,-0.913099,0.0195312476716936,
,,,-0.913067,0,
,,,-0.913035,0,
,,,-0.913003,0,
,,,-0.912971,-0.0214843724388629,
,,,-0.912939,0.0195312476716936,
,,,-0.912907,0.0195312476716936,
,,,-0.912875,0,
,,,-0.912843,0,
,,,-0.912811,-0.0214843724388629,
,,,-0.912779,0.0195312476716936,
,,,-0.912747,0.0195312476716936,
,,,-0.912715,0.0195312476716936,
,,,-0.912683,0,
,,,-0.912651,0.0195312476716936,
,,,-0.912619,0.0195312476716936,
,,,-0.912587,0.0195312476716936,
,,,-0.912555,0,
,,,-0.912523,0,
,,,-0.912491,-0.0214843724388629,
,,,-0.912459,0.0195312476716936,
,,,-0.912427,0,
,,,-0.912395,0,
,,,-0.912363,0.0195312476716936,
,,,-0.912331,0.0195312476716936,
,,,-0.912299,0,
,,,-0.912267,0.0195312476716936,
,,,-0.912235,-0.0214843724388629,
,,,-0.912203,0,
,,,-0.912171,0.0195312476716936,
,,,-0.912139,0.0195312476716936,
,,,-0.912107,0,
,,,-0.912075,0,
,,,-0.912043,0,
,,,-0.912011,-0.0214843724388629,
,,,-0.911979,0,
,,,-0.911947,0,
,,,-0.911915,0.0195312476716936,
,,,-0.911883,0,
,,,-0.911851,0.0195312476716936,
,,,-0.911819,0,
,,,-0.911787,0,
,,,-0.911755,0,
,,,-0.911723,0.0195312476716936,
,,,-0.911691,0,
,,,-0.911659,0,
,,,-0.911627,0.0195312476716936,
,,,-0.911595,0,
,,,-0.911563,0,
,,,-0.911531,0.0195312476716936,
,,,-0.911499,0,
,,,-0.911467,0.0195312476716936,
,,,-0.911435,0,
,,,-0.911403,0.0195312476716936,
,,,-0.911371,0.0195312476716936,
,,,-0.911339,0.0195312476716936,
,,,-0.911307,0,
,,,-0.911275,0,
,,,-0.911243,-0.0214843724388629,
,,,-0.911211,0,
,,,-0.911179,0.0195312476716936,
,,,-0.911147,0.0195312476716936,
,,,-0.911115,0.0195312476716936,
,,,-0.911083,0.0195312476716936,
,,,-0.911051,0,
,,,-0.911019,0.0195312476716936,
,,,-0.910987,0.0195312476716936,
,,,-0.910955,0,
,,,-0.910923,0.0195312476716936,
,,,-0.910891,0,
,,,-0.910859,0,
,,,-0.910827,0,
,,,-0.910795,-0.0214843724388629,
,,,-0.910763,0,
,,,-0.910731,0.0195312476716936,
,,,-0.910699,0.0195312476716936,
,,,-0.910667,0,
,,,-0.910635,-0.0214843724388629,
,,,-0.910603,0.0195312476716936,
,,,-0.910571,0,
,,,-0.910539,0,
,,,-0.910507,0,
,,,-0.910475,0,
,,,-0.910443,0,
,,,-0.910411,0.0195312476716936,
,,,-0.910379,0,
,,,-0.910347,0,
,,,-0.910315,0,
,,,-0.910283,0,
,,,-0.910251,0,
,,,-0.910219,0.0195312476716936,
,,,-0.910187,0,
,,,-0.910155,0,
,,,-0.910123,0.0195312476716936,
,,,-0.910091,0.0195312476716936,
,,,-0.910059,0,
,,,-0.910027,0,
,,,-0.909995,0,
,,,-0.909963,-0.0214843724388629,
,,,-0.909931,0.0195312476716936,
,,,-0.909899,0,
,,,-0.909867,0,
,,,-0.909835,0,
,,,-0.909803,0.0195312476716936,
,,,-0.909771,0,
,,,-0.909739,0,
,,,-0.909707,0,
,,,-0.909675,0,
,,,-0.909643,0,
,,,-0.909611,0,
,,,-0.909579,0,
,,,-0.909547,0,
,,,-0.909515,0,
,,,-0.909483,0,
,,,-0.909451,0,
,,,-0.909419,0,
,,,-0.909387,0.0195312476716936,
,,,-0.909355,0,
,,,-0.909323,0,
,,,-0.909291,0,
,,,-0.909259,0,
,,,-0.909227,0.0195312476716936,
,,,-0.909195,0,
,,,-0.909163,0.0195312476716936,
,,,-0.909131,0,
,,,-0.909099,0.0195312476716936,
,,,-0.909067,0,
,,,-0.909035,0,
,,,-0.909003,0,
,,,-0.908971,0.0195312476716936,
,,,-0.908939,0,
,,,-0.908907,0,
,,,-0.908875,0.0195312476716936,
,,,-0.908843,0,
,,,-0.908811,0.0195312476716936,
,,,-0.908779,0.0195312476716936,
,,,-0.908747,0,
,,,-0.908715,0,
,,,-0.908683,0,
,,,-0.908651,0.0195312476716936,
,,,-0.908619,-0.0214843724388629,
,,,-0.908587,0,
,,,-0.908555,0,
,,,-0.908523,0,
,,,-0.908491,0.0195312476716936,
,,,-0.908459,0,
,,,-0.908427,-0.0214843724388629,
,,,-0.908395,0.0195312476716936,
,,,-0.908363,0,
,,,-0.908331,0,
,,,-0.908299,0.0195312476716936,
,,,-0.908267,0.0195312476716936,
,,,-0.908235,0.0195312476716936,
,,,-0.908203,0,
,,,-0.908171,0,
,,,-0.908139,0.0195312476716936,
,,,-0.908107,0,
,,,-0.908075,0.0195312476716936,
,,,-0.908043,-0.06054686778225,
,,,-0.908011,0.0195312476716936,
,,,-0.907979,-0.0214843724388629,
,,,-0.907947,0.0195312476716936,
,,,-0.907915,0.0390624953433871,
,,,-0.907883,0.0195312476716936,
,,,-0.907851,0.0195312476716936,
,,,-0.907819,0.0195312476716936,
,,,-0.907787,0.0195312476716936,
,,,-0.907755,-0.0214843724388629,
,,,-0.907723,0.0195312476716936,
,,,-0.907691,0.0195312476716936,
,,,-0.907659,0.0195312476716936,
,,,-0.907627,0.0195312476716936,
,,,-0.907595,0,
,,,-0.907563,0,
,,,-0.907531,0,
,,,-0.907499,0.0195312476716936,
,,,-0.907467,0.0195312476716936,
,,,-0.907435,0,
,,,-0.907403,0.0390624953433871,
,,,-0.907371,0.0195312476716936,
,,,-0.907339,-0.0214843724388629,
,,,-0.907307,0.0195312476716936,
,,,-0.907275,0,
,,,-0.907243,0.0195312476716936,
,,,-0.907211,0,
,,,-0.907179,0.0195312476716936,
,,,-0.907147,0,
,,,-0.907115,0,
,,,-0.907083,0,
,,,-0.907051,0,
,,,-0.907019,0.0195312476716936,
,,,-0.906987,0.0195312476716936,
,,,-0.906955,0.0195312476716936,
,,,-0.906923,-0.0214843724388629,
,,,-0.906891,0,
,,,-0.906859,0.0195312476716936,
,,,-0.906827,0,
,,,-0.906795,0.0390624953433871,
,,,-0.906763,0,
,,,-0.906731,0,
,,,-0.906699,0,
,,,-0.906667,0,
,,,-0.906635,0,
,,,-0.906603,0,
,,,-0.906571,-0.0214843724388629,
,,,-0.906539,0,
,,,-0.906507,0,
,,,-0.906475,0,
,,,-0.906443,0,
,,,-0.906411,0,
,,,-0.906379,0,
,,,-0.906347,0,
,,,-0.906315,0,
,,,-0.906283,0,
,,,-0.906251,0,
,,,-0.906219,0,
,,,-0.906187,-0.0214843724388629,
,,,-0.906155,0.0195312476716936,
,,,-0.906123,0.0195312476716936,
,,,-0.906091,0,
,,,-0.906059,0,
,,,-0.906027,-0.101562487892807,
,,,-0.905995,0.0195312476716936,
,,,-0.905963,0,
,,,-0.905931,0,
,,,-0.905899,0,
,,,-0.905867,0,
,,,-0.905835,0,
,,,-0.905803,0,
,,,-0.905771,0,
,,,-0.905739,0,
,,,-0.905707,0,
,,,-0.905675,0,
,,,-0.905643,-0.0214843724388629,
,,,-0.905611,0.0195312476716936,
,,,-0.905579,0.0195312476716936,
,,,-0.905547,0,
,,,-0.905515,0,
,,,-0.905483,0,
,,,-0.905451,0,
,,,-0.905419,0,
,,,-0.905387,0,
,,,-0.905355,-0.0214843724388629,
,,,-0.905323,0.0195312476716936,
,,,-0.905291,0,
,,,-0.905259,0,
,,,-0.905227,0,
,,,-0.905195,0,
,,,-0.905163,0,
,,,-0.905131,0,
,,,-0.905099,0,
,,,-0.905067,0.0195312476716936,
,,,-0.905035,0.0390624953433871,
,,,-0.905003,0.0390624953433871,
,,,-0.904971,0,
,,,-0.904939,-0.0214843724388629,
,,,-0.904907,0.0195312476716936,
,,,-0.904875,0,
,,,-0.904843,0,
,,,-0.904811,0,
,,,-0.904779,0,
,,,-0.904747,0,
,,,-0.904715,0,
,,,-0.904683,-0.0214843724388629,
,,,-0.904651,0,
,,,-0.904619,0,
,,,-0.904587,0,
,,,-0.904555,0,
,,,-0.904523,0,
,,,-0.904491,0.0195312476716936,
,,,-0.904459,0.0390624953433871,
,,,-0.904427,0.0195312476716936,
,,,-0.904395,0.0195312476716936,
,,,-0.904363,-0.0214843724388629,
,,,-0.904331,0,
,,,-0.904299,0,
,,,-0.904267,0,
,,,-0.904235,-0.0214843724388629,
,,,-0.904203,0.0195312476716936,
,,,-0.904171,0,
,,,-0.904139,0.0195312476716936,
,,,-0.904107,0,
,,,-0.904075,0,
,,,-0.904043,-0.0214843724388629,
,,,-0.904011,-0.0214843724388629,
,,,-0.903979,0.0195312476716936,
,,,-0.903947,-0.0214843724388629,
,,,-0.903915,-0.0214843724388629,
,,,-0.903883,0.0195312476716936,
,,,-0.903851,0.0195312476716936,
,,,-0.903819,0,
,,,-0.903787,0.0195312476716936,
,,,-0.903755,0.0195312476716936,
,,,-0.903723,0,
,,,-0.903691,0,
,,,-0.903659,0.0195312476716936,
,,,-0.903627,0.0195312476716936,
,,,-0.903595,0.0195312476716936,
,,,-0.903563,0,
,,,-0.903531,-0.0214843724388629,
,,,-0.903499,0,
,,,-0.903467,0,
,,,-0.903435,0,
,,,-0.903403,0,
,,,-0.903371,0.0195312476716936,
,,,-0.903339,0.0195312476716936,
,,,-0.903307,0.0195312476716936,
,,,-0.903275,0.0195312476716936,
,,,-0.903243,0.0195312476716936,
,,,-0.903211,0,
,,,-0.903179,0,
,,,-0.903147,0.0195312476716936,
,,,-0.903115,0.0195312476716936,
,,,-0.903083,0.0195312476716936,
,,,-0.903051,0.0195312476716936,
,,,-0.903019,0,
,,,-0.902987,0,
,,,-0.902955,0.0195312476716936,
,,,-0.902923,0.0195312476716936,
,,,-0.902891,0.0195312476716936,
,,,-0.902859,0.0195312476716936,
,,,-0.902827,0.0195312476716936,
,,,-0.902795,0,
,,,-0.902763,0.0390624953433871,
,,,-0.902731,-0.0214843724388629,
,,,-0.902699,0,
,,,-0.902667,0.0195312476716936,
,,,-0.902635,0.0195312476716936,
,,,-0.902603,0.0195312476716936,
,,,-0.902571,0.0195312476716936,
,,,-0.902539,0,
,,,-0.902507,0.0195312476716936,
,,,-0.902475,0,
,,,-0.902443,0.0195312476716936,
,,,-0.902411,0.0195312476716936,
,,,-0.902379,0.0195312476716936,
,,,-0.902347,0,
,,,-0.902315,0,
,,,-0.902283,0.0195312476716936,
,,,-0.902251,0.0195312476716936,
,,,-0.902219,0,
,,,-0.902187,0.0195312476716936,
,,,-0.902155,0.0195312476716936,
,,,-0.902123,0.0195312476716936,
,,,-0.902091,0,
,,,-0.902059,0,
,,,-0.902027,0,
,,,-0.901995,0.0195312476716936,
,,,-0.901963,0.0195312476716936,
,,,-0.901931,0.0195312476716936,
,,,-0.901899,0,
,,,-0.901867,0.0195312476716936,
,,,-0.901835,0.0195312476716936,
,,,-0.901803,0.0195312476716936,
,,,-0.901771,0.0195312476716936,
,,,-0.901739,0,
,,,-0.901707,0,
,,,-0.901675,0,
,,,-0.901643,0,
,,,-0.901611,0,
,,,-0.901579,0,
,,,-0.901547,0,
,,,-0.901515,0,
,,,-0.901483,0,
,,,-0.901451,0.0195312476716936,
,,,-0.901419,0.0195312476716936,
,,,-0.901387,0.0195312476716936,
,,,-0.901355,0,
,,,-0.901323,0,
,,,-0.901291,0,
,,,-0.901259,0.0195312476716936,
,,,-0.901227,0.0195312476716936,
,,,-0.901195,0.0195312476716936,
,,,-0.901163,0,
,,,-0.901131,0.0195312476716936,
,,,-0.901099,0.0195312476716936,
,,,-0.901067,0,
,,,-0.901035,0,
,,,-0.901003,0,
,,,-0.900971,0,
,,,-0.900939,0,
,,,-0.900907,0.0195312476716936,
,,,-0.900875,0.0195312476716936,
,,,-0.900843,0,
,,,-0.900811,0.0195312476716936,
,,,-0.900779,0,
,,,-0.900747,0.0195312476716936,
,,,-0.900715,0.0195312476716936,
,,,-0.900683,0,
,,,-0.900651,0.0195312476716936,
,,,-0.900619,0,
,,,-0.900587,0.0195312476716936,
,,,-0.900555,0,
,,,-0.900523,0,
,,,-0.900491,0.0195312476716936,
,,,-0.900459,0.0195312476716936,
,,,-0.900427,0,
,,,-0.900395,0,
,,,-0.900363,0.0195312476716936,
,,,-0.900331,0,
,,,-0.900299,0.0195312476716936,
,,,-0.900267,0,
,,,-0.900235,-0.0214843724388629,
,,,-0.900203,0.0195312476716936,
,,,-0.900171,0.0195312476716936,
,,,-0.900139,0.0195312476716936,
,,,-0.900107,0,
,,,-0.900075,0,
,,,-0.900043,0,
,,,-0.900011,0.0195312476716936,
,,,-0.899979,0,
,,,-0.899947,0,
,,,-0.899915,0,
,,,-0.899883,0,
,,,-0.899851,0.0195312476716936,
,,,-0.899819,0,
,,,-0.899787,0,
,,,-0.899755,0.0195312476716936,
,,,-0.899723,0.0195312476716936,
,,,-0.899691,-0.0214843724388629,
,,,-0.899659,0.0195312476716936,
,,,-0.899627,0,
,,,-0.899595,0.0195312476716936,
,,,-0.899563,0,
,,,-0.899531,0.0195312476716936,
,,,-0.899499,0.0195312476716936,
,,,-0.899467,0.0195312476716936,
,,,-0.899435,0,
,,,-0.899403,0,
,,,-0.899371,0,
,,,-0.899339,0,
,,,-0.899307,0.0195312476716936,
,,,-0.899275,0.0195312476716936,
,,,-0.899243,0,
,,,-0.899211,0.0390624953433871,
,,,-0.899179,0.0195312476716936,
,,,-0.899147,0.0195312476716936,
,,,-0.899115,0.0195312476716936,
,,,-0.899083,-0.0214843724388629,
,,,-0.899051,0.0195312476716936,
,,,-0.899019,0.0390624953433871,
,,,-0.898987,0.0195312476716936,
,,,-0.898955,0.0195312476716936,
,,,-0.898923,0.0195312476716936,
,,,-0.898891,0.0195312476716936,
,,,-0.898859,0.0195312476716936,
,,,-0.898827,0.0195312476716936,
,,,-0.898795,0,
,,,-0.898763,0.0195312476716936,
,,,-0.898731,0,
,,,-0.898699,0,
,,,-0.898667,0,
,,,-0.898635,0.0195312476716936,
,,,-0.898603,0.0195312476716936,
,,,-0.898571,0.0195312476716936,
,,,-0.898539,0.0195312476716936,
,,,-0.898507,0.0195312476716936,
,,,-0.898475,0,
,,,-0.898443,0,
,,,-0.898411,0.0195312476716936,
,,,-0.898379,-0.06054686778225,
,,,-0.898347,0.0195312476716936,
,,,-0.898315,0,
,,,-0.898283,0.0195312476716936,
,,,-0.898251,0,
,,,-0.898219,0.0195312476716936,
,,,-0.898187,0,
,,,-0.898155,0.0195312476716936,
,,,-0.898123,0.0195312476716936,
,,,-0.898091,0.0195312476716936,
,,,-0.898059,0.0195312476716936,
,,,-0.898027,0,
,,,-0.897995,0.0195312476716936,
,,,-0.897963,0.0195312476716936,
,,,-0.897931,0,
,,,-0.897899,0.0390624953433871,
,,,-0.897867,0.0195312476716936,
,,,-0.897835,0.0195312476716936,
,,,-0.897803,0.0195312476716936,
,,,-0.897771,-0.0214843724388629,
,,,-0.897739,0,
,,,-0.897707,0.0195312476716936,
,,,-0.897675,0.0195312476716936,
,,,-0.897643,0,
,,,-0.897611,0.0195312476716936,
,,,-0.897579,-0.0410156201105565,
,,,-0.897547,0.0195312476716936,
,,,-0.897515,0.0195312476716936,
,,,-0.897483,0.0195312476716936,
,,,-0.897451,0.0195312476716936,
,,,-0.897419,-0.0410156201105565,
,,,-0.897387,0.0390624953433871,
,,,-0.897355,0.0195312476716936,
,,,-0.897323,0.0195312476716936,
,,,-0.897291,0,
,,,-0.897259,0,
,,,-0.897227,0.0195312476716936,
,,,-0.897195,-0.0214843724388629,
,,,-0.897163,-0.0410156201105565,
,,,-0.897131,-0.0214843724388629,
,,,-0.897099,0,
,,,-0.897067,0.0195312476716936,
,,,-0.897035,0.0195312476716936,
,,,-0.897003,-0.0214843724388629,
,,,-0.896971,-0.0214843724388629,
,,,-0.896939,0,
,,,-0.896907,0.0195312476716936,
,,,-0.896875,0,
,,,-0.896843,0,
,,,-0.896811,0,
,,,-0.896779,0.0195312476716936,
,,,-0.896747,0.0195312476716936,
,,,-0.896715,0.0390624953433871,
,,,-0.896683,0,
,,,-0.896651,0.0195312476716936,
,,,-0.896619,0.0195312476716936,
,,,-0.896587,0.0195312476716936,
,,,-0.896555,0.0195312476716936,
,,,-0.896523,0.0195312476716936,
,,,-0.896491,0.0195312476716936,
,,,-0.896459,0,
,,,-0.896427,0.0195312476716936,
,,,-0.896395,0,
,,,-0.896363,0.0195312476716936,
,,,-0.896331,0.0195312476716936,
,,,-0.896299,0,
,,,-0.896267,0,
,,,-0.896235,0.0195312476716936,
,,,-0.896203,0.0195312476716936,
,,,-0.896171,0.0195312476716936,
,,,-0.896139,0.0195312476716936,
,,,-0.896107,0.0195312476716936,
,,,-0.896075,0,
,,,-0.896043,0,
,,,-0.896011,0,
,,,-0.895979,0,
,,,-0.895947,0,
,,,-0.895915,0.0195312476716936,
,,,-0.895883,0,
,,,-0.895851,0,
,,,-0.895819,0.0195312476716936,
,,,-0.895787,0.0195312476716936,
,,,-0.895755,0,
,,,-0.895723,0.0195312476716936,
,,,-0.895691,0.0195312476716936,
,,,-0.895659,0,
,,,-0.895627,0.0195312476716936,
,,,-0.895595,0.0195312476716936,
,,,-0.895563,0,
,,,-0.895531,0,
,,,-0.895499,0.0195312476716936,
,,,-0.895467,0.0195312476716936,
,,,-0.895435,0,
,,,-0.895403,0,
,,,-0.895371,0,
,,,-0.895339,0,
,,,-0.895307,0.0195312476716936,
,,,-0.895275,0,
,,,-0.895243,0.0195312476716936,
,,,-0.895211,0.0195312476716936,
,,,-0.895179,0.0195312476716936,
,,,-0.895147,0.0195312476716936,
,,,-0.895115,0,
,,,-0.895083,0.0195312476716936,
,,,-0.895051,-0.0214843724388629,
,,,-0.895019,0.0195312476716936,
,,,-0.894987,0,
,,,-0.894955,0.0195312476716936,
,,,-0.894923,0,
,,,-0.894891,0.0195312476716936,
,,,-0.894859,0,
,,,-0.894827,0.0195312476716936,
,,,-0.894795,0,
,,,-0.894763,0.0195312476716936,
,,,-0.894731,0,
,,,-0.894699,0,
,,,-0.894667,-0.0214843724388629,
,,,-0.894635,0.0195312476716936,
,,,-0.894603,0,
,,,-0.894571,0.0195312476716936,
,,,-0.894539,0.0195312476716936,
,,,-0.894507,0,
,,,-0.894475,0,
,,,-0.894443,0,
,,,-0.894411,0,
,,,-0.894379,0,
,,,-0.894347,0,
,,,-0.894315,0,
,,,-0.894283,0.0195312476716936,
,,,-0.894251,0.0195312476716936,
,,,-0.894219,0,
,,,-0.894187,0,
,,,-0.894155,0,
,,,-0.894123,0,
,,,-0.894091,-0.0214843724388629,
,,,-0.894059,0,
,,,-0.894027,0.0195312476716936,
,,,-0.893995,0,
,,,-0.893963,0,
,,,-0.893931,0,
,,,-0.893899,0,
,,,-0.893867,0.0390624953433871,
,,,-0.893835,0,
,,,-0.893803,0,
,,,-0.893771,0,
,,,-0.893739,0,
,,,-0.893707,0,
,,,-0.893675,0,
,,,-0.893643,0,
,,,-0.893611,0,
,,,-0.893579,0,
,,,-0.893547,0.0195312476716936,
,,,-0.893515,0.0390624953433871,
,,,-0.893483,0,
,,,-0.893451,0,
,,,-0.893419,0,
,,,-0.893387,0,
,,,-0.893355,0,
,,,-0.893323,0,
,,,-0.893291,0,
,,,-0.893259,0.0195312476716936,
,,,-0.893227,0.0195312476716936,
,,,-0.893195,0,
,,,-0.893163,0,
,,,-0.893131,-0.0214843724388629,
,,,-0.893099,0,
,,,-0.893067,0,
,,,-0.893035,0,
,,,-0.893003,0,
,,,-0.892971,0,
,,,-0.892939,0,
,,,-0.892907,0,
,,,-0.892875,0,
,,,-0.892843,0.0195312476716936,
,,,-0.892811,0,
,,,-0.892779,0,
,,,-0.892747,0.0195312476716936,
,,,-0.892715,-0.0214843724388629,
,,,-0.892683,0.0195312476716936,
,,,-0.892651,0,
,,,-0.892619,0,
,,,-0.892587,0.0195312476716936,
,,,-0.892555,0,
,,,-0.892523,0,
,,,-0.892491,0,
,,,-0.892459,0.0195312476716936,
,,,-0.892427,0,
,,,-0.892395,0,
,,,-0.892363,0.0195312476716936,
,,,-0.892331,0,
,,,-0.892299,0,
,,,-0.892267,0.0195312476716936,
,,,-0.892235,0.0195312476716936,
,,,-0.892203,0,
,,,-0.892171,0.0195312476716936,
,,,-0.892139,0.0195312476716936,
,,,-0.892107,0,
,,,-0.892075,0.0195312476716936,
,,,-0.892043,0.0195312476716936,
,,,-0.892011,0.0195312476716936,
,,,-0.891979,0,
,,,-0.891947,0,
,,,-0.891915,0,
,,,-0.891883,0,
,,,-0.891851,0.0195312476716936,
,,,-0.891819,0,
,,,-0.891787,0.0195312476716936,
,,,-0.891755,0.0195312476716936,
,,,-0.891723,0,
,,,-0.891691,0,
,,,-0.891659,0.0195312476716936,
,,,-0.891627,-0.0214843724388629,
,,,-0.891595,0.0195312476716936,
,,,-0.891563,0,
,,,-0.891531,0.0195312476716936,
,,,-0.891499,0.0195312476716936,
,,,-0.891467,0.0195312476716936,
,,,-0.891435,0,
,,,-0.891403,0.0195312476716936,
,,,-0.891371,0.0195312476716936,
,,,-0.891339,-0.0214843724388629,
,,,-0.891307,0.0195312476716936,
,,,-0.891275,0.0195312476716936,
,,,-0.891243,0,
,,,-0.891211,0,
,,,-0.891179,0,
,,,-0.891147,0,
,,,-0.891115,0.0195312476716936,
,,,-0.891083,0.0195312476716936,
,,,-0.891051,0,
,,,-0.891019,0.0195312476716936,
,,,-0.890987,0.0195312476716936,
,,,-0.890955,-0.0214843724388629,
,,,-0.890923,0.0585937430150807,
,,,-0.890891,0,
,,,-0.890859,0.0195312476716936,
,,,-0.890827,0.0195312476716936,
,,,-0.890795,0.0195312476716936,
,,,-0.890763,0.0195312476716936,
,,,-0.890731,0,
,,,-0.890699,0,
,,,-0.890667,0.0195312476716936,
,,,-0.890635,0,
,,,-0.890603,0.0195312476716936,
,,,-0.890571,0,
,,,-0.890539,0,
,,,-0.890507,0.0390624953433871,
,,,-0.890475,0,
,,,-0.890443,0.0195312476716936,
,,,-0.890411,0.0195312476716936,
,,,-0.890379,0,
,,,-0.890347,0.0195312476716936,
,,,-0.890315,0.0195312476716936,
,,,-0.890283,0.0195312476716936,
,,,-0.890251,0.0195312476716936,
,,,-0.890219,0.0195312476716936,
,,,-0.890187,0.0195312476716936,
,,,-0.890155,0.0195312476716936,
,,,-0.890123,0.0195312476716936,
,,,-0.890091,0,
,,,-0.890059,0.0195312476716936,
,,,-0.890027,0.0195312476716936,
,,,-0.889995,0,
,,,-0.889963,0,
,,,-0.889931,0.0195312476716936,
,,,-0.889899,0,
,,,-0.889867,0,
,,,-0.889835,0,
,,,-0.889803,0,
,,,-0.889771,0.0195312476716936,
,,,-0.889739,0.0195312476716936,
,,,-0.889707,0.0195312476716936,
,,,-0.889675,0,
,,,-0.889643,0.0195312476716936,
,,,-0.889611,0.0195312476716936,
,,,-0.889579,0.0195312476716936,
,,,-0.889547,0,
,,,-0.889515,0.0390624953433871,
,,,-0.889483,0.0195312476716936,
,,,-0.889451,0,
,,,-0.889419,0,
,,,-0.889387,0.0195312476716936,
,,,-0.889355,0,
,,,-0.889323,-0.0214843724388629,
,,,-0.889291,0.0195312476716936,
,,,-0.889259,0,
,,,-0.889227,0.0195312476716936,
,,,-0.889195,0.0195312476716936,
,,,-0.889163,0.0195312476716936,
,,,-0.889131,0,
,,,-0.889099,0,
,,,-0.889067,0.0195312476716936,
,,,-0.889035,0,
,,,-0.889003,0.0195312476716936,
,,,-0.888971,0.0195312476716936,
,,,-0.888939,0,
,,,-0.888907,0,
,,,-0.888875,0,
,,,-0.888843,0.0195312476716936,
,,,-0.888811,0,
,,,-0.888779,0,
,,,-0.888747,0,
,,,-0.888715,0,
,,,-0.888683,0,
,,,-0.888651,0,
,,,-0.888619,0.0195312476716936,
,,,-0.888587,0.0195312476716936,
,,,-0.888555,0.0195312476716936,
,,,-0.888523,0.0195312476716936,
,,,-0.888491,0,
,,,-0.888459,0,
,,,-0.888427,0,
,,,-0.888395,0.0195312476716936,
,,,-0.888363,0,
,,,-0.888331,0.0195312476716936,
,,,-0.888299,0,
,,,-0.888267,0,
,,,-0.888235,0.0195312476716936,
,,,-0.888203,0,
,,,-0.888171,0,
,,,-0.888139,0,
,,,-0.888107,0,
,,,-0.888075,0,
,,,-0.888043,0,
,,,-0.888011,0.0195312476716936,
,,,-0.887979,0,
,,,-0.887947,0,
,,,-0.887915,0,
,,,-0.887883,0.0195312476716936,
,,,-0.887851,0,
,,,-0.887819,0.0195312476716936,
,,,-0.887787,0,
,,,-0.887755,0,
,,,-0.887723,0.0195312476716936,
,,,-0.887691,0,
,,,-0.887659,0,
,,,-0.887627,0.0195312476716936,
,,,-0.887595,0,
,,,-0.887563,0.0195312476716936,
,,,-0.887531,0,
,,,-0.887499,0,
,,,-0.887467,0,
,,,-0.887435,0,
,,,-0.887403,0.0195312476716936,
,,,-0.887371,0.0195312476716936,
,,,-0.887339,0.0195312476716936,
,,,-0.887307,0.0195312476716936,
,,,-0.887275,0,
,,,-0.887243,-0.0214843724388629,
,,,-0.887211,0.0195312476716936,
,,,-0.887179,0.0195312476716936,
,,,-0.887147,0,
,,,-0.887115,0,
,,,-0.887083,0,
,,,-0.887051,0.0195312476716936,
,,,-0.887019,-0.0214843724388629,
,,,-0.886987,0.0195312476716936,
,,,-0.886955,0,
,,,-0.886923,0.0195312476716936,
,,,-0.886891,0.0195312476716936,
,,,-0.886859,0,
,,,-0.886827,0,
,,,-0.886795,0.0195312476716936,
,,,-0.886763,0.0195312476716936,
,,,-0.886731,0,
,,,-0.886699,0.0390624953433871,
,,,-0.886667,0,
,,,-0.886635,0.0195312476716936,
,,,-0.886603,0,
,,,-0.886571,0.0195312476716936,
,,,-0.886539,-0.0214843724388629,
,,,-0.886507,0.0195312476716936,
,,,-0.886475,0.0195312476716936,
,,,-0.886443,0,
,,,-0.886411,0.0195312476716936,
,,,-0.886379,-0.0214843724388629,
,,,-0.886347,0.0195312476716936,
,,,-0.886315,0.0195312476716936,
,,,-0.886283,0.0195312476716936,
,,,-0.886251,0.0195312476716936,
,,,-0.886219,0,
,,,-0.886187,0,
,,,-0.886155,0.0195312476716936,
,,,-0.886123,0.0195312476716936,
,,,-0.886091,0.0195312476716936,
,,,-0.886059,0,
,,,-0.886027,0.0195312476716936,
,,,-0.885995,0.0195312476716936,
,,,-0.885963,-0.0214843724388629,
,,,-0.885931,0.0195312476716936,
,,,-0.885899,0,
,,,-0.885867,0,
,,,-0.885835,0,
,,,-0.885803,0.0195312476716936,
,,,-0.885771,0,
,,,-0.885739,0.0195312476716936,
,,,-0.885707,0,
,,,-0.885675,0.0195312476716936,
,,,-0.885643,0,
,,,-0.885611,0,
,,,-0.885579,-0.0214843724388629,
,,,-0.885547,0.0195312476716936,
,,,-0.885515,0,
,,,-0.885483,0,
,,,-0.885451,0.0195312476716936,
,,,-0.885419,0.0195312476716936,
,,,-0.885387,0.0195312476716936,
,,,-0.885355,0.0195312476716936,
,,,-0.885323,0,
,,,-0.885291,0.0195312476716936,
,,,-0.885259,0.0195312476716936,
,,,-0.885227,0.0195312476716936,
,,,-0.885195,-0.0410156201105565,
,,,-0.885163,0,
,,,-0.885131,-0.0214843724388629,
,,,-0.885099,0,
,,,-0.885067,0.0195312476716936,
,,,-0.885035,0.0195312476716936,
,,,-0.885003,0.0195312476716936,
,,,-0.884971,0.0195312476716936,
,,,-0.884939,0,
,,,-0.884907,0.0195312476716936,
,,,-0.884875,0,
,,,-0.884843,0.0195312476716936,
,,,-0.884811,0,
,,,-0.884779,0,
,,,-0.884747,0.0195312476716936,
,,,-0.884715,0.0195312476716936,
,,,-0.884683,0,
,,,-0.884651,0.0195312476716936,
,,,-0.884619,0,
,,,-0.884587,0,
,,,-0.884555,0,
,,,-0.884523,0,
,,,-0.884491,0.0195312476716936,
,,,-0.884459,0,
,,,-0.884427,0.0195312476716936,
,,,-0.884395,0,
,,,-0.884363,0,
,,,-0.884331,0,
,,,-0.884299,0,
,,,-0.884267,0,
,,,-0.884235,0,
,,,-0.884203,0,
,,,-0.884171,0,
,,,-0.884139,0.0195312476716936,
,,,-0.884107,0,
,,,-0.884075,0.0195312476716936,
,,,-0.884043,0.0195312476716936,
,,,-0.884011,0.0195312476716936,
,,,-0.883979,0.0195312476716936,
,,,-0.883947,0.0195312476716936,
,,,-0.883915,0,
,,,-0.883883,0,
,,,-0.883851,0.0195312476716936,
,,,-0.883819,0.0195312476716936,
,,,-0.883787,0.0195312476716936,
,,,-0.883755,0,
,,,-0.883723,0.0195312476716936,
,,,-0.883691,0.0195312476716936,
,,,-0.883659,0,
,,,-0.883627,0,
,,,-0.883595,0.0195312476716936,
,,,-0.883563,0.0195312476716936,
,,,-0.883531,0.0195312476716936,
,,,-0.883499,0.0195312476716936,
,,,-0.883467,0,
,,,-0.883435,0.0195312476716936,
,,,-0.883403,0,
,,,-0.883371,0.0195312476716936,
,,,-0.883339,0.0195312476716936,
,,,-0.883307,0,
,,,-0.883275,-0.0214843724388629,
,,,-0.883243,0.0390624953433871,
,,,-0.883211,0.0195312476716936,
,,,-0.883179,0.0195312476716936,
,,,-0.883147,0.0195312476716936,
,,,-0.883115,0.0195312476716936,
,,,-0.883083,0.0195312476716936,
,,,-0.883051,0,
,,,-0.883019,0,
,,,-0.882987,0.0390624953433871,
,,,-0.882955,0.0195312476716936,
,,,-0.882923,-0.0410156201105565,
,,,-0.882891,0.0390624953433871,
,,,-0.882859,0.0195312476716936,
,,,-0.882827,0.0195312476716936,
,,,-0.882795,0.0195312476716936,
,,,-0.882763,0.0195312476716936,
,,,-0.882731,0.0195312476716936,
,,,-0.882699,0.0195312476716936,
,,,-0.882667,0.0195312476716936,
,,,-0.882635,0,
,,,-0.882603,0.0195312476716936,
,,,-0.882571,-0.0214843724388629,
,,,-0.882539,0,
,,,-0.882507,0,
,,,-0.882475,0.0195312476716936,
,,,-0.882443,0,
,,,-0.882411,0.0195312476716936,
,,,-0.882379,0,
,,,-0.882347,0,
,,,-0.882315,0,
,,,-0.882283,0.0195312476716936,
,,,-0.882251,0.0195312476716936,
,,,-0.882219,0.0195312476716936,
,,,-0.882187,0,
,,,-0.882155,0.0390624953433871,
,,,-0.882123,0,
,,,-0.882091,0.0195312476716936,
,,,-0.882059,0.0195312476716936,
,,,-0.882027,0.0195312476716936,
,,,-0.881995,0.0195312476716936,
,,,-0.881963,0.0195312476716936,
,,,-0.881931,0,
,,,-0.881899,-0.0214843724388629,
,,,-0.881867,0.0195312476716936,
,,,-0.881835,0,
,,,-0.881803,0,
,,,-0.881771,0.0195312476716936,
,,,-0.881739,0.0195312476716936,
,,,-0.881707,0,
,,,-0.881675,0.0195312476716936,
,,,-0.881643,0.0195312476716936,
,,,-0.881611,0,
,,,-0.881579,0,
,,,-0.881547,0,
,,,-0.881515,0,
,,,-0.881483,0.0195312476716936,
,,,-0.881451,-0.0214843724388629,
,,,-0.881419,0,
,,,-0.881387,0,
,,,-0.881355,0.0195312476716936,
,,,-0.881323,0.0195312476716936,
,,,-0.881291,0.0195312476716936,
,,,-0.881259,0.0195312476716936,
,,,-0.881227,0.0195312476716936,
,,,-0.881195,0,
,,,-0.881163,0,
,,,-0.881131,0.0195312476716936,
,,,-0.881099,0.0195312476716936,
,,,-0.881067,0.0195312476716936,
,,,-0.881035,-0.0214843724388629,
,,,-0.881003,0.0195312476716936,
,,,-0.880971,0.0195312476716936,
,,,-0.880939,0.0195312476716936,
,,,-0.880907,0.0195312476716936,
,,,-0.880875,0,
,,,-0.880843,0.0195312476716936,
,,,-0.880811,0,
,,,-0.880779,0.0195312476716936,
,,,-0.880747,0.0390624953433871,
,,,-0.880715,0.0195312476716936,
,,,-0.880683,0.0195312476716936,
,,,-0.880651,0.0195312476716936,
,,,-0.880619,0.0390624953433871,
,,,-0.880587,0,
,,,-0.880555,0.0195312476716936,
,,,-0.880523,0,
,,,-0.880491,0.0195312476716936,
,,,-0.880459,0,
,,,-0.880427,0,
,,,-0.880395,0,
,,,-0.880363,0.0390624953433871,
,,,-0.880331,0.0195312476716936,
,,,-0.880299,0,
,,,-0.880267,0.0195312476716936,
,,,-0.880235,0,
,,,-0.880203,-0.0214843724388629,
,,,-0.880171,0.0195312476716936,
,,,-0.880139,0.0195312476716936,
,,,-0.880107,0.0195312476716936,
,,,-0.880075,0,
,,,-0.880043,0,
,,,-0.880011,0.0195312476716936,
,,,-0.879979,0.0195312476716936,
,,,-0.879947,0,
,,,-0.879915,0.0195312476716936,
,,,-0.879883,0,
,,,-0.879851,0.0195312476716936,
,,,-0.879819,0.0195312476716936,
,,,-0.879787,0.0195312476716936,
,,,-0.879755,0.0195312476716936,
,,,-0.879723,0,
,,,-0.879691,0.0195312476716936,
,,,-0.879659,0.0195312476716936,
,,,-0.879627,0.0195312476716936,
,,,-0.879595,0.0195312476716936,
,,,-0.879563,0,
,,,-0.879531,0,
,,,-0.879499,0,
,,,-0.879467,0.0195312476716936,
,,,-0.879435,0,
,,,-0.879403,0.0195312476716936,
,,,-0.879371,0,
,,,-0.879339,0,
,,,-0.879307,0.0195312476716936,
,,,-0.879275,0,
,,,-0.879243,0.0195312476716936,
,,,-0.879211,0,
,,,-0.879179,0,
,,,-0.879147,0.0195312476716936,
,,,-0.879115,0,
,,,-0.879083,0,
,,,-0.879051,0.0195312476716936,
,,,-0.879019,0.0195312476716936,
,,,-0.878987,0.0195312476716936,
,,,-0.878955,0,
,,,-0.878923,0.0195312476716936,
,,,-0.878891,0,
,,,-0.878859,-0.0214843724388629,
,,,-0.878827,-0.0214843724388629,
,,,-0.878795,-0.0214843724388629,
,,,-0.878763,0.0195312476716936,
,,,-0.878731,0,
,,,-0.878699,0,
,,,-0.878667,0,
,,,-0.878635,0,
,,,-0.878603,0.0195312476716936,
,,,-0.878571,0.0195312476716936,
,,,-0.878539,0.0195312476716936,
,,,-0.878507,0,
,,,-0.878475,0.0195312476716936,
,,,-0.878443,0,
,,,-0.878411,-0.0214843724388629,
,,,-0.878379,0,
,,,-0.878347,0,
,,,-0.878315,0.0195312476716936,
,,,-0.878283,0.0195312476716936,
,,,-0.878251,0,
,,,-0.878219,-0.0214843724388629,
,,,-0.878187,0,
,,,-0.878155,0,
,,,-0.878123,0.0390624953433871,
,,,-0.878091,0,
,,,-0.878059,0.0195312476716936,
,,,-0.878027,0.0195312476716936,
,,,-0.877995,0,
,,,-0.877963,0,
,,,-0.877931,0,
,,,-0.877899,0,
,,,-0.877867,0,
,,,-0.877835,0,
,,,-0.877803,0,
,,,-0.877771,0.0195312476716936,
,,,-0.877739,0,
,,,-0.877707,0,
,,,-0.877675,0,
,,,-0.877643,0,
,,,-0.877611,0,
,,,-0.877579,0.0195312476716936,
,,,-0.877547,0,
,,,-0.877515,0,
,,,-0.877483,0,
,,,-0.877451,0,
,,,-0.877419,0,
,,,-0.877387,0,
,,,-0.877355,0,
,,,-0.877323,0,
,,,-0.877291,0,
,,,-0.877259,0,
,,,-0.877227,0,
,,,-0.877195,0,
,,,-0.877163,0,
,,,-0.877131,0,
,,,-0.877099,0.0195312476716936,
,,,-0.877067,0,
,,,-0.877035,0.0195312476716936,
,,,-0.877003,0,
,,,-0.876971,0,
,,,-0.876939,0,
,,,-0.876907,-0.0214843724388629,
,,,-0.876875,0,
,,,-0.876843,0,
,,,-0.876811,0,
,,,-0.876779,0,
,,,-0.876747,0,
,,,-0.876715,0.0195312476716936,
,,,-0.876683,0,
,,,-0.876651,0.0195312476716936,
,,,-0.876619,0,
,,,-0.876587,0,
,,,-0.876555,0,
,,,-0.876523,0,
,,,-0.876491,0,
,,,-0.876459,0,
,,,-0.876427,0,
,,,-0.876395,-0.0214843724388629,
,,,-0.876363,0.0195312476716936,
,,,-0.876331,0.0195312476716936,
,,,-0.876299,0,
,,,-0.876267,0,
,,,-0.876235,-0.0214843724388629,
,,,-0.876203,0,
,,,-0.876171,0.0195312476716936,
,,,-0.876139,0.0195312476716936,
,,,-0.876107,0.0195312476716936,
,,,-0.876075,0,
,,,-0.876043,0,
,,,-0.876011,0,
,,,-0.875979,0,
,,,-0.875947,0,
,,,-0.875915,0,
,,,-0.875883,0.0195312476716936,
,,,-0.875851,0.0195312476716936,
,,,-0.875819,0.0195312476716936,
,,,-0.875787,0,
,,,-0.875755,0.0195312476716936,
,,,-0.875723,0.0195312476716936,
,,,-0.875691,0.0195312476716936,
,,,-0.875659,0.0195312476716936,
,,,-0.875627,0.0195312476716936,
,,,-0.875595,0.0195312476716936,
,,,-0.875563,0.0195312476716936,
,,,-0.875531,0,
,,,-0.875499,0.0195312476716936,
,,,-0.875467,0,
,,,-0.875435,0.0195312476716936,
,,,-0.875403,0.0195312476716936,
,,,-0.875371,0.0195312476716936,
,,,-0.875339,-0.0410156201105565,
,,,-0.875307,0.0195312476716936,
,,,-0.875275,0.0195312476716936,
,,,-0.875243,0.0195312476716936,
,,,-0.875211,0.0195312476716936,
,,,-0.875179,0,
,,,-0.875147,0.0195312476716936,
,,,-0.875115,0.0195312476716936,
,,,-0.875083,0.0195312476716936,
,,,-0.875051,0,
,,,-0.875019,0,
,,,-0.874987,0,
,,,-0.874955,0.0195312476716936,
,,,-0.874923,0,
,,,-0.874891,0,
,,,-0.874859,0,
,,,-0.874827,0.0195312476716936,
,,,-0.874795,0,
,,,-0.874763,0,
,,,-0.874731,0.0195312476716936,
,,,-0.874699,0,
,,,-0.874667,0.0195312476716936,
,,,-0.874635,0,
,,,-0.874603,0,
,,,-0.874571,0,
,,,-0.874539,0.0195312476716936,
,,,-0.874507,0,
,,,-0.874475,0,
,,,-0.874443,-0.0214843724388629,
,,,-0.874411,0.0390624953433871,
,,,-0.874379,0.0195312476716936,
,,,-0.874347,0.0585937430150807,
,,,-0.874315,0.0195312476716936,
,,,-0.874283,-0.0214843724388629,
,,,-0.874251,0.0195312476716936,
,,,-0.874219,0,
,,,-0.874187,0,
,,,-0.874155,0.0195312476716936,
,,,-0.874123,0.0195312476716936,
,,,-0.874091,0.0195312476716936,
,,,-0.874059,0,
,,,-0.874027,0.0195312476716936,
,,,-0.873995,0,
,,,-0.873963,0.0390624953433871,
,,,-0.873931,0.0195312476716936,
,,,-0.873899,0,
,,,-0.873867,0,
,,,-0.873835,0.0195312476716936,
,,,-0.873803,0.0195312476716936,
,,,-0.873771,0,
,,,-0.873739,0,
,,,-0.873707,0.0195312476716936,
,,,-0.873675,0.0585937430150807,
,,,-0.873643,0.0195312476716936,
,,,-0.873611,0.0195312476716936,
,,,-0.873579,0.0195312476716936,
,,,-0.873547,0,
,,,-0.873515,0.0195312476716936,
,,,-0.873483,0,
,,,-0.873451,0.0195312476716936,
,,,-0.873419,-0.0214843724388629,
,,,-0.873387,0,
,,,-0.873355,0,
,,,-0.873323,0.0195312476716936,
,,,-0.873291,0.0195312476716936,
,,,-0.873259,0.0195312476716936,
,,,-0.873227,0,
,,,-0.873195,-0.0410156201105565,
,,,-0.873163,0.0390624953433871,
,,,-0.873131,0,
,,,-0.873099,0.0195312476716936,
,,,-0.873067,0.0195312476716936,
,,,-0.873035,0,
,,,-0.873003,0.0195312476716936,
,,,-0.872971,0.0195312476716936,
,,,-0.872939,0.0195312476716936,
,,,-0.872907,0,
,,,-0.872875,0,
,,,-0.872843,0.0195312476716936,
,,,-0.872811,0.0195312476716936,
,,,-0.872779,0,
,,,-0.872747,0.0195312476716936,
,,,-0.872715,0,
,,,-0.872683,0,
,,,-0.872651,0,
,,,-0.872619,0,
,,,-0.872587,0,
,,,-0.872555,0,
,,,-0.872523,0,
,,,-0.872491,0,
,,,-0.872459,0.0390624953433871,
,,,-0.872427,0.0195312476716936,
,,,-0.872395,0.0390624953433871,
,,,-0.872363,0.0195312476716936,
,,,-0.872331,0.0195312476716936,
,,,-0.872299,0,
,,,-0.872267,0,
,,,-0.872235,0.0195312476716936,
,,,-0.872203,0,
,,,-0.872171,0,
,,,-0.872139,0.0195312476716936,
,,,-0.872107,0.0195312476716936,
,,,-0.872075,0,
,,,-0.872043,0,
,,,-0.872011,0.0195312476716936,
,,,-0.871979,0.0195312476716936,
,,,-0.871947,0,
,,,-0.871915,0.0195312476716936,
,,,-0.871883,0,
,,,-0.871851,0.0390624953433871,
,,,-0.871819,0,
,,,-0.871787,0,
,,,-0.871755,-0.0214843724388629,
,,,-0.871723,0.0195312476716936,
,,,-0.871691,0,
,,,-0.871659,0,
,,,-0.871627,0,
,,,-0.871595,0,
,,,-0.871563,0,
,,,-0.871531,0.0195312476716936,
,,,-0.871499,0.0195312476716936,
,,,-0.871467,0,
,,,-0.871435,0.0195312476716936,
,,,-0.871403,-0.0214843724388629,
,,,-0.871371,-0.0214843724388629,
,,,-0.871339,0.0195312476716936,
,,,-0.871307,0.0195312476716936,
,,,-0.871275,0,
,,,-0.871243,0,
,,,-0.871211,0.0195312476716936,
,,,-0.871179,0,
,,,-0.871147,0,
,,,-0.871115,0.0195312476716936,
,,,-0.871083,0,
,,,-0.871051,0.0195312476716936,
,,,-0.871019,0.0195312476716936,
,,,-0.870987,-0.0214843724388629,
,,,-0.870955,-0.0214843724388629,
,,,-0.870923,0.0195312476716936,
,,,-0.870891,0,
,,,-0.870859,0.0195312476716936,
,,,-0.870827,0,
,,,-0.870795,0,
,,,-0.870763,0,
,,,-0.870731,0,
,,,-0.870699,0.0195312476716936,
,,,-0.870667,0.0195312476716936,
,,,-0.870635,-0.0214843724388629,
,,,-0.870603,0,
,,,-0.870571,0,
,,,-0.870539,0.0195312476716936,
,,,-0.870507,0.0195312476716936,
,,,-0.870475,0.0195312476716936,
,,,-0.870443,0,
,,,-0.870411,0.0195312476716936,
,,,-0.870379,0,
,,,-0.870347,-0.0214843724388629,
,,,-0.870315,0,
,,,-0.870283,0,
,,,-0.870251,0,
,,,-0.870219,0,
,,,-0.870187,0,
,,,-0.870155,0.0195312476716936,
,,,-0.870123,0.0195312476716936,
,,,-0.870091,0,
,,,-0.870059,0.0195312476716936,
,,,-0.870027,0.0195312476716936,
,,,-0.869995,-0.0214843724388629,
,,,-0.869963,0.0195312476716936,
,,,-0.869931,0.0195312476716936,
,,,-0.869899,0,
,,,-0.869867,0,
,,,-0.869835,-0.0214843724388629,
,,,-0.869803,0,
,,,-0.869771,0,
,,,-0.869739,0.0195312476716936,
,,,-0.869707,0.0195312476716936,
,,,-0.869675,0.0195312476716936,
,,,-0.869643,0.0195312476716936,
,,,-0.869611,0.0195312476716936,
,,,-0.869579,0.0195312476716936,
,,,-0.869547,0,
,,,-0.869515,0.0195312476716936,
,,,-0.869483,0,
,,,-0.869451,0.0195312476716936,
,,,-0.869419,0.0195312476716936,
,,,-0.869387,0.0195312476716936,
,,,-0.869355,0.0195312476716936,
,,,-0.869323,0,
,,,-0.869291,0.0195312476716936,
,,,-0.869259,0.0195312476716936,
,,,-0.869227,0,
,,,-0.869195,0.0195312476716936,
,,,-0.869163,0,
,,,-0.869131,0.0195312476716936,
,,,-0.869099,0.0195312476716936,
,,,-0.869067,0.0195312476716936,
,,,-0.869035,0.0195312476716936,
,,,-0.869003,0,
,,,-0.868971,0.0195312476716936,
,,,-0.868939,0.0195312476716936,
,,,-0.868907,0.0195312476716936,
,,,-0.868875,0,
,,,-0.868843,0.0195312476716936,
,,,-0.868811,0.0195312476716936,
,,,-0.868779,0.0195312476716936,
,,,-0.868747,0,
,,,-0.868715,-0.0214843724388629,
,,,-0.868683,0.0195312476716936,
,,,-0.868651,0.0195312476716936,
,,,-0.868619,0.0195312476716936,
,,,-0.868587,0.0195312476716936,
,,,-0.868555,0,
,,,-0.868523,-0.0214843724388629,
,,,-0.868491,-0.0214843724388629,
,,,-0.868459,0.0195312476716936,
,,,-0.868427,0,
,,,-0.868395,0,
,,,-0.868363,0,
,,,-0.868331,0.0195312476716936,
,,,-0.868299,0.0195312476716936,
,,,-0.868267,0,
,,,-0.868235,0,
,,,-0.868203,0.0195312476716936,
,,,-0.868171,0.0195312476716936,
,,,-0.868139,0,
,,,-0.868107,-0.0214843724388629,
,,,-0.868075,0.0195312476716936,
,,,-0.868043,0.0195312476716936,
,,,-0.868011,0,
,,,-0.867979,0,
,,,-0.867947,0.0195312476716936,
,,,-0.867915,0.0195312476716936,
,,,-0.867883,0,
,,,-0.867851,0.0195312476716936,
,,,-0.867819,-0.0214843724388629,
,,,-0.867787,0.0195312476716936,
,,,-0.867755,0.0195312476716936,
,,,-0.867723,0.0195312476716936,
,,,-0.867691,0.0195312476716936,
,,,-0.867659,0,
,,,-0.867627,0.0195312476716936,
,,,-0.867595,0,
,,,-0.867563,0.0195312476716936,
,,,-0.867531,0,
,,,-0.867499,0,
,,,-0.867467,0,
,,,-0.867435,0.0195312476716936,
,,,-0.867403,0,
,,,-0.867371,0.0195312476716936,
,,,-0.867339,0.0195312476716936,
,,,-0.867307,0.0195312476716936,
,,,-0.867275,0.0195312476716936,
,,,-0.867243,0.0195312476716936,
,,,-0.867211,0.0195312476716936,
,,,-0.867179,0.0195312476716936,
,,,-0.867147,0.0195312476716936,
,,,-0.867115,0,
,,,-0.867083,0,
,,,-0.867051,0.0195312476716936,
,,,-0.867019,0.0195312476716936,
,,,-0.866987,0.0195312476716936,
,,,-0.866955,0.0195312476716936,
,,,-0.866923,0.0195312476716936,
,,,-0.866891,0.0195312476716936,
,,,-0.866859,0,
,,,-0.866827,0.0195312476716936,
,,,-0.866795,0.0195312476716936,
,,,-0.866763,0.0195312476716936,
,,,-0.866731,0.0195312476716936,
,,,-0.866699,0.0195312476716936,
,,,-0.866667,0,
,,,-0.866635,0.0195312476716936,
,,,-0.866603,0,
,,,-0.866571,0.0195312476716936,
,,,-0.866539,0,
,,,-0.866507,0,
,,,-0.866475,0,
,,,-0.866443,0.0195312476716936,
,,,-0.866411,0.0195312476716936,
,,,-0.866379,0,
,,,-0.866347,0,
,,,-0.866315,0.0195312476716936,
,,,-0.866283,-0.0214843724388629,
,,,-0.866251,0.0195312476716936,
,,,-0.866219,0.0195312476716936,
,,,-0.866187,0.0195312476716936,
,,,-0.866155,0,
,,,-0.866123,0.0195312476716936,
,,,-0.866091,0.0195312476716936,
,,,-0.866059,0.0195312476716936,
,,,-0.866027,0.0195312476716936,
,,,-0.865995,0.0390624953433871,
,,,-0.865963,0,
,,,-0.865931,0.0195312476716936,
,,,-0.865899,0,
,,,-0.865867,0.0195312476716936,
,,,-0.865835,0.0195312476716936,
,,,-0.865803,0,
,,,-0.865771,0.0195312476716936,
,,,-0.865739,0,
,,,-0.865707,0,
,,,-0.865675,0.0195312476716936,
,,,-0.865643,0.0195312476716936,
,,,-0.865611,0.0195312476716936,
,,,-0.865579,0.0195312476716936,
,,,-0.865547,-0.0214843724388629,
,,,-0.865515,0,
,,,-0.865483,0.0195312476716936,
,,,-0.865451,0,
,,,-0.865419,0.0195312476716936,
,,,-0.865387,0,
,,,-0.865355,0.0390624953433871,
,,,-0.865323,0,
,,,-0.865291,0.0195312476716936,
,,,-0.865259,0,
,,,-0.865227,0.0195312476716936,
,,,-0.865195,0,
,,,-0.865163,0.0195312476716936,
,,,-0.865131,0.0195312476716936,
,,,-0.865099,0,
,,,-0.865067,0,
,,,-0.865035,0.0195312476716936,
,,,-0.865003,0,
,,,-0.864971,0.0390624953433871,
,,,-0.864939,0.0195312476716936,
,,,-0.864907,0,
,,,-0.864875,0.0195312476716936,
,,,-0.864843,0.0195312476716936,
,,,-0.864811,0.0195312476716936,
,,,-0.864779,0.0195312476716936,
,,,-0.864747,0.0195312476716936,
,,,-0.864715,0,
,,,-0.864683,0.0195312476716936,
,,,-0.864651,0.0195312476716936,
,,,-0.864619,0,
,,,-0.864587,0.0195312476716936,
,,,-0.864555,0,
,,,-0.864523,0.0195312476716936,
,,,-0.864491,0.0195312476716936,
,,,-0.864459,0.0195312476716936,
,,,-0.864427,0.0195312476716936,
,,,-0.864395,0,
,,,-0.864363,0,
,,,-0.864331,0.0390624953433871,
,,,-0.864299,0.0195312476716936,
,,,-0.864267,0.0195312476716936,
,,,-0.864235,-0.06054686778225,
,,,-0.864203,0.0195312476716936,
,,,-0.864171,0.0195312476716936,
,,,-0.864139,0.0195312476716936,
,,,-0.864107,0.0195312476716936,
,,,-0.864075,0.0195312476716936,
,,,-0.864043,0,
,,,-0.864011,0.0195312476716936,
,,,-0.863979,0,
,,,-0.863947,0,
,,,-0.863915,-0.0214843724388629,
,,,-0.863883,0.0195312476716936,
,,,-0.863851,0.0195312476716936,
,,,-0.863819,0,
,,,-0.863787,-0.0410156201105565,
,,,-0.863755,0.0195312476716936,
,,,-0.863723,0,
,,,-0.863691,0.0195312476716936,
,,,-0.863659,0.0195312476716936,
,,,-0.863627,0.0195312476716936,
,,,-0.863595,-0.0214843724388629,
,,,-0.863563,-0.0214843724388629,
,,,-0.863531,0,
,,,-0.863499,-0.0214843724388629,
,,,-0.863467,-0.0214843724388629,
,,,-0.863435,0.0390624953433871,
,,,-0.863403,0.0195312476716936,
,,,-0.863371,0,
,,,-0.863339,0,
,,,-0.863307,0.0195312476716936,
,,,-0.863275,0,
,,,-0.863243,0,
,,,-0.863211,0,
,,,-0.863179,0.0195312476716936,
,,,-0.863147,0.0195312476716936,
,,,-0.863115,0.0195312476716936,
,,,-0.863083,0,
,,,-0.863051,0,
,,,-0.863019,0.0195312476716936,
,,,-0.862987,0.0195312476716936,
,,,-0.862955,0,
,,,-0.862923,0,
,,,-0.862891,-0.0214843724388629,
,,,-0.862859,0.0195312476716936,
,,,-0.862827,0,
,,,-0.862795,0,
,,,-0.862763,0,
,,,-0.862731,0,
,,,-0.862699,0,
,,,-0.862667,0.0195312476716936,
,,,-0.862635,-0.0214843724388629,
,,,-0.862603,0.0195312476716936,
,,,-0.862571,0,
,,,-0.862539,0,
,,,-0.862507,0,
,,,-0.862475,0.0195312476716936,
,,,-0.862443,-0.0214843724388629,
,,,-0.862411,-0.0214843724388629,
,,,-0.862379,0.0195312476716936,
,,,-0.862347,0,
,,,-0.862315,0,
,,,-0.862283,0,
,,,-0.862251,0.0195312476716936,
,,,-0.862219,0.0195312476716936,
,,,-0.862187,0,
,,,-0.862155,0.0195312476716936,
,,,-0.862123,0.0195312476716936,
,,,-0.862091,0,
,,,-0.862059,0.0195312476716936,
,,,-0.862027,0,
,,,-0.861995,0,
,,,-0.861963,0.0195312476716936,
,,,-0.861931,0.0195312476716936,
,,,-0.861899,0.0195312476716936,
,,,-0.861867,-0.0214843724388629,
,,,-0.861835,0.0390624953433871,
,,,-0.861803,0.0195312476716936,
,,,-0.861771,0.0195312476716936,
,,,-0.861739,0,
,,,-0.861707,0,
,,,-0.861675,0,
,,,-0.861643,0,
,,,-0.861611,0,
,,,-0.861579,-0.0214843724388629,
,,,-0.861547,0,
,,,-0.861515,-0.0214843724388629,
,,,-0.861483,0,
,,,-0.861451,0,
,,,-0.861419,0.0195312476716936,
,,,-0.861387,0,
,,,-0.861355,0,
,,,-0.861323,0.0195312476716936,
,,,-0.861291,0.0195312476716936,
,,,-0.861259,0,
,,,-0.861227,0,
,,,-0.861195,0,
,,,-0.861163,0,
,,,-0.861131,0,
,,,-0.861099,0,
,,,-0.861067,0.0195312476716936,
,,,-0.861035,0,
,,,-0.861003,-0.0214843724388629,
,,,-0.860971,0,
,,,-0.860939,0,
,,,-0.860907,0.0390624953433871,
,,,-0.860875,0,
,,,-0.860843,0.0195312476716936,
,,,-0.860811,-0.0214843724388629,
,,,-0.860779,0,
,,,-0.860747,0.0195312476716936,
,,,-0.860715,0,
,,,-0.860683,0,
,,,-0.860651,0,
,,,-0.860619,0,
,,,-0.860587,0,
,,,-0.860555,0,
,,,-0.860523,0,
,,,-0.860491,0,
,,,-0.860459,0,
,,,-0.860427,-0.0214843724388629,
,,,-0.860395,0,
,,,-0.860363,-0.0214843724388629,
,,,-0.860331,0,
,,,-0.860299,0.0390624953433871,
,,,-0.860267,0,
,,,-0.860235,0.0195312476716936,
,,,-0.860203,0,
,,,-0.860171,0.0195312476716936,
,,,-0.860139,0.0195312476716936,
,,,-0.860107,-0.0214843724388629,
,,,-0.860075,-0.0214843724388629,
,,,-0.860043,0.0195312476716936,
,,,-0.860011,-0.0214843724388629,
,,,-0.859979,0,
,,,-0.859947,0,
,,,-0.859915,0,
,,,-0.859883,0,
,,,-0.859851,0,
,,,-0.859819,0,
,,,-0.859787,0.0390624953433871,
,,,-0.859755,0,
,,,-0.859723,0,
,,,-0.859691,0,
,,,-0.859659,0.0195312476716936,
,,,-0.859627,0.0195312476716936,
,,,-0.859595,0.0195312476716936,
,,,-0.859563,0,
,,,-0.859531,0.0195312476716936,
,,,-0.859499,0.0195312476716936,
,,,-0.859467,0,
,,,-0.859435,0,
,,,-0.859403,0.0195312476716936,
,,,-0.859371,0,
,,,-0.859339,0,
,,,-0.859307,0.0195312476716936,
,,,-0.859275,0,
,,,-0.859243,0,
,,,-0.859211,0.0195312476716936,
,,,-0.859179,0.0195312476716936,
,,,-0.859147,0,
,,,-0.859115,0.0195312476716936,
,,,-0.859083,0,
,,,-0.859051,0,
,,,-0.859019,0,
,,,-0.858987,0.0195312476716936,
,,,-0.858955,0,
,,,-0.858923,0.0195312476716936,
,,,-0.858891,0.0195312476716936,
,,,-0.858859,0,
,,,-0.858827,0.0195312476716936,
,,,-0.858795,0.0195312476716936,
,,,-0.858763,0,
,,,-0.858731,0.0195312476716936,
,,,-0.858699,0,
,,,-0.858667,0.0195312476716936,
,,,-0.858635,0.0195312476716936,
,,,-0.858603,0.0195312476716936,
,,,-0.858571,0,
,,,-0.858539,0.0195312476716936,
,,,-0.858507,0.0195312476716936,
,,,-0.858475,0.0195312476716936,
,,,-0.858443,0.0195312476716936,
,,,-0.858411,0,
,,,-0.858379,-0.0410156201105565,
,,,-0.858347,0.0195312476716936,
,,,-0.858315,-0.0214843724388629,
,,,-0.858283,0.0195312476716936,
,,,-0.858251,0.0195312476716936,
,,,-0.858219,0.0195312476716936,
,,,-0.858187,0,
,,,-0.858155,-0.0214843724388629,
,,,-0.858123,0.0195312476716936,
,,,-0.858091,0.0195312476716936,
,,,-0.858059,0.0195312476716936,
,,,-0.858027,0.0195312476716936,
,,,-0.857995,-0.0214843724388629,
,,,-0.857963,0,
,,,-0.857931,0.0195312476716936,
,,,-0.857899,0.0195312476716936,
,,,-0.857867,0.0195312476716936,
,,,-0.857835,0.0195312476716936,
,,,-0.857803,0.0195312476716936,
,,,-0.857771,0.0195312476716936,
,,,-0.857739,0,
,,,-0.857707,0,
,,,-0.857675,-0.0214843724388629,
,,,-0.857643,0.0195312476716936,
,,,-0.857611,0,
,,,-0.857579,-0.0214843724388629,
,,,-0.857547,0.0195312476716936,
,,,-0.857515,0,
,,,-0.857483,0.0195312476716936,
,,,-0.857451,0,
,,,-0.857419,0.0195312476716936,
,,,-0.857387,0.0390624953433871,
,,,-0.857355,0.0195312476716936,
,,,-0.857323,0.0195312476716936,
,,,-0.857291,0,
,,,-0.857259,0.0195312476716936,
,,,-0.857227,0.0195312476716936,
,,,-0.857195,0,
,,,-0.857163,0,
,,,-0.857131,0.0195312476716936,
,,,-0.857099,0,
,,,-0.857067,0.0195312476716936,
,,,-0.857035,0,
,,,-0.857003,0.0195312476716936,
,,,-0.856971,0,
,,,-0.856939,0,
,,,-0.856907,0,
,,,-0.856875,0.0195312476716936,
,,,-0.856843,0,
,,,-0.856811,0.0195312476716936,
,,,-0.856779,0.0195312476716936,
,,,-0.856747,0.0195312476716936,
,,,-0.856715,0,
,,,-0.856683,0.0195312476716936,
,,,-0.856651,0,
,,,-0.856619,0,
,,,-0.856587,0,
,,,-0.856555,0.0195312476716936,
,,,-0.856523,0.0195312476716936,
,,,-0.856491,0.0390624953433871,
,,,-0.856459,0,
,,,-0.856427,0.0195312476716936,
,,,-0.856395,0,
,,,-0.856363,0,
,,,-0.856331,0.0195312476716936,
,,,-0.856299,0,
,,,-0.856267,0,
,,,-0.856235,0,
,,,-0.856203,0,
,,,-0.856171,0,
,,,-0.856139,0.0195312476716936,
,,,-0.856107,0.0195312476716936,
,,,-0.856075,0,
,,,-0.856043,0,
,,,-0.856011,0.0195312476716936,
,,,-0.855979,0,
,,,-0.855947,0.0195312476716936,
,,,-0.855915,0.0195312476716936,
,,,-0.855883,0.0195312476716936,
,,,-0.855851,-0.0214843724388629,
,,,-0.855819,0,
,,,-0.855787,0.0195312476716936,
,,,-0.855755,0,
,,,-0.855723,0.0195312476716936,
,,,-0.855691,-0.06054686778225,
,,,-0.855659,0,
,,,-0.855627,0,
,,,-0.855595,0.0195312476716936,
,,,-0.855563,0,
,,,-0.855531,0.0195312476716936,
,,,-0.855499,-0.0214843724388629,
,,,-0.855467,0,
,,,-0.855435,0,
,,,-0.855403,0,
,,,-0.855371,0,
,,,-0.855339,0,
,,,-0.855307,0,
,,,-0.855275,0,
,,,-0.855243,0.0195312476716936,
,,,-0.855211,0.0195312476716936,
,,,-0.855179,-0.0214843724388629,
,,,-0.855147,0,
,,,-0.855115,0.0195312476716936,
,,,-0.855083,-0.0214843724388629,
,,,-0.855051,0.0195312476716936,
,,,-0.855019,0.0195312476716936,
,,,-0.854987,0.0195312476716936,
,,,-0.854955,0.0390624953433871,
,,,-0.854923,0,
,,,-0.854891,0,
,,,-0.854859,0.0195312476716936,
,,,-0.854827,-0.0214843724388629,
,,,-0.854795,0,
,,,-0.854763,0,
,,,-0.854731,0.0195312476716936,
,,,-0.854699,0.0195312476716936,
,,,-0.854667,0.0195312476716936,
,,,-0.854635,-0.0214843724388629,
,,,-0.854603,0.0195312476716936,
,,,-0.854571,0.0195312476716936,
,,,-0.854539,0.0195312476716936,
,,,-0.854507,0,
,,,-0.854475,0,
,,,-0.854443,0,
,,,-0.854411,0.0195312476716936,
,,,-0.854379,0.0195312476716936,
,,,-0.854347,0,
,,,-0.854315,0,
,,,-0.854283,-0.0214843724388629,
,,,-0.854251,0,
,,,-0.854219,0,
,,,-0.854187,0.0195312476716936,
,,,-0.854155,0.0195312476716936,
,,,-0.854123,0.0195312476716936,
,,,-0.854091,0.0195312476716936,
,,,-0.854059,0,
,,,-0.854027,-0.0214843724388629,
,,,-0.853995,0,
,,,-0.853963,0.0195312476716936,
,,,-0.853931,0.0195312476716936,
,,,-0.853899,0.0195312476716936,
,,,-0.853867,0,
,,,-0.853835,-0.0214843724388629,
,,,-0.853803,0.0195312476716936,
,,,-0.853771,0,
,,,-0.853739,0.0195312476716936,
,,,-0.853707,0.0195312476716936,
,,,-0.853675,-0.0214843724388629,
,,,-0.853643,0,
,,,-0.853611,0,
,,,-0.853579,0.0195312476716936,
,,,-0.853547,0.0195312476716936,
,,,-0.853515,0,
,,,-0.853483,0,
,,,-0.853451,0,
,,,-0.853419,0.0195312476716936,
,,,-0.853387,0.0195312476716936,
,,,-0.853355,0.0195312476716936,
,,,-0.853323,0.0195312476716936,
,,,-0.853291,0.0195312476716936,
,,,-0.853259,0.0195312476716936,
,,,-0.853227,0.0195312476716936,
,,,-0.853195,0,
,,,-0.853163,0,
,,,-0.853131,0.0195312476716936,
,,,-0.853099,0.0390624953433871,
,,,-0.853067,0.0195312476716936,
,,,-0.853035,0.0195312476716936,
,,,-0.853003,0,
,,,-0.852971,0,
,,,-0.852939,0.0195312476716936,
,,,-0.852907,0,
,,,-0.852875,0.0195312476716936,
,,,-0.852843,0,
,,,-0.852811,0,
,,,-0.852779,0.0195312476716936,
,,,-0.852747,0.0195312476716936,
,,,-0.852715,0,
,,,-0.852683,0,
,,,-0.852651,-0.0214843724388629,
,,,-0.852619,0.0195312476716936,
,,,-0.852587,0,
,,,-0.852555,0.0195312476716936,
,,,-0.852523,0.0195312476716936,
,,,-0.852491,0,
,,,-0.852459,0,
,,,-0.852427,0.0195312476716936,
,,,-0.852395,0,
,,,-0.852363,0.0195312476716936,
,,,-0.852331,0,
,,,-0.852299,0.0195312476716936,
,,,-0.852267,0.0195312476716936,
,,,-0.852235,0.0195312476716936,
,,,-0.852203,0,
,,,-0.852171,0,
,,,-0.852139,0.0195312476716936,
,,,-0.852107,0,
,,,-0.852075,0.0195312476716936,
,,,-0.852043,0.0195312476716936,
,,,-0.852011,0.0195312476716936,
,,,-0.851979,0.0195312476716936,
,,,-0.851947,0.0195312476716936,
,,,-0.851915,0.0195312476716936,
,,,-0.851883,0.0195312476716936,
,,,-0.851851,0,
,,,-0.851819,-0.0410156201105565,
,,,-0.851787,0,
,,,-0.851755,0.0195312476716936,
,,,-0.851723,0,
,,,-0.851691,0,
,,,-0.851659,0.0195312476716936,
,,,-0.851627,0,
,,,-0.851595,0,
,,,-0.851563,0.0195312476716936,
,,,-0.851531,0.0195312476716936,
,,,-0.851499,0,
,,,-0.851467,0.0195312476716936,
,,,-0.851435,0.0195312476716936,
,,,-0.851403,0,
,,,-0.851371,0,
,,,-0.851339,0.0195312476716936,
,,,-0.851307,0.0195312476716936,
,,,-0.851275,0.0195312476716936,
,,,-0.851243,0,
,,,-0.851211,0,
,,,-0.851179,0.0195312476716936,
,,,-0.851147,0.0195312476716936,
,,,-0.851115,0.0195312476716936,
,,,-0.851083,0.0195312476716936,
,,,-0.851051,0.0195312476716936,
,,,-0.851019,0,
,,,-0.850987,0.0195312476716936,
,,,-0.850955,0,
,,,-0.850923,0.0195312476716936,
,,,-0.850891,0.0195312476716936,
,,,-0.850859,0.0195312476716936,
,,,-0.850827,0.0195312476716936,
,,,-0.850795,0,
,,,-0.850763,0.0195312476716936,
,,,-0.850731,0,
,,,-0.850699,0,
,,,-0.850667,0.0195312476716936,
,,,-0.850635,0.0195312476716936,
,,,-0.850603,0,
,,,-0.850571,0.0195312476716936,
,,,-0.850539,0,
,,,-0.850507,0,
,,,-0.850475,0,
,,,-0.850443,0,
,,,-0.850411,0.0195312476716936,
,,,-0.850379,0.0195312476716936,
,,,-0.850347,0,
,,,-0.850315,0,
,,,-0.850283,0,
,,,-0.850251,0.0195312476716936,
,,,-0.850219,0,
,,,-0.850187,0,
,,,-0.850155,0.0195312476716936,
,,,-0.850123,0.0195312476716936,
,,,-0.850091,-0.0410156201105565,
,,,-0.850059,0,
,,,-0.850027,0.0390624953433871,
,,,-0.849995,0.0195312476716936,
,,,-0.849963,0.0195312476716936,
,,,-0.849931,0.0195312476716936,
,,,-0.849899,0,
,,,-0.849867,0.0195312476716936,
,,,-0.849835,0.0195312476716936,
,,,-0.849803,-0.0214843724388629,
,,,-0.849771,0,
,,,-0.849739,0.0195312476716936,
,,,-0.849707,0,
,,,-0.849675,0,
,,,-0.849643,-0.06054686778225,
,,,-0.849611,0.0195312476716936,
,,,-0.849579,0.0195312476716936,
,,,-0.849547,0,
,,,-0.849515,0.0195312476716936,
,,,-0.849483,0,
,,,-0.849451,0.0195312476716936,
,,,-0.849419,0.0195312476716936,
,,,-0.849387,0.0195312476716936,
,,,-0.849355,0,
,,,-0.849323,0.0195312476716936,
,,,-0.849291,0,
,,,-0.849259,0,
,,,-0.849227,0.0195312476716936,
,,,-0.849195,-0.0214843724388629,
,,,-0.849163,0.0195312476716936,
,,,-0.849131,0.0195312476716936,
,,,-0.849099,0.0195312476716936,
,,,-0.849067,0.0195312476716936,
,,,-0.849035,0,
,,,-0.849003,0.0195312476716936,
,,,-0.848971,-0.0214843724388629,
,,,-0.848939,0.0195312476716936,
,,,-0.848907,-0.0214843724388629,
,,,-0.848875,0.0195312476716936,
,,,-0.848843,0.0195312476716936,
,,,-0.848811,0,
,,,-0.848779,0.0195312476716936,
,,,-0.848747,0.0390624953433871,
,,,-0.848715,0,
,,,-0.848683,0.0195312476716936,
,,,-0.848651,0.0195312476716936,
,,,-0.848619,0,
,,,-0.848587,0.0195312476716936,
,,,-0.848555,0.0195312476716936,
,,,-0.848523,0,
,,,-0.848491,-0.0214843724388629,
,,,-0.848459,0,
,,,-0.848427,0,
,,,-0.848395,0,
,,,-0.848363,0,
,,,-0.848331,0,
,,,-0.848299,0.0195312476716936,
,,,-0.848267,0.0195312476716936,
,,,-0.848235,0.0195312476716936,
,,,-0.848203,0,
,,,-0.848171,0,
,,,-0.848139,-0.0214843724388629,
,,,-0.848107,0.0195312476716936,
,,,-0.848075,0,
,,,-0.848043,0.0195312476716936,
,,,-0.848011,0.0195312476716936,
,,,-0.847979,0,
,,,-0.847947,0,
,,,-0.847915,0.0195312476716936,
,,,-0.847883,0,
,,,-0.847851,0.0195312476716936,
,,,-0.847819,0.0195312476716936,
,,,-0.847787,-0.0214843724388629,
,,,-0.847755,0.0195312476716936,
,,,-0.847723,0.0195312476716936,
,,,-0.847691,0.0195312476716936,
,,,-0.847659,0,
,,,-0.847627,0,
,,,-0.847595,0,
,,,-0.847563,0.0195312476716936,
,,,-0.847531,0,
,,,-0.847499,0,
,,,-0.847467,0,
,,,-0.847435,0,
,,,-0.847403,0.0195312476716936,
,,,-0.847371,0.0195312476716936,
,,,-0.847339,0,
,,,-0.847307,0.0195312476716936,
,,,-0.847275,0.0195312476716936,
,,,-0.847243,0.0195312476716936,
,,,-0.847211,0,
,,,-0.847179,0.0195312476716936,
,,,-0.847147,0.0195312476716936,
,,,-0.847115,0.0195312476716936,
,,,-0.847083,0.0195312476716936,
,,,-0.847051,0,
,,,-0.847019,0.0195312476716936,
,,,-0.846987,0.0195312476716936,
,,,-0.846955,0,
,,,-0.846923,0.0195312476716936,
,,,-0.846891,0.0195312476716936,
,,,-0.846859,0,
,,,-0.846827,0.0195312476716936,
,,,-0.846795,0,
,,,-0.846763,0.0195312476716936,
,,,-0.846731,0.0195312476716936,
,,,-0.846699,0.0195312476716936,
,,,-0.846667,0.0195312476716936,
,,,-0.846635,0.0195312476716936,
,,,-0.846603,0.0195312476716936,
,,,-0.846571,0.0195312476716936,
,,,-0.846539,0.0195312476716936,
,,,-0.846507,-0.0214843724388629,
,,,-0.846475,0.0195312476716936,
,,,-0.846443,0,
,,,-0.846411,0.0195312476716936,
,,,-0.846379,0.0195312476716936,
,,,-0.846347,0.0195312476716936,
,,,-0.846315,0.0195312476716936,
,,,-0.846283,0.0195312476716936,
,,,-0.846251,0.0195312476716936,
,,,-0.846219,0,
,,,-0.846187,0,
,,,-0.846155,0.0195312476716936,
,,,-0.846123,0.0195312476716936,
,,,-0.846091,0,
,,,-0.846059,-0.0214843724388629,
,,,-0.846027,0.0195312476716936,
,,,-0.845995,0.0195312476716936,
,,,-0.845963,0,
,,,-0.845931,0.0195312476716936,
,,,-0.845899,0.0195312476716936,
,,,-0.845867,0.0195312476716936,
,,,-0.845835,0.0195312476716936,
,,,-0.845803,0,
,,,-0.845771,0.0195312476716936,
,,,-0.845739,0.0195312476716936,
,,,-0.845707,0.0195312476716936,
,,,-0.845675,0.0195312476716936,
,,,-0.845643,-0.0214843724388629,
,,,-0.845611,0,
,,,-0.845579,0.0195312476716936,
,,,-0.845547,0,
,,,-0.845515,-0.0214843724388629,
,,,-0.845483,0,
,,,-0.845451,0,
,,,-0.845419,0,
,,,-0.845387,0,
,,,-0.845355,0.0195312476716936,
,,,-0.845323,0.0195312476716936,
,,,-0.845291,0,
,,,-0.845259,0,
,,,-0.845227,0,
,,,-0.845195,0,
,,,-0.845163,0,
,,,-0.845131,0.0195312476716936,
,,,-0.845099,0.0195312476716936,
,,,-0.845067,0,
,,,-0.845035,0,
,,,-0.845003,0,
,,,-0.844971,-0.0214843724388629,
,,,-0.844939,0,
,,,-0.844907,0,
,,,-0.844875,0.0195312476716936,
,,,-0.844843,0,
,,,-0.844811,0,
,,,-0.844779,0.0390624953433871,
,,,-0.844747,0.0195312476716936,
,,,-0.844715,0,
,,,-0.844683,0.0195312476716936,
,,,-0.844651,0.0195312476716936,
,,,-0.844619,0,
,,,-0.844587,0.0195312476716936,
,,,-0.844555,0,
,,,-0.844523,0,
,,,-0.844491,0,
,,,-0.844459,0,
,,,-0.844427,0,
,,,-0.844395,0.0195312476716936,
,,,-0.844363,0,
,,,-0.844331,-0.0214843724388629,
,,,-0.844299,0.0195312476716936,
,,,-0.844267,0,
,,,-0.844235,-0.0214843724388629,
,,,-0.844203,0,
,,,-0.844171,0.0195312476716936,
,,,-0.844139,0,
,,,-0.844107,0,
,,,-0.844075,0,
,,,-0.844043,0.0195312476716936,
,,,-0.844011,0,
,,,-0.843979,0,
,,,-0.843947,-0.0214843724388629,
,,,-0.843915,0,
,,,-0.843883,0.0195312476716936,
,,,-0.843851,0,
,,,-0.843819,0,
,,,-0.843787,0,
,,,-0.843755,0.0195312476716936,
,,,-0.843723,0,
,,,-0.843691,0,
,,,-0.843659,0,
,,,-0.843627,0.0195312476716936,
,,,-0.843595,-0.0214843724388629,
,,,-0.843563,0,
,,,-0.843531,0,
,,,-0.843499,0,
,,,-0.843467,0,
,,,-0.843435,0,
,,,-0.843403,0,
,,,-0.843371,0,
,,,-0.843339,0,
,,,-0.843307,0,
,,,-0.843275,0,
,,,-0.843243,0,
,,,-0.843211,0,
,,,-0.843179,0,
,,,-0.843147,0,
,,,-0.843115,0,
,,,-0.843083,0,
,,,-0.843051,0,
,,,-0.843019,0,
,,,-0.842987,0.0195312476716936,
,,,-0.842955,0,
,,,-0.842923,0.0195312476716936,
,,,-0.842891,0,
,,,-0.842859,0,
,,,-0.842827,0,
,,,-0.842795,0,
,,,-0.842763,0,
,,,-0.842731,0.0195312476716936,
,,,-0.842699,0,
,,,-0.842667,0.0195312476716936,
,,,-0.842635,0,
,,,-0.842603,0,
,,,-0.842571,0,
,,,-0.842539,0.0195312476716936,
,,,-0.842507,0.0195312476716936,
,,,-0.842475,0,
,,,-0.842443,0,
,,,-0.842411,0.0195312476716936,
,,,-0.842379,0.0195312476716936,
,,,-0.842347,0,
,,,-0.842315,0.0195312476716936,
,,,-0.842283,0.0195312476716936,
,,,-0.842251,0,
,,,-0.842219,0,
,,,-0.842187,0.0195312476716936,
,,,-0.842155,0.0195312476716936,
,,,-0.842123,-0.0214843724388629,
,,,-0.842091,0,
,,,-0.842059,0.0195312476716936,
,,,-0.842027,0,
,,,-0.841995,0,
,,,-0.841963,0,
,,,-0.841931,0,
,,,-0.841899,0,
,,,-0.841867,0.0195312476716936,
,,,-0.841835,0.0195312476716936,
,,,-0.841803,0,
,,,-0.841771,0,
,,,-0.841739,0,
,,,-0.841707,0.0195312476716936,
,,,-0.841675,0,
,,,-0.841643,0,
,,,-0.841611,0.0195312476716936,
,,,-0.841579,0.0195312476716936,
,,,-0.841547,0,
,,,-0.841515,0.0195312476716936,
,,,-0.841483,0.0195312476716936,
,,,-0.841451,0.0195312476716936,
,,,-0.841419,0,
,,,-0.841387,0.0195312476716936,
,,,-0.841355,0.0390624953433871,
,,,-0.841323,0,
,,,-0.841291,0,
,,,-0.841259,0,
,,,-0.841227,-0.0410156201105565,
,,,-0.841195,0,
,,,-0.841163,0,
,,,-0.841131,0.0195312476716936,
,,,-0.841099,0.0195312476716936,
,,,-0.841067,-0.0214843724388629,
,,,-0.841035,0.0195312476716936,
,,,-0.841003,0,
,,,-0.840971,0.0195312476716936,
,,,-0.840939,-0.0214843724388629,
,,,-0.840907,0,
,,,-0.840875,0,
,,,-0.840843,0,
,,,-0.840811,-0.0410156201105565,
,,,-0.840779,0.0195312476716936,
,,,-0.840747,0.0195312476716936,
,,,-0.840715,0,
,,,-0.840683,0,
,,,-0.840651,0.0195312476716936,
,,,-0.840619,0,
,,,-0.840587,0.0195312476716936,
,,,-0.840555,-0.0800781154539436,
,,,-0.840523,0,
,,,-0.840491,0.0195312476716936,
,,,-0.840459,0,
,,,-0.840427,0,
,,,-0.840395,0,
,,,-0.840363,0,
,,,-0.840331,0.0195312476716936,
,,,-0.840299,0.0195312476716936,
,,,-0.840267,0.0585937430150807,
,,,-0.840235,0,
,,,-0.840203,0.0195312476716936,
,,,-0.840171,0,
,,,-0.840139,0.0195312476716936,
,,,-0.840107,0,
,,,-0.840075,0.0195312476716936,
,,,-0.840043,0,
,,,-0.840011,0.0195312476716936,
,,,-0.839979,0.0585937430150807,
,,,-0.839947,0.0195312476716936,
,,,-0.839915,0,
,,,-0.839883,0,
,,,-0.839851,0,
,,,-0.839819,0.0390624953433871,
,,,-0.839787,0,
,,,-0.839755,-0.0214843724388629,
,,,-0.839723,0,
,,,-0.839691,0.0195312476716936,
,,,-0.839659,0.0195312476716936,
,,,-0.839627,0.0195312476716936,
,,,-0.839595,0.0195312476716936,
,,,-0.839563,0.0195312476716936,
,,,-0.839531,0,
,,,-0.839499,0.0195312476716936,
,,,-0.839467,0.0195312476716936,
,,,-0.839435,-0.0214843724388629,
,,,-0.839403,-0.0214843724388629,
,,,-0.839371,0.0195312476716936,
,,,-0.839339,0.0195312476716936,
,,,-0.839307,0.0195312476716936,
,,,-0.839275,0,
,,,-0.839243,0.0195312476716936,
,,,-0.839211,0.0390624953433871,
,,,-0.839179,0,
,,,-0.839147,0,
,,,-0.839115,0,
,,,-0.839083,0,
,,,-0.839051,0,
,,,-0.839019,-0.0214843724388629,
,,,-0.838987,0,
,,,-0.838955,0,
,,,-0.838923,0.0195312476716936,
,,,-0.838891,0,
,,,-0.838859,0,
,,,-0.838827,0,
,,,-0.838795,0.0195312476716936,
,,,-0.838763,0,
,,,-0.838731,0,
,,,-0.838699,0,
,,,-0.838667,0,
,,,-0.838635,0,
,,,-0.838603,-0.0214843724388629,
,,,-0.838571,0,
,,,-0.838539,0,
,,,-0.838507,-0.0214843724388629,
,,,-0.838475,0.0195312476716936,
,,,-0.838443,0.0195312476716936,
,,,-0.838411,0,
,,,-0.838379,0.0195312476716936,
,,,-0.838347,0,
,,,-0.838315,0,
,,,-0.838283,0,
,,,-0.838251,0,
,,,-0.838219,0,
,,,-0.838187,-0.0214843724388629,
,,,-0.838155,0.0390624953433871,
,,,-0.838123,0,
,,,-0.838091,0.0195312476716936,
,,,-0.838059,0.0195312476716936,
,,,-0.838027,-0.0214843724388629,
,,,-0.837995,0.0195312476716936,
,,,-0.837963,0,
,,,-0.837931,0,
,,,-0.837899,0,
,,,-0.837867,0,
,,,-0.837835,0,
,,,-0.837803,-0.0214843724388629,
,,,-0.837771,0,
,,,-0.837739,0.0195312476716936,
,,,-0.837707,0,
,,,-0.837675,0,
,,,-0.837643,0.0195312476716936,
,,,-0.837611,0.0195312476716936,
,,,-0.837579,0.0195312476716936,
,,,-0.837547,0.0195312476716936,
,,,-0.837515,0,
,,,-0.837483,0,
,,,-0.837451,0.0195312476716936,
,,,-0.837419,0,
,,,-0.837387,0,
,,,-0.837355,0.0195312476716936,
,,,-0.837323,0.0195312476716936,
,,,-0.837291,0.0195312476716936,
,,,-0.837259,0,
,,,-0.837227,0,
,,,-0.837195,0.0195312476716936,
,,,-0.837163,0.0195312476716936,
,,,-0.837131,0,
,,,-0.837099,0.0195312476716936,
,,,-0.837067,0.0195312476716936,
,,,-0.837035,0.0195312476716936,
,,,-0.837003,0.0195312476716936,
,,,-0.836971,0.0195312476716936,
,,,-0.836939,-0.0214843724388629,
,,,-0.836907,0,
,,,-0.836875,0,
,,,-0.836843,0.0195312476716936,
,,,-0.836811,0.0195312476716936,
,,,-0.836779,0.0195312476716936,
,,,-0.836747,0.0195312476716936,
,,,-0.836715,0.0195312476716936,
,,,-0.836683,-0.0214843724388629,
,,,-0.836651,0,
,,,-0.836619,0,
,,,-0.836587,0.0195312476716936,
,,,-0.836555,0,
,,,-0.836523,0.0195312476716936,
,,,-0.836491,-0.0214843724388629,
,,,-0.836459,0.0195312476716936,
,,,-0.836427,0.0195312476716936,
,,,-0.836395,0.0195312476716936,
,,,-0.836363,0,
,,,-0.836331,0,
,,,-0.836299,0.0195312476716936,
,,,-0.836267,0.0195312476716936,
,,,-0.836235,0.0195312476716936,
,,,-0.836203,0.0195312476716936,
,,,-0.836171,0,
,,,-0.836139,0,
,,,-0.836107,0.0195312476716936,
,,,-0.836075,0.0195312476716936,
,,,-0.836043,0,
,,,-0.836011,-0.0410156201105565,
,,,-0.835979,0.0195312476716936,
,,,-0.835947,0.0195312476716936,
,,,-0.835915,0.0195312476716936,
,,,-0.835883,0.0195312476716936,
,,,-0.835851,0.0195312476716936,
,,,-0.835819,0.0195312476716936,
,,,-0.835787,0,
,,,-0.835755,0.0195312476716936,
,,,-0.835723,0,
,,,-0.835691,0.0195312476716936,
,,,-0.835659,0.0195312476716936,
,,,-0.835627,0.0195312476716936,
,,,-0.835595,0.0195312476716936,
,,,-0.835563,0.0195312476716936,
,,,-0.835531,0,
,,,-0.835499,0,
,,,-0.835467,0.0195312476716936,
,,,-0.835435,0.0195312476716936,
,,,-0.835403,0,
,,,-0.835371,0.0195312476716936,
,,,-0.835339,0.0195312476716936,
,,,-0.835307,0.0195312476716936,
,,,-0.835275,0.0195312476716936,
,,,-0.835243,-0.0214843724388629,
,,,-0.835211,0.0195312476716936,
,,,-0.835179,0,
,,,-0.835147,0,
,,,-0.835115,0.0195312476716936,
,,,-0.835083,0.0195312476716936,
,,,-0.835051,0.0195312476716936,
,,,-0.835019,0.0195312476716936,
,,,-0.834987,0.0195312476716936,
,,,-0.834955,0.0195312476716936,
,,,-0.834923,-0.0214843724388629,
,,,-0.834891,0.0195312476716936,
,,,-0.834859,0.0195312476716936,
,,,-0.834827,0.0195312476716936,
,,,-0.834795,0,
,,,-0.834763,0.0195312476716936,
,,,-0.834731,0.0195312476716936,
,,,-0.834699,0,
,,,-0.834667,-0.0214843724388629,
,,,-0.834635,0,
,,,-0.834603,-0.0214843724388629,
,,,-0.834571,0.0195312476716936,
,,,-0.834539,0,
,,,-0.834507,0.0195312476716936,
,,,-0.834475,0.0195312476716936,
,,,-0.834443,0.0195312476716936,
,,,-0.834411,0.0390624953433871,
,,,-0.834379,0,
,,,-0.834347,0,
,,,-0.834315,0,
,,,-0.834283,-0.0214843724388629,
,,,-0.834251,0,
,,,-0.834219,0.0195312476716936,
,,,-0.834187,0.0195312476716936,
,,,-0.834155,0,
,,,-0.834123,0.0195312476716936,
,,,-0.834091,0,
,,,-0.834059,0.0390624953433871,
,,,-0.834027,0,
,,,-0.833995,0.0195312476716936,
,,,-0.833963,0,
,,,-0.833931,0.0195312476716936,
,,,-0.833899,0.0195312476716936,
,,,-0.833867,0,
,,,-0.833835,-0.0214843724388629,
,,,-0.833803,0,
,,,-0.833771,0.0390624953433871,
,,,-0.833739,0.0195312476716936,
,,,-0.833707,0.0195312476716936,
,,,-0.833675,-0.0410156201105565,
,,,-0.833643,0,
,,,-0.833611,0,
,,,-0.833579,0.0195312476716936,
,,,-0.833547,0,
,,,-0.833515,0.0195312476716936,
,,,-0.833483,0.0195312476716936,
,,,-0.833451,0,
,,,-0.833419,0.0195312476716936,
,,,-0.833387,0,
,,,-0.833355,0.0195312476716936,
,,,-0.833323,0.0195312476716936,
,,,-0.833291,0.0195312476716936,
,,,-0.833259,0,
,,,-0.833227,0.0195312476716936,
,,,-0.833195,0,
,,,-0.833163,0,
,,,-0.833131,0,
,,,-0.833099,0,
,,,-0.833067,0.0195312476716936,
,,,-0.833035,0,
,,,-0.833003,0,
,,,-0.832971,-0.0214843724388629,
,,,-0.832939,0.0195312476716936,
,,,-0.832907,0.0195312476716936,
,,,-0.832875,0.0195312476716936,
,,,-0.832843,0,
,,,-0.832811,-0.0214843724388629,
,,,-0.832779,0,
,,,-0.832747,-0.0214843724388629,
,,,-0.832715,-0.0214843724388629,
,,,-0.832683,-0.0214843724388629,
,,,-0.832651,0.0195312476716936,
,,,-0.832619,0.0195312476716936,
,,,-0.832587,0,
,,,-0.832555,0,
,,,-0.832523,0.0390624953433871,
,,,-0.832491,0.0195312476716936,
,,,-0.832459,0.0195312476716936,
,,,-0.832427,0.0195312476716936,
,,,-0.832395,0,
,,,-0.832363,0,
,,,-0.832331,-0.0214843724388629,
,,,-0.832299,0,
,,,-0.832267,0.0195312476716936,
,,,-0.832235,0,
,,,-0.832203,0,
,,,-0.832171,0,
,,,-0.832139,0.0195312476716936,
,,,-0.832107,0.0195312476716936,
,,,-0.832075,0.0195312476716936,
,,,-0.832043,0.0195312476716936,
,,,-0.832011,0,
,,,-0.831979,0.0195312476716936,
,,,-0.831947,0,
,,,-0.831915,0,
,,,-0.831883,0.0195312476716936,
,,,-0.831851,0.0195312476716936,
,,,-0.831819,0.0195312476716936,
,,,-0.831787,0.0195312476716936,
,,,-0.831755,0,
,,,-0.831723,0,
,,,-0.831691,0.0195312476716936,
,,,-0.831659,0.0585937430150807,
,,,-0.831627,0.0390624953433871,
,,,-0.831595,0,
,,,-0.831563,0,
,,,-0.831531,0,
,,,-0.831499,0,
,,,-0.831467,0.0195312476716936,
,,,-0.831435,0.0390624953433871,
,,,-0.831403,0.0195312476716936,
,,,-0.831371,0.0195312476716936,
,,,-0.831339,-0.0800781154539436,
,,,-0.831307,0.0195312476716936,
,,,-0.831275,0,
,,,-0.831243,0.0195312476716936,
,,,-0.831211,0.0195312476716936,
,,,-0.831179,0.0195312476716936,
,,,-0.831147,0,
,,,-0.831115,0.0195312476716936,
,,,-0.831083,0.0390624953433871,
,,,-0.831051,0,
,,,-0.831019,0.0195312476716936,
,,,-0.830987,-0.0214843724388629,
,,,-0.830955,0.0195312476716936,
,,,-0.830923,0,
,,,-0.830891,-0.0410156201105565,
,,,-0.830859,0,
,,,-0.830827,0,
,,,-0.830795,0.0195312476716936,
,,,-0.830763,0.0195312476716936,
,,,-0.830731,0.0195312476716936,
,,,-0.830699,0.0195312476716936,
,,,-0.830667,0,
,,,-0.830635,0.0195312476716936,
,,,-0.830603,0.0195312476716936,
,,,-0.830571,0.0195312476716936,
,,,-0.830539,0.0195312476716936,
,,,-0.830507,0.0195312476716936,
,,,-0.830475,0.0195312476716936,
,,,-0.830443,0.0195312476716936,
,,,-0.830411,0.0195312476716936,
,,,-0.830379,0.0195312476716936,
,,,-0.830347,0.0195312476716936,
,,,-0.830315,0.0195312476716936,
,,,-0.830283,0,
,,,-0.830251,0.0195312476716936,
,,,-0.830219,0.0195312476716936,
,,,-0.830187,0.0390624953433871,
,,,-0.830155,0,
,,,-0.830123,0.0195312476716936,
,,,-0.830091,0.0195312476716936,
,,,-0.830059,0.0195312476716936,
,,,-0.830027,0.0195312476716936,
,,,-0.829995,0.0195312476716936,
,,,-0.829963,0.0195312476716936,
,,,-0.829931,0.0195312476716936,
,,,-0.829899,0.0195312476716936,
,,,-0.829867,0.0390624953433871,
,,,-0.829835,0,
,,,-0.829803,0,
,,,-0.829771,0.0195312476716936,
,,,-0.829739,0,
,,,-0.829707,0.0195312476716936,
,,,-0.829675,0,
,,,-0.829643,0.0195312476716936,
,,,-0.829611,0.0195312476716936,
,,,-0.829579,0.0195312476716936,
,,,-0.829547,0.0195312476716936,
,,,-0.829515,0.0195312476716936,
,,,-0.829483,0.0390624953433871,
,,,-0.829451,0.0195312476716936,
,,,-0.829419,0.0195312476716936,
,,,-0.829387,0.0195312476716936,
,,,-0.829355,0.0195312476716936,
,,,-0.829323,0,
,,,-0.829291,0.0195312476716936,
,,,-0.829259,0,
,,,-0.829227,0.0195312476716936,
,,,-0.829195,0.0195312476716936,
,,,-0.829163,0.0195312476716936,
,,,-0.829131,0.0195312476716936,
,,,-0.829099,0,
,,,-0.829067,0,
,,,-0.829035,0,
,,,-0.829003,0.0195312476716936,
,,,-0.828971,0,
,,,-0.828939,0,
,,,-0.828907,0,
,,,-0.828875,0,
,,,-0.828843,0,
,,,-0.828811,0.0195312476716936,
,,,-0.828779,0.0195312476716936,
,,,-0.828747,0,
,,,-0.828715,0.0390624953433871,
,,,-0.828683,0,
,,,-0.828651,0,
,,,-0.828619,0.0390624953433871,
,,,-0.828587,0,
,,,-0.828555,0,
,,,-0.828523,0,
,,,-0.828491,0,
,,,-0.828459,0.0195312476716936,
,,,-0.828427,0.0195312476716936,
,,,-0.828395,0.0195312476716936,
,,,-0.828363,-0.0214843724388629,
,,,-0.828331,0,
,,,-0.828299,0,
,,,-0.828267,0.0195312476716936,
,,,-0.828235,0,
,,,-0.828203,0,
,,,-0.828171,-0.0410156201105565,
,,,-0.828139,0,
,,,-0.828107,0,
,,,-0.828075,0,
,,,-0.828043,0,
,,,-0.828011,0.0195312476716936,
,,,-0.827979,0.0195312476716936,
,,,-0.827947,0,
,,,-0.827915,0,
,,,-0.827883,0.0390624953433871,
,,,-0.827851,0,
,,,-0.827819,-0.0214843724388629,
,,,-0.827787,0,
,,,-0.827755,0.0195312476716936,
,,,-0.827723,0,
,,,-0.827691,0.0195312476716936,
,,,-0.827659,0.0195312476716936,
,,,-0.827627,0.0195312476716936,
,,,-0.827595,0,
,,,-0.827563,0,
,,,-0.827531,0,
,,,-0.827499,0,
,,,-0.827467,0,
,,,-0.827435,0,
,,,-0.827403,0,
,,,-0.827371,0,
,,,-0.827339,0,
,,,-0.827307,0,
,,,-0.827275,0,
,,,-0.827243,0,
,,,-0.827211,0,
,,,-0.827179,0,
,,,-0.827147,0,
,,,-0.827115,0,
,,,-0.827083,-0.0214843724388629,
,,,-0.827051,0,
,,,-0.827019,0,
,,,-0.826987,0,
,,,-0.826955,0,
,,,-0.826923,0.0195312476716936,
,,,-0.826891,0,
,,,-0.826859,0,
,,,-0.826827,0,
,,,-0.826795,0,
,,,-0.826763,0,
,,,-0.826731,0,
,,,-0.826699,0,
,,,-0.826667,0.0195312476716936,
,,,-0.826635,0,
,,,-0.826603,0.0195312476716936,
,,,-0.826571,0.0195312476716936,
,,,-0.826539,0,
,,,-0.826507,0,
,,,-0.826475,0,
,,,-0.826443,0.0195312476716936,
,,,-0.826411,0,
,,,-0.826379,0,
,,,-0.826347,0,
,,,-0.826315,0,
,,,-0.826283,0.0195312476716936,
,,,-0.826251,0,
,,,-0.826219,0,
,,,-0.826187,0,
,,,-0.826155,0.0195312476716936,
,,,-0.826123,0,
,,,-0.826091,0,
,,,-0.826059,0.0195312476716936,
,,,-0.826027,0.0195312476716936,
,,,-0.825995,0.0195312476716936,
,,,-0.825963,0,
,,,-0.825931,0,
,,,-0.825899,0,
,,,-0.825867,0,
,,,-0.825835,0,
,,,-0.825803,0,
,,,-0.825771,0,
,,,-0.825739,0,
,,,-0.825707,0.0195312476716936,
,,,-0.825675,0,
,,,-0.825643,0,
,,,-0.825611,0.0195312476716936,
,,,-0.825579,0.0195312476716936,
,,,-0.825547,0.0195312476716936,
,,,-0.825515,0,
,,,-0.825483,0,
,,,-0.825451,0.0195312476716936,
,,,-0.825419,0.0195312476716936,
,,,-0.825387,0.0195312476716936,
,,,-0.825355,0,
,,,-0.825323,0,
,,,-0.825291,0.0195312476716936,
,,,-0.825259,0.0195312476716936,
,,,-0.825227,0.0195312476716936,
,,,-0.825195,0,
,,,-0.825163,0,
,,,-0.825131,0.0195312476716936,
,,,-0.825099,0,
,,,-0.825067,0,
,,,-0.825035,0,
,,,-0.825003,0.0195312476716936,
,,,-0.824971,0,
,,,-0.824939,0.0195312476716936,
,,,-0.824907,0,
,,,-0.824875,0.0195312476716936,
,,,-0.824843,0,
,,,-0.824811,0.0195312476716936,
,,,-0.824779,-0.0214843724388629,
,,,-0.824747,0.0195312476716936,
,,,-0.824715,0.0195312476716936,
,,,-0.824683,0,
,,,-0.824651,-0.0214843724388629,
,,,-0.824619,0,
,,,-0.824587,0.0195312476716936,
,,,-0.824555,0,
,,,-0.824523,0,
,,,-0.824491,0,
,,,-0.824459,0,
,,,-0.824427,0.0195312476716936,
,,,-0.824395,0.0195312476716936,
,,,-0.824363,0,
,,,-0.824331,0,
,,,-0.824299,0.0195312476716936,
,,,-0.824267,-0.0410156201105565,
,,,-0.824235,0,
,,,-0.824203,0.0390624953433871,
,,,-0.824171,0,
,,,-0.824139,0.0195312476716936,
,,,-0.824107,0.0195312476716936,
,,,-0.824075,0.0195312476716936,
,,,-0.824043,0.0195312476716936,
,,,-0.824011,0.0195312476716936,
,,,-0.823979,0,
,,,-0.823947,0,
,,,-0.823915,0.0195312476716936,
,,,-0.823883,0.0195312476716936,
,,,-0.823851,0,
,,,-0.823819,0,
,,,-0.823787,0.0195312476716936,
,,,-0.823755,0,
,,,-0.823723,0.0195312476716936,
,,,-0.823691,0.0195312476716936,
,,,-0.823659,0.0195312476716936,
,,,-0.823627,0.0195312476716936,
,,,-0.823595,0.0195312476716936,
,,,-0.823563,0,
,,,-0.823531,0,
,,,-0.823499,-0.0214843724388629,
,,,-0.823467,0,
,,,-0.823435,0,
,,,-0.823403,0,
,,,-0.823371,0.0195312476716936,
,,,-0.823339,0.0390624953433871,
,,,-0.823307,0.0195312476716936,
,,,-0.823275,0,
,,,-0.823243,0,
,,,-0.823211,0,
,,,-0.823179,0,
,,,-0.823147,0.0390624953433871,
,,,-0.823115,0,
,,,-0.823083,0,
,,,-0.823051,0.0195312476716936,
,,,-0.823019,0.0195312476716936,
,,,-0.822987,0,
,,,-0.822955,0,
,,,-0.822923,0,
,,,-0.822891,-0.0214843724388629,
,,,-0.822859,0.0195312476716936,
,,,-0.822827,0.0195312476716936,
,,,-0.822795,0.0195312476716936,
,,,-0.822763,0.0195312476716936,
,,,-0.822731,0,
,,,-0.822699,0.0195312476716936,
,,,-0.822667,-0.06054686778225,
,,,-0.822635,0,
,,,-0.822603,0.0195312476716936,
,,,-0.822571,0,
,,,-0.822539,0,
,,,-0.822507,0,
,,,-0.822475,0.0195312476716936,
,,,-0.822443,0,
,,,-0.822411,0,
,,,-0.822379,0,
,,,-0.822347,0,
,,,-0.822315,0,
,,,-0.822283,0,
,,,-0.822251,0,
,,,-0.822219,0.0195312476716936,
,,,-0.822187,0,
,,,-0.822155,-0.0214843724388629,
,,,-0.822123,0.0195312476716936,
,,,-0.822091,0,
,,,-0.822059,0,
,,,-0.822027,0,
,,,-0.821995,-0.0214843724388629,
,,,-0.821963,0.0195312476716936,
,,,-0.821931,0,
,,,-0.821899,-0.0800781154539436,
,,,-0.821867,0,
,,,-0.821835,-0.0214843724388629,
,,,-0.821803,0,
,,,-0.821771,0,
,,,-0.821739,-0.0214843724388629,
,,,-0.821707,0,
,,,-0.821675,0.0390624953433871,
,,,-0.821643,0,
,,,-0.821611,0,
,,,-0.821579,0,
,,,-0.821547,0.0195312476716936,
,,,-0.821515,0,
,,,-0.821483,0,
,,,-0.821451,0.0195312476716936,
,,,-0.821419,-0.0214843724388629,
,,,-0.821387,0,
,,,-0.821355,0,
,,,-0.821323,0,
,,,-0.821291,0,
,,,-0.821259,-0.0214843724388629,
,,,-0.821227,0,
,,,-0.821195,0,
,,,-0.821163,0,
,,,-0.821131,0,
,,,-0.821099,0.0195312476716936,
,,,-0.821067,0,
,,,-0.821035,0,
,,,-0.821003,0,
,,,-0.820971,0.0195312476716936,
,,,-0.820939,0.0195312476716936,
,,,-0.820907,0,
,,,-0.820875,0,
,,,-0.820843,0,
,,,-0.820811,0,
,,,-0.820779,0,
,,,-0.820747,0,
,,,-0.820715,0.0195312476716936,
,,,-0.820683,0.0195312476716936,
,,,-0.820651,0,
,,,-0.820619,0,
,,,-0.820587,0,
,,,-0.820555,-0.0214843724388629,
,,,-0.820523,0.0195312476716936,
,,,-0.820491,0.0195312476716936,
,,,-0.820459,0,
,,,-0.820427,0.0195312476716936,
,,,-0.820395,0.0195312476716936,
,,,-0.820363,0.0195312476716936,
,,,-0.820331,0,
,,,-0.820299,0.0195312476716936,
,,,-0.820267,0.0195312476716936,
,,,-0.820235,0.0195312476716936,
,,,-0.820203,0.0195312476716936,
,,,-0.820171,0.0195312476716936,
,,,-0.820139,0.0195312476716936,
,,,-0.820107,0,
,,,-0.820075,0,
,,,-0.820043,0.0195312476716936,
,,,-0.820011,0,
,,,-0.819979,0.0195312476716936,
,,,-0.819947,0.0195312476716936,
,,,-0.819915,0.0195312476716936,
,,,-0.819883,0,
,,,-0.819851,0.0195312476716936,
,,,-0.819819,0.0195312476716936,
,,,-0.819787,0,
,,,-0.819755,0,
,,,-0.819723,0.0195312476716936,
,,,-0.819691,0.0195312476716936,
,,,-0.819659,0.0195312476716936,
,,,-0.819627,0.0195312476716936,
,,,-0.819595,0.0195312476716936,
,,,-0.819563,0,
,,,-0.819531,-0.0214843724388629,
,,,-0.819499,0.0195312476716936,
,,,-0.819467,0.0195312476716936,
,,,-0.819435,0,
,,,-0.819403,0,
,,,-0.819371,0,
,,,-0.819339,0,
,,,-0.819307,0.0195312476716936,
,,,-0.819275,0.0195312476716936,
,,,-0.819243,0.0195312476716936,
,,,-0.819211,-0.0214843724388629,
,,,-0.819179,0.0195312476716936,
,,,-0.819147,0,
,,,-0.819115,0.0195312476716936,
,,,-0.819083,0,
,,,-0.819051,0.0195312476716936,
,,,-0.819019,0,
,,,-0.818987,0,
,,,-0.818955,0,
,,,-0.818923,0.0195312476716936,
,,,-0.818891,-0.0214843724388629,
,,,-0.818859,0.0195312476716936,
,,,-0.818827,0.0195312476716936,
,,,-0.818795,0.0195312476716936,
,,,-0.818763,0,
,,,-0.818731,0,
,,,-0.818699,0.0195312476716936,
,,,-0.818667,0.0195312476716936,
,,,-0.818635,-0.0214843724388629,
,,,-0.818603,0.0195312476716936,
,,,-0.818571,0,
,,,-0.818539,0.0195312476716936,
,,,-0.818507,0.0195312476716936,
,,,-0.818475,0.0195312476716936,
,,,-0.818443,0.0195312476716936,
,,,-0.818411,0,
,,,-0.818379,0.0195312476716936,
,,,-0.818347,0,
,,,-0.818315,0,
,,,-0.818283,-0.0214843724388629,
,,,-0.818251,0,
,,,-0.818219,0.0195312476716936,
,,,-0.818187,0,
,,,-0.818155,0.0195312476716936,
,,,-0.818123,0,
,,,-0.818091,0.0195312476716936,
,,,-0.818059,0.0195312476716936,
,,,-0.818027,0,
,,,-0.817995,0.0195312476716936,
,,,-0.817963,0,
,,,-0.817931,0,
,,,-0.817899,-0.0214843724388629,
,,,-0.817867,0,
,,,-0.817835,0,
,,,-0.817803,0.0195312476716936,
,,,-0.817771,0.0195312476716936,
,,,-0.817739,0,
,,,-0.817707,0.0195312476716936,
,,,-0.817675,0.0390624953433871,
,,,-0.817643,0,
,,,-0.817611,-0.0214843724388629,
,,,-0.817579,0,
,,,-0.817547,0.0195312476716936,
,,,-0.817515,0.0195312476716936,
,,,-0.817483,0,
,,,-0.817451,0.0195312476716936,
,,,-0.817419,0,
,,,-0.817387,0,
,,,-0.817355,0.0195312476716936,
,,,-0.817323,-0.0214843724388629,
,,,-0.817291,0.0195312476716936,
,,,-0.817259,0.0195312476716936,
,,,-0.817227,0.0195312476716936,
,,,-0.817195,0,
,,,-0.817163,0,
,,,-0.817131,0.0195312476716936,
,,,-0.817099,0,
,,,-0.817067,0.0195312476716936,
,,,-0.817035,0,
,,,-0.817003,0.0195312476716936,
,,,-0.816971,0,
,,,-0.816939,0.0195312476716936,
,,,-0.816907,0,
,,,-0.816875,0,
,,,-0.816843,0.0195312476716936,
,,,-0.816811,0,
,,,-0.816779,0,
,,,-0.816747,0,
,,,-0.816715,0.0195312476716936,
,,,-0.816683,0.0195312476716936,
,,,-0.816651,0.0195312476716936,
,,,-0.816619,0.0195312476716936,
,,,-0.816587,0.0195312476716936,
,,,-0.816555,0.0195312476716936,
,,,-0.816523,0.0390624953433871,
,,,-0.816491,0.0195312476716936,
,,,-0.816459,0,
,,,-0.816427,0,
,,,-0.816395,0,
,,,-0.816363,0.0195312476716936,
,,,-0.816331,0.0195312476716936,
,,,-0.816299,0.0390624953433871,
,,,-0.816267,0,
,,,-0.816235,0.0195312476716936,
,,,-0.816203,0,
,,,-0.816171,0.0195312476716936,
,,,-0.816139,0.0195312476716936,
,,,-0.816107,0,
,,,-0.816075,0.0195312476716936,
,,,-0.816043,0.0195312476716936,
,,,-0.816011,0.0195312476716936,
,,,-0.815979,0,
,,,-0.815947,0,
,,,-0.815915,0,
,,,-0.815883,0.0195312476716936,
,,,-0.815851,0.0195312476716936,
,,,-0.815819,-0.0214843724388629,
,,,-0.815787,0.0195312476716936,
,,,-0.815755,0.0195312476716936,
,,,-0.815723,0.0390624953433871,
,,,-0.815691,0.0195312476716936,
,,,-0.815659,-0.0214843724388629,
,,,-0.815627,0,
,,,-0.815595,0.0195312476716936,
,,,-0.815563,0.0195312476716936,
,,,-0.815531,0.0195312476716936,
,,,-0.815499,0.0195312476716936,
,,,-0.815467,-0.0410156201105565,
,,,-0.815435,0,
,,,-0.815403,0.0195312476716936,
,,,-0.815371,0.0195312476716936,
,,,-0.815339,0.0195312476716936,
,,,-0.815307,-0.0410156201105565,
,,,-0.815275,0.0195312476716936,
,,,-0.815243,0.0195312476716936,
,,,-0.815211,0.0195312476716936,
,,,-0.815179,0.0195312476716936,
,,,-0.815147,0.0195312476716936,
,,,-0.815115,0.0195312476716936,
,,,-0.815083,0,
,,,-0.815051,0.0195312476716936,
,,,-0.815019,-0.0214843724388629,
,,,-0.814987,0,
,,,-0.814955,0.0195312476716936,
,,,-0.814923,0.0195312476716936,
,,,-0.814891,-0.0214843724388629,
,,,-0.814859,0.0195312476716936,
,,,-0.814827,0,
,,,-0.814795,0,
,,,-0.814763,0,
,,,-0.814731,0.0195312476716936,
,,,-0.814699,0.0195312476716936,
,,,-0.814667,0.0195312476716936,
,,,-0.814635,0.0195312476716936,
,,,-0.814603,0.0195312476716936,
,,,-0.814571,-0.0214843724388629,
,,,-0.814539,0.0195312476716936,
,,,-0.814507,0.0195312476716936,
,,,-0.814475,0.0195312476716936,
,,,-0.814443,0.0195312476716936,
,,,-0.814411,0,
,,,-0.814379,0.0390624953433871,
,,,-0.814347,0.0195312476716936,
,,,-0.814315,0,
,,,-0.814283,0.0195312476716936,
,,,-0.814251,0,
,,,-0.814219,0.0195312476716936,
,,,-0.814187,0.0390624953433871,
,,,-0.814155,0.0195312476716936,
,,,-0.814123,0.0195312476716936,
,,,-0.814091,0,
,,,-0.814059,0.0195312476716936,
,,,-0.814027,0,
,,,-0.813995,0.0195312476716936,
,,,-0.813963,0,
,,,-0.813931,0.0195312476716936,
,,,-0.813899,0,
,,,-0.813867,0,
,,,-0.813835,0,
,,,-0.813803,0.0195312476716936,
,,,-0.813771,0,
,,,-0.813739,0.0195312476716936,
,,,-0.813707,0.0195312476716936,
,,,-0.813675,0.0195312476716936,
,,,-0.813643,0.0195312476716936,
,,,-0.813611,0,
,,,-0.813579,0.0195312476716936,
,,,-0.813547,0.0195312476716936,
,,,-0.813515,0.0195312476716936,
,,,-0.813483,-0.0410156201105565,
,,,-0.813451,0.0390624953433871,
,,,-0.813419,0.0195312476716936,
,,,-0.813387,0.0195312476716936,
,,,-0.813355,0,
,,,-0.813323,0.0195312476716936,
,,,-0.813291,0,
,,,-0.813259,0.0390624953433871,
,,,-0.813227,0.0390624953433871,
,,,-0.813195,0.0195312476716936,
,,,-0.813163,0.0195312476716936,
,,,-0.813131,0,
,,,-0.813099,0.0195312476716936,
,,,-0.813067,0.0195312476716936,
,,,-0.813035,0.0195312476716936,
,,,-0.813003,0,
,,,-0.812971,0.0195312476716936,
,,,-0.812939,-0.0214843724388629,
,,,-0.812907,0.0195312476716936,
,,,-0.812875,0.0195312476716936,
,,,-0.812843,0,
,,,-0.812811,0.0195312476716936,
,,,-0.812779,-0.0214843724388629,
,,,-0.812747,0,
,,,-0.812715,-0.0214843724388629,
,,,-0.812683,0,
,,,-0.812651,0.0390624953433871,
,,,-0.812619,0.0195312476716936,
,,,-0.812587,0.0195312476716936,
,,,-0.812555,0.0195312476716936,
,,,-0.812523,0,
,,,-0.812491,0,
,,,-0.812459,0,
,,,-0.812427,0.0195312476716936,
,,,-0.812395,0,
,,,-0.812363,0.0195312476716936,
,,,-0.812331,0.0195312476716936,
,,,-0.812299,0,
,,,-0.812267,0,
,,,-0.812235,-0.0214843724388629,
,,,-0.812203,0.0195312476716936,
,,,-0.812171,0.0195312476716936,
,,,-0.812139,0.0195312476716936,
,,,-0.812107,0.0195312476716936,
,,,-0.812075,0,
,,,-0.812043,0.0195312476716936,
,,,-0.812011,0,
,,,-0.811979,0,
,,,-0.811947,0,
,,,-0.811915,0.0195312476716936,
,,,-0.811883,0.0390624953433871,
,,,-0.811851,0.0195312476716936,
,,,-0.811819,-0.0410156201105565,
,,,-0.811787,0.0195312476716936,
,,,-0.811755,0.0195312476716936,
,,,-0.811723,0,
,,,-0.811691,0.0195312476716936,
,,,-0.811659,0,
,,,-0.811627,0.0195312476716936,
,,,-0.811595,0,
,,,-0.811563,0.0195312476716936,
,,,-0.811531,0,
,,,-0.811499,0.0195312476716936,
,,,-0.811467,0,
,,,-0.811435,0.0195312476716936,
,,,-0.811403,0,
,,,-0.811371,0.0195312476716936,
,,,-0.811339,0.0195312476716936,
,,,-0.811307,0,
,,,-0.811275,0.0195312476716936,
,,,-0.811243,0,
,,,-0.811211,0,
,,,-0.811179,0.0195312476716936,
,,,-0.811147,0,
,,,-0.811115,0.0195312476716936,
,,,-0.811083,0,
,,,-0.811051,0,
,,,-0.811019,0,
,,,-0.810987,0,
,,,-0.810955,0,
,,,-0.810923,0,
,,,-0.810891,0.0195312476716936,
,,,-0.810859,0,
,,,-0.810827,0,
,,,-0.810795,0.0195312476716936,
,,,-0.810763,0,
,,,-0.810731,0.0195312476716936,
,,,-0.810699,0,
,,,-0.810667,0,
,,,-0.810635,0,
,,,-0.810603,0,
,,,-0.810571,-0.0214843724388629,
,,,-0.810539,0,
,,,-0.810507,0,
,,,-0.810475,0.0195312476716936,
,,,-0.810443,0,
,,,-0.810411,0,
,,,-0.810379,0,
,,,-0.810347,0,
,,,-0.810315,0.0195312476716936,
,,,-0.810283,0,
,,,-0.810251,0.0195312476716936,
,,,-0.810219,0,
,,,-0.810187,0,
,,,-0.810155,0.0195312476716936,
,,,-0.810123,0,
,,,-0.810091,-0.0214843724388629,
,,,-0.810059,-0.0214843724388629,
,,,-0.810027,0,
,,,-0.809995,0,
,,,-0.809963,0,
,,,-0.809931,0,
,,,-0.809899,0.0195312476716936,
,,,-0.809867,0,
,,,-0.809835,0,
,,,-0.809803,0,
,,,-0.809771,0,
,,,-0.809739,0,
,,,-0.809707,0.0195312476716936,
,,,-0.809675,0.0195312476716936,
,,,-0.809643,0,
,,,-0.809611,0,
,,,-0.809579,0,
,,,-0.809547,0,
,,,-0.809515,0,
,,,-0.809483,0,
,,,-0.809451,0,
,,,-0.809419,0,
,,,-0.809387,-0.0214843724388629,
,,,-0.809355,0,
,,,-0.809323,0,
,,,-0.809291,0,
,,,-0.809259,0,
,,,-0.809227,0,
,,,-0.809195,0,
,,,-0.809163,0.0195312476716936,
,,,-0.809131,0,
,,,-0.809099,-0.0214843724388629,
,,,-0.809067,0,
,,,-0.809035,0,
,,,-0.809003,0,
,,,-0.808971,0.0195312476716936,
,,,-0.808939,0,
,,,-0.808907,0,
,,,-0.808875,0,
,,,-0.808843,0.0195312476716936,
,,,-0.808811,0,
,,,-0.808779,0,
,,,-0.808747,0.0195312476716936,
,,,-0.808715,0.0195312476716936,
,,,-0.808683,0.0195312476716936,
,,,-0.808651,0,
,,,-0.808619,0,
,,,-0.808587,0,
,,,-0.808555,0.0195312476716936,
,,,-0.808523,0,
,,,-0.808491,0.0195312476716936,
,,,-0.808459,0.0195312476716936,
,,,-0.808427,0.0195312476716936,
,,,-0.808395,0.0195312476716936,
,,,-0.808363,0.0195312476716936,
,,,-0.808331,-0.0214843724388629,
,,,-0.808299,0.0195312476716936,
,,,-0.808267,0.0195312476716936,
,,,-0.808235,0.0195312476716936,
,,,-0.808203,0.0195312476716936,
,,,-0.808171,0.0390624953433871,
,,,-0.808139,0,
,,,-0.808107,0.0195312476716936,
,,,-0.808075,0.0195312476716936,
,,,-0.808043,-0.0214843724388629,
,,,-0.808011,0.0195312476716936,
,,,-0.807979,0,
,,,-0.807947,0.0195312476716936,
,,,-0.807915,0.0195312476716936,
,,,-0.807883,0.0390624953433871,
,,,-0.807851,0.0195312476716936,
,,,-0.807819,0,
,,,-0.807787,0,
,,,-0.807755,0.0195312476716936,
,,,-0.807723,0,
,,,-0.807691,0.0195312476716936,
,,,-0.807659,0.0195312476716936,
,,,-0.807627,0.0195312476716936,
,,,-0.807595,0,
,,,-0.807563,0.0195312476716936,
,,,-0.807531,0,
,,,-0.807499,0.0195312476716936,
,,,-0.807467,0,
,,,-0.807435,0,
,,,-0.807403,-0.0214843724388629,
,,,-0.807371,0.0390624953433871,
,,,-0.807339,0.0195312476716936,
,,,-0.807307,0,
,,,-0.807275,0.0195312476716936,
,,,-0.807243,0,
,,,-0.807211,0,
,,,-0.807179,-0.0214843724388629,
,,,-0.807147,0,
,,,-0.807115,0,
,,,-0.807083,0,
,,,-0.807051,0.0195312476716936,
,,,-0.807019,0.0195312476716936,
,,,-0.806987,0,
,,,-0.806955,0.0195312476716936,
,,,-0.806923,0.0195312476716936,
,,,-0.806891,0.0195312476716936,
,,,-0.806859,0,
,,,-0.806827,0.0195312476716936,
,,,-0.806795,0.0195312476716936,
,,,-0.806763,-0.0214843724388629,
,,,-0.806731,0,
,,,-0.806699,0,
,,,-0.806667,0,
,,,-0.806635,0.0195312476716936,
,,,-0.806603,0.0195312476716936,
,,,-0.806571,0.0195312476716936,
,,,-0.806539,-0.06054686778225,
,,,-0.806507,0.0195312476716936,
,,,-0.806475,0.0195312476716936,
,,,-0.806443,0,
,,,-0.806411,0.0195312476716936,
,,,-0.806379,0.0390624953433871,
,,,-0.806347,0.0195312476716936,
,,,-0.806315,0,
,,,-0.806283,0,
,,,-0.806251,0.0195312476716936,
,,,-0.806219,0.0195312476716936,
,,,-0.806187,0.0195312476716936,
,,,-0.806155,0.0195312476716936,
,,,-0.806123,0,
,,,-0.806091,0.0195312476716936,
,,,-0.806059,0.0195312476716936,
,,,-0.806027,0,
,,,-0.805995,0.0195312476716936,
,,,-0.805963,0,
,,,-0.805931,0,
,,,-0.805899,0.0195312476716936,
,,,-0.805867,0.0195312476716936,
,,,-0.805835,0,
,,,-0.805803,0.0195312476716936,
,,,-0.805771,0,
,,,-0.805739,0.0195312476716936,
,,,-0.805707,0,
,,,-0.805675,0.0195312476716936,
,,,-0.805643,0.0195312476716936,
,,,-0.805611,0,
,,,-0.805579,0,
,,,-0.805547,0.0195312476716936,
,,,-0.805515,0,
,,,-0.805483,0,
,,,-0.805451,0,
,,,-0.805419,0,
,,,-0.805387,0.0390624953433871,
,,,-0.805355,0,
,,,-0.805323,0.0195312476716936,
,,,-0.805291,-0.0214843724388629,
,,,-0.805259,0,
,,,-0.805227,0,
,,,-0.805195,0.0195312476716936,
,,,-0.805163,0.0390624953433871,
,,,-0.805131,0,
,,,-0.805099,0,
,,,-0.805067,0,
,,,-0.805035,0,
,,,-0.805003,0,
,,,-0.804971,0,
,,,-0.804939,0,
,,,-0.804907,0,
,,,-0.804875,-0.0214843724388629,
,,,-0.804843,0.0195312476716936,
,,,-0.804811,-0.0214843724388629,
,,,-0.804779,0,
,,,-0.804747,0,
,,,-0.804715,0.0195312476716936,
,,,-0.804683,0,
,,,-0.804651,0.0195312476716936,
,,,-0.804619,0.0195312476716936,
,,,-0.804587,0,
,,,-0.804555,0,
,,,-0.804523,0,
,,,-0.804491,0.0195312476716936,
,,,-0.804459,0,
,,,-0.804427,0.0195312476716936,
,,,-0.804395,-0.0214843724388629,
,,,-0.804363,0,
,,,-0.804331,0.0195312476716936,
,,,-0.804299,-0.0214843724388629,
,,,-0.804267,0,
,,,-0.804235,0,
,,,-0.804203,0,
,,,-0.804171,0,
,,,-0.804139,0,
,,,-0.804107,0,
,,,-0.804075,0,
,,,-0.804043,0,
,,,-0.804011,0,
,,,-0.803979,0.0195312476716936,
,,,-0.803947,-0.0214843724388629,
,,,-0.803915,-0.0214843724388629,
,,,-0.803883,0.0195312476716936,
,,,-0.803851,0,
,,,-0.803819,0.0195312476716936,
,,,-0.803787,0,
,,,-0.803755,0,
,,,-0.803723,0.0195312476716936,
,,,-0.803691,0.0195312476716936,
,,,-0.803659,0.0195312476716936,
,,,-0.803627,0,
,,,-0.803595,0.0195312476716936,
,,,-0.803563,-0.0214843724388629,
,,,-0.803531,0.0195312476716936,
,,,-0.803499,0,
,,,-0.803467,0.0195312476716936,
,,,-0.803435,0.0195312476716936,
,,,-0.803403,0.0195312476716936,
,,,-0.803371,0,
,,,-0.803339,0.0195312476716936,
,,,-0.803307,0,
,,,-0.803275,0,
,,,-0.803243,0.0195312476716936,
,,,-0.803211,0.0195312476716936,
,,,-0.803179,0,
,,,-0.803147,0,
,,,-0.803115,0.0195312476716936,
,,,-0.803083,0,
,,,-0.803051,0.0195312476716936,
,,,-0.803019,0.0195312476716936,
,,,-0.802987,0.0195312476716936,
,,,-0.802955,0.0195312476716936,
,,,-0.802923,0.0195312476716936,
,,,-0.802891,0,
,,,-0.802859,0.0195312476716936,
,,,-0.802827,0.0195312476716936,
,,,-0.802795,0,
,,,-0.802763,0.0195312476716936,
,,,-0.802731,0,
,,,-0.802699,0,
,,,-0.802667,0.0195312476716936,
,,,-0.802635,0,
,,,-0.802603,0,
,,,-0.802571,0.0195312476716936,
,,,-0.802539,0,
,,,-0.802507,0,
,,,-0.802475,0.0195312476716936,
,,,-0.802443,0,
,,,-0.802411,0,
,,,-0.802379,0,
,,,-0.802347,0.0195312476716936,
,,,-0.802315,0,
,,,-0.802283,0.0195312476716936,
,,,-0.802251,0.0195312476716936,
,,,-0.802219,0.0195312476716936,
,,,-0.802187,0.0195312476716936,
,,,-0.802155,0,
,,,-0.802123,0.0195312476716936,
,,,-0.802091,0,
,,,-0.802059,0.0195312476716936,
,,,-0.802027,0.0195312476716936,
,,,-0.801995,0.0195312476716936,
,,,-0.801963,0.0195312476716936,
,,,-0.801931,0,
,,,-0.801899,0,
,,,-0.801867,0.0195312476716936,
,,,-0.801835,0,
,,,-0.801803,0,
,,,-0.801771,0.0195312476716936,
,,,-0.801739,0.0195312476716936,
,,,-0.801707,0,
,,,-0.801675,0,
,,,-0.801643,0,
,,,-0.801611,0.0195312476716936,
,,,-0.801579,0,
,,,-0.801547,0,
,,,-0.801515,0,
,,,-0.801483,0,
,,,-0.801451,0,
,,,-0.801419,0,
,,,-0.801387,0,
,,,-0.801355,0,
,,,-0.801323,0,
,,,-0.801291,0.0195312476716936,
,,,-0.801259,0.0195312476716936,
,,,-0.801227,0,
,,,-0.801195,0.0195312476716936,
,,,-0.801163,0,
,,,-0.801131,0,
,,,-0.801099,0.0195312476716936,
,,,-0.801067,0,
,,,-0.801035,0.0195312476716936,
,,,-0.801003,0,
,,,-0.800971,0.0195312476716936,
,,,-0.800939,0,
,,,-0.800907,0.0195312476716936,
,,,-0.800875,0.0195312476716936,
,,,-0.800843,0.0195312476716936,
,,,-0.800811,0.0195312476716936,
,,,-0.800779,0.0195312476716936,
,,,-0.800747,0.0195312476716936,
,,,-0.800715,0.0195312476716936,
,,,-0.800683,0.0195312476716936,
,,,-0.800651,0.0195312476716936,
,,,-0.800619,0.0195312476716936,
,,,-0.800587,0,
,,,-0.800555,0.0195312476716936,
,,,-0.800523,0,
,,,-0.800491,0,
,,,-0.800459,0,
,,,-0.800427,0.0195312476716936,
,,,-0.800395,0.0195312476716936,
,,,-0.800363,0.0195312476716936,
,,,-0.800331,0,
,,,-0.800299,0,
,,,-0.800267,0,
,,,-0.800235,0,
,,,-0.800203,0.0195312476716936,
,,,-0.800171,0.0195312476716936,
,,,-0.800139,0,
,,,-0.800107,0.0195312476716936,
,,,-0.800075,0.0195312476716936,
,,,-0.800043,0.0195312476716936,
,,,-0.800011,0,
,,,-0.799979,0.0195312476716936,
,,,-0.799947,0.0195312476716936,
,,,-0.799915,0.0195312476716936,
,,,-0.799883,0.0195312476716936,
,,,-0.799851,0.0195312476716936,
,,,-0.799819,0,
,,,-0.799787,0,
,,,-0.799755,-0.0214843724388629,
,,,-0.799723,0.0195312476716936,
,,,-0.799691,0.0195312476716936,
,,,-0.799659,0.0195312476716936,
,,,-0.799627,-0.0214843724388629,
,,,-0.799595,0,
,,,-0.799563,0,
,,,-0.799531,0.0195312476716936,
,,,-0.799499,0,
,,,-0.799467,0.0195312476716936,
,,,-0.799435,0,
,,,-0.799403,0,
,,,-0.799371,0.0195312476716936,
,,,-0.799339,0.0195312476716936,
,,,-0.799307,0.0195312476716936,
,,,-0.799275,0,
,,,-0.799243,0,
,,,-0.799211,0,
,,,-0.799179,0.0195312476716936,
,,,-0.799147,0.0195312476716936,
,,,-0.799115,0.0195312476716936,
,,,-0.799083,0.0195312476716936,
,,,-0.799051,0.0195312476716936,
,,,-0.799019,0.0195312476716936,
,,,-0.798987,0.0195312476716936,
,,,-0.798955,0.0195312476716936,
,,,-0.798923,0.0195312476716936,
,,,-0.798891,0.0195312476716936,
,,,-0.798859,0.0195312476716936,
,,,-0.798827,0,
,,,-0.798795,0.0195312476716936,
,,,-0.798763,0.0195312476716936,
,,,-0.798731,0.0195312476716936,
,,,-0.798699,0,
,,,-0.798667,0.0195312476716936,
,,,-0.798635,0,
,,,-0.798603,0,
,,,-0.798571,0.0195312476716936,
,,,-0.798539,0,
,,,-0.798507,0,
,,,-0.798475,0.0195312476716936,
,,,-0.798443,-0.0214843724388629,
,,,-0.798411,-0.0214843724388629,
,,,-0.798379,0.0195312476716936,
,,,-0.798347,0.0195312476716936,
,,,-0.798315,0,
,,,-0.798283,0.0195312476716936,
,,,-0.798251,0.0195312476716936,
,,,-0.798219,0.0195312476716936,
,,,-0.798187,0,
,,,-0.798155,0,
,,,-0.798123,0,
,,,-0.798091,0.0195312476716936,
,,,-0.798059,0,
,,,-0.798027,0.0195312476716936,
,,,-0.797995,0.0195312476716936,
,,,-0.797963,0.0195312476716936,
,,,-0.797931,0.0195312476716936,
,,,-0.797899,0,
,,,-0.797867,0.0195312476716936,
,,,-0.797835,0.0195312476716936,
,,,-0.797803,0.0195312476716936,
,,,-0.797771,0.0195312476716936,
,,,-0.797739,0.0195312476716936,
,,,-0.797707,0.0195312476716936,
,,,-0.797675,0.0195312476716936,
,,,-0.797643,0,
,,,-0.797611,-0.0214843724388629,
,,,-0.797579,0.0195312476716936,
,,,-0.797547,0,
,,,-0.797515,-0.0410156201105565,
,,,-0.797483,0,
,,,-0.797451,0,
,,,-0.797419,0.0195312476716936,
,,,-0.797387,-0.0214843724388629,
,,,-0.797355,-0.0214843724388629,
,,,-0.797323,0,
,,,-0.797291,0.0195312476716936,
,,,-0.797259,0.0390624953433871,
,,,-0.797227,0.0390624953433871,
,,,-0.797195,0.0195312476716936,
,,,-0.797163,-0.0410156201105565,
,,,-0.797131,0,
,,,-0.797099,0.0195312476716936,
,,,-0.797067,0.0195312476716936,
,,,-0.797035,0.0195312476716936,
,,,-0.797003,0.0195312476716936,
,,,-0.796971,0,
,,,-0.796939,0.0195312476716936,
,,,-0.796907,0.0195312476716936,
,,,-0.796875,0.0195312476716936,
,,,-0.796843,0,
,,,-0.796811,0,
,,,-0.796779,0,
,,,-0.796747,0.0195312476716936,
,,,-0.796715,0,
,,,-0.796683,-0.0214843724388629,
,,,-0.796651,0.0195312476716936,
,,,-0.796619,0.0195312476716936,
,,,-0.796587,0.0390624953433871,
,,,-0.796555,0.0195312476716936,
,,,-0.796523,0.0195312476716936,
,,,-0.796491,0,
,,,-0.796459,0.0195312476716936,
,,,-0.796427,0.0195312476716936,
,,,-0.796395,0,
,,,-0.796363,0.0195312476716936,
,,,-0.796331,0.0195312476716936,
,,,-0.796299,0,
,,,-0.796267,0.0195312476716936,
,,,-0.796235,-0.0214843724388629,
,,,-0.796203,0.0195312476716936,
,,,-0.796171,0.0195312476716936,
,,,-0.796139,0,
,,,-0.796107,0.0195312476716936,
,,,-0.796075,0.0195312476716936,
,,,-0.796043,0,
,,,-0.796011,0.0195312476716936,
,,,-0.795979,0,
,,,-0.795947,0.0195312476716936,
,,,-0.795915,0.0195312476716936,
,,,-0.795883,0.0195312476716936,
,,,-0.795851,0,
,,,-0.795819,0,
,,,-0.795787,0.0195312476716936,
,,,-0.795755,0.0195312476716936,
,,,-0.795723,0.0195312476716936,
,,,-0.795691,0,
,,,-0.795659,0.0195312476716936,
,,,-0.795627,0.0195312476716936,
,,,-0.795595,-0.0214843724388629,
,,,-0.795563,0.0195312476716936,
,,,-0.795531,0,
,,,-0.795499,0,
,,,-0.795467,0.0195312476716936,
,,,-0.795435,0.0195312476716936,
,,,-0.795403,0,
,,,-0.795371,-0.0214843724388629,
,,,-0.795339,0,
,,,-0.795307,-0.0214843724388629,
,,,-0.795275,0.0195312476716936,
,,,-0.795243,0,
,,,-0.795211,-0.0214843724388629,
,,,-0.795179,0.0195312476716936,
,,,-0.795147,0,
,,,-0.795115,0.0390624953433871,
,,,-0.795083,-0.0214843724388629,
,,,-0.795051,0.0195312476716936,
,,,-0.795019,0,
,,,-0.794987,0,
,,,-0.794955,0,
,,,-0.794923,0,
,,,-0.794891,0,
,,,-0.794859,0,
,,,-0.794827,0,
,,,-0.794795,0.0195312476716936,
,,,-0.794763,0,
,,,-0.794731,0,
,,,-0.794699,-0.0214843724388629,
,,,-0.794667,0,
,,,-0.794635,0,
,,,-0.794603,0.0195312476716936,
,,,-0.794571,0,
,,,-0.794539,0.0195312476716936,
,,,-0.794507,0.0195312476716936,
,,,-0.794475,0.0195312476716936,
,,,-0.794443,0,
,,,-0.794411,0.0195312476716936,
,,,-0.794379,0,
,,,-0.794347,0,
,,,-0.794315,0,
,,,-0.794283,0.0195312476716936,
,,,-0.794251,0,
,,,-0.794219,0,
,,,-0.794187,-0.0214843724388629,
,,,-0.794155,0.0195312476716936,
,,,-0.794123,0,
,,,-0.794091,0,
,,,-0.794059,0,
,,,-0.794027,0,
,,,-0.793995,0,
,,,-0.793963,0.0195312476716936,
,,,-0.793931,0,
,,,-0.793899,0,
,,,-0.793867,0,
,,,-0.793835,0,
,,,-0.793803,0,
,,,-0.793771,0,
,,,-0.793739,0,
,,,-0.793707,0,
,,,-0.793675,0,
,,,-0.793643,0,
,,,-0.793611,0,
,,,-0.793579,0,
,,,-0.793547,0,
,,,-0.793515,0,
,,,-0.793483,0,
,,,-0.793451,0,
,,,-0.793419,0,
,,,-0.793387,-0.0214843724388629,
,,,-0.793355,0.0195312476716936,
,,,-0.793323,0,
,,,-0.793291,0,
,,,-0.793259,0,
,,,-0.793227,0,
,,,-0.793195,-0.0214843724388629,
,,,-0.793163,0,
,,,-0.793131,0,
,,,-0.793099,0,
,,,-0.793067,0.0195312476716936,
,,,-0.793035,0.0195312476716936,
,,,-0.793003,0.0195312476716936,
,,,-0.792971,0,
,,,-0.792939,0,
,,,-0.792907,0.0195312476716936,
,,,-0.792875,0.0195312476716936,
,,,-0.792843,0.0195312476716936,
,,,-0.792811,0,
,,,-0.792779,0.0195312476716936,
,,,-0.792747,0,
,,,-0.792715,0,
,,,-0.792683,0.0195312476716936,
,,,-0.792651,0.0195312476716936,
,,,-0.792619,0.0195312476716936,
,,,-0.792587,0,
,,,-0.792555,0,
,,,-0.792523,0.0195312476716936,
,,,-0.792491,0.0195312476716936,
,,,-0.792459,0.0195312476716936,
,,,-0.792427,0.0195312476716936,
,,,-0.792395,0.0195312476716936,
,,,-0.792363,0,
,,,-0.792331,0,
,,,-0.792299,0.0195312476716936,
,,,-0.792267,0.0195312476716936,
,,,-0.792235,0,
,,,-0.792203,0,
,,,-0.792171,0.0195312476716936,
,,,-0.792139,0.0195312476716936,
,,,-0.792107,0,
,,,-0.792075,0.0195312476716936,
,,,-0.792043,0,
,,,-0.792011,-0.0214843724388629,
,,,-0.791979,0.0390624953433871,
,,,-0.791947,0.0195312476716936,
,,,-0.791915,0.0195312476716936,
,,,-0.791883,0,
,,,-0.791851,0.0195312476716936,
,,,-0.791819,0.0195312476716936,
,,,-0.791787,0,
,,,-0.791755,0.0195312476716936,
,,,-0.791723,0.0195312476716936,
,,,-0.791691,-0.0214843724388629,
,,,-0.791659,0,
,,,-0.791627,0.0390624953433871,
,,,-0.791595,0.0195312476716936,
,,,-0.791563,0.0195312476716936,
,,,-0.791531,0,
,,,-0.791499,0.0195312476716936,
,,,-0.791467,-0.0214843724388629,
,,,-0.791435,0.0390624953433871,
,,,-0.791403,0,
,,,-0.791371,0.0195312476716936,
,,,-0.791339,0.0195312476716936,
,,,-0.791307,0,
,,,-0.791275,0,
,,,-0.791243,0.0195312476716936,
,,,-0.791211,0,
,,,-0.791179,0.0195312476716936,
,,,-0.791147,0.0195312476716936,
,,,-0.791115,0.0195312476716936,
,,,-0.791083,0.0195312476716936,
,,,-0.791051,0.0195312476716936,
,,,-0.791019,0.0195312476716936,
,,,-0.790987,0.0195312476716936,
,,,-0.790955,0,
,,,-0.790923,-0.0214843724388629,
,,,-0.790891,0,
,,,-0.790859,0.0195312476716936,
,,,-0.790827,0.0390624953433871,
,,,-0.790795,0,
,,,-0.790763,0.0195312476716936,
,,,-0.790731,0,
,,,-0.790699,0,
,,,-0.790667,0,
,,,-0.790635,0.0195312476716936,
,,,-0.790603,0.0195312476716936,
,,,-0.790571,0.0195312476716936,
,,,-0.790539,0.0195312476716936,
,,,-0.790507,0.0195312476716936,
,,,-0.790475,0,
,,,-0.790443,0.0195312476716936,
,,,-0.790411,0.0195312476716936,
,,,-0.790379,0,
,,,-0.790347,0,
,,,-0.790315,0.0195312476716936,
,,,-0.790283,0.0195312476716936,
,,,-0.790251,0.0195312476716936,
,,,-0.790219,-0.0214843724388629,
,,,-0.790187,0.0195312476716936,
,,,-0.790155,0.0195312476716936,
,,,-0.790123,0.0195312476716936,
,,,-0.790091,0.0195312476716936,
,,,-0.790059,0,
,,,-0.790027,0,
,,,-0.789995,0,
,,,-0.789963,0,
,,,-0.789931,0.0195312476716936,
,,,-0.789899,0,
,,,-0.789867,0.0195312476716936,
,,,-0.789835,0.0195312476716936,
,,,-0.789803,0.0195312476716936,
,,,-0.789771,0.0195312476716936,
,,,-0.789739,0.0195312476716936,
,,,-0.789707,0.0195312476716936,
,,,-0.789675,-0.0214843724388629,
,,,-0.789643,0.0195312476716936,
,,,-0.789611,0,
,,,-0.789579,0.0195312476716936,
,,,-0.789547,0.0195312476716936,
,,,-0.789515,0.0195312476716936,
,,,-0.789483,0,
,,,-0.789451,0,
,,,-0.789419,0.0195312476716936,
,,,-0.789387,0.0195312476716936,
,,,-0.789355,0.0195312476716936,
,,,-0.789323,0,
,,,-0.789291,0.0195312476716936,
,,,-0.789259,0.0195312476716936,
,,,-0.789227,0.0195312476716936,
,,,-0.789195,0.0195312476716936,
,,,-0.789163,0.0195312476716936,
,,,-0.789131,-0.0214843724388629,
,,,-0.789099,0.0195312476716936,
,,,-0.789067,0,
,,,-0.789035,0.0195312476716936,
,,,-0.789003,0,
,,,-0.788971,0.0195312476716936,
,,,-0.788939,0.0195312476716936,
,,,-0.788907,0.0585937430150807,
,,,-0.788875,0.0585937430150807,
,,,-0.788843,0.0195312476716936,
,,,-0.788811,0,
,,,-0.788779,0.0195312476716936,
,,,-0.788747,0.0195312476716936,
,,,-0.788715,0.0195312476716936,
,,,-0.788683,0,
,,,-0.788651,0.0195312476716936,
,,,-0.788619,0,
,,,-0.788587,0,
,,,-0.788555,0.0195312476716936,
,,,-0.788523,0.0195312476716936,
,,,-0.788491,0.0195312476716936,
,,,-0.788459,0.0195312476716936,
,,,-0.788427,0,
,,,-0.788395,0,
,,,-0.788363,0.0195312476716936,
,,,-0.788331,0,
,,,-0.788299,0.0195312476716936,
,,,-0.788267,0,
,,,-0.788235,0,
,,,-0.788203,0,
,,,-0.788171,0,
,,,-0.788139,0,
,,,-0.788107,0.0195312476716936,
,,,-0.788075,-0.0214843724388629,
,,,-0.788043,0,
,,,-0.788011,0,
,,,-0.787979,0,
,,,-0.787947,0.0195312476716936,
,,,-0.787915,0.0195312476716936,
,,,-0.787883,0,
,,,-0.787851,0,
,,,-0.787819,0,
,,,-0.787787,0.0195312476716936,
,,,-0.787755,0.0390624953433871,
,,,-0.787723,0,
,,,-0.787691,0,
,,,-0.787659,-0.0214843724388629,
,,,-0.787627,0,
,,,-0.787595,0.0390624953433871,
,,,-0.787563,0,
,,,-0.787531,-0.0214843724388629,
,,,-0.787499,0.0195312476716936,
,,,-0.787467,-0.0214843724388629,
,,,-0.787435,0.0195312476716936,
,,,-0.787403,-0.0214843724388629,
,,,-0.787371,0,
,,,-0.787339,0,
,,,-0.787307,0.0195312476716936,
,,,-0.787275,0,
,,,-0.787243,0.0195312476716936,
,,,-0.787211,0,
,,,-0.787179,0,
,,,-0.787147,0,
,,,-0.787115,-0.0214843724388629,
,,,-0.787083,0,
,,,-0.787051,-0.0214843724388629,
,,,-0.787019,0,
,,,-0.786987,0.0195312476716936,
,,,-0.786955,-0.0214843724388629,
,,,-0.786923,0,
,,,-0.786891,0.0390624953433871,
,,,-0.786859,0,
,,,-0.786827,0,
,,,-0.786795,-0.0214843724388629,
,,,-0.786763,0,
,,,-0.786731,0.0195312476716936,
,,,-0.786699,0.0195312476716936,
,,,-0.786667,0.0195312476716936,
,,,-0.786635,0.0195312476716936,
,,,-0.786603,0,
,,,-0.786571,0.0195312476716936,
,,,-0.786539,0.0195312476716936,
,,,-0.786507,0.0195312476716936,
,,,-0.786475,0.0195312476716936,
,,,-0.786443,0,
,,,-0.786411,0.0195312476716936,
,,,-0.786379,0.0195312476716936,
,,,-0.786347,0.0195312476716936,
,,,-0.786315,0,
,,,-0.786283,0.0195312476716936,
,,,-0.786251,0,
,,,-0.786219,0.0195312476716936,
,,,-0.786187,0.0195312476716936,
,,,-0.786155,0.0195312476716936,
,,,-0.786123,0.0195312476716936,
,,,-0.786091,0.0195312476716936,
,,,-0.786059,0.0195312476716936,
,,,-0.786027,-0.0214843724388629,
,,,-0.785995,0,
,,,-0.785963,0,
,,,-0.785931,0.0195312476716936,
,,,-0.785899,-0.0214843724388629,
,,,-0.785867,0,
,,,-0.785835,0,
,,,-0.785803,0.0195312476716936,
,,,-0.785771,0.0195312476716936,
,,,-0.785739,0,
,,,-0.785707,0,
,,,-0.785675,0.0195312476716936,
,,,-0.785643,0,
,,,-0.785611,0.0195312476716936,
,,,-0.785579,0.0195312476716936,
,,,-0.785547,0.0195312476716936,
,,,-0.785515,0.0195312476716936,
,,,-0.785483,0,
,,,-0.785451,0.0195312476716936,
,,,-0.785419,0.0195312476716936,
,,,-0.785387,0.0195312476716936,
,,,-0.785355,0,
,,,-0.785323,0.0195312476716936,
,,,-0.785291,0,
,,,-0.785259,0.0195312476716936,
,,,-0.785227,0.0195312476716936,
,,,-0.785195,0,
,,,-0.785163,0.0195312476716936,
,,,-0.785131,0,
,,,-0.785099,0,
,,,-0.785067,0.0195312476716936,
,,,-0.785035,-0.0214843724388629,
,,,-0.785003,0.0195312476716936,
,,,-0.784971,0,
,,,-0.784939,0,
,,,-0.784907,0.0195312476716936,
,,,-0.784875,0,
,,,-0.784843,0.0195312476716936,
,,,-0.784811,0,
,,,-0.784779,0,
,,,-0.784747,0.0195312476716936,
,,,-0.784715,0.0195312476716936,
,,,-0.784683,0,
,,,-0.784651,0,
,,,-0.784619,0,
,,,-0.784587,0.0195312476716936,
,,,-0.784555,0.0195312476716936,
,,,-0.784523,0.0195312476716936,
,,,-0.784491,0,
,,,-0.784459,0,
,,,-0.784427,0.0195312476716936,
,,,-0.784395,0,
,,,-0.784363,0,
,,,-0.784331,0.0195312476716936,
,,,-0.784299,0.0195312476716936,
,,,-0.784267,0.0195312476716936,
,,,-0.784235,0.0195312476716936,
,,,-0.784203,-0.0214843724388629,
,,,-0.784171,0.0195312476716936,
,,,-0.784139,0,
,,,-0.784107,0.0195312476716936,
,,,-0.784075,0.0195312476716936,
,,,-0.784043,0,
,,,-0.784011,0.0195312476716936,
,,,-0.783979,0,
,,,-0.783947,0.0195312476716936,
,,,-0.783915,0,
,,,-0.783883,0.0195312476716936,
,,,-0.783851,0.0195312476716936,
,,,-0.783819,0.0195312476716936,
,,,-0.783787,0,
,,,-0.783755,0.0195312476716936,
,,,-0.783723,0,
,,,-0.783691,-0.0214843724388629,
,,,-0.783659,0,
,,,-0.783627,0,
,,,-0.783595,0.0195312476716936,
,,,-0.783563,0.0195312476716936,
,,,-0.783531,0.0195312476716936,
,,,-0.783499,0,
,,,-0.783467,0.0195312476716936,
,,,-0.783435,0.0195312476716936,
,,,-0.783403,0.0195312476716936,
,,,-0.783371,0.0195312476716936,
,,,-0.783339,0.0195312476716936,
,,,-0.783307,-0.0214843724388629,
,,,-0.783275,0.0195312476716936,
,,,-0.783243,0.0195312476716936,
,,,-0.783211,0,
,,,-0.783179,0,
,,,-0.783147,0,
,,,-0.783115,0,
,,,-0.783083,0.0195312476716936,
,,,-0.783051,0,
,,,-0.783019,0.0195312476716936,
,,,-0.782987,0,
,,,-0.782955,0,
,,,-0.782923,0.0195312476716936,
,,,-0.782891,0.0195312476716936,
,,,-0.782859,0.0195312476716936,
,,,-0.782827,0.0195312476716936,
,,,-0.782795,0.0195312476716936,
,,,-0.782763,0,
,,,-0.782731,-0.0214843724388629,
,,,-0.782699,0,
,,,-0.782667,0.0195312476716936,
,,,-0.782635,0,
,,,-0.782603,0.0195312476716936,
,,,-0.782571,0,
,,,-0.782539,0,
,,,-0.782507,0,
,,,-0.782475,0,
,,,-0.782443,0.0195312476716936,
,,,-0.782411,0.0195312476716936,
,,,-0.782379,0.0195312476716936,
,,,-0.782347,0.0195312476716936,
,,,-0.782315,0.0195312476716936,
,,,-0.782283,0,
,,,-0.782251,0.0195312476716936,
,,,-0.782219,0.0195312476716936,
,,,-0.782187,0.0195312476716936,
,,,-0.782155,0.0195312476716936,
,,,-0.782123,0,
,,,-0.782091,-0.0410156201105565,
,,,-0.782059,-0.0214843724388629,
,,,-0.782027,0.0195312476716936,
,,,-0.781995,0.0195312476716936,
,,,-0.781963,0,
,,,-0.781931,-0.0800781154539436,
,,,-0.781899,0.0390624953433871,
,,,-0.781867,0,
,,,-0.781835,0,
,,,-0.781803,0.0195312476716936,
,,,-0.781771,0.0195312476716936,
,,,-0.781739,0.0195312476716936,
,,,-0.781707,0,
,,,-0.781675,0.0195312476716936,
,,,-0.781643,0.0390624953433871,
,,,-0.781611,0,
,,,-0.781579,0,
,,,-0.781547,0.0195312476716936,
,,,-0.781515,0.0195312476716936,
,,,-0.781483,0,
,,,-0.781451,0,
,,,-0.781419,0.0195312476716936,
,,,-0.781387,0.0585937430150807,
,,,-0.781355,0.0195312476716936,
,,,-0.781323,0.0585937430150807,
,,,-0.781291,0,
,,,-0.781259,0.0195312476716936,
,,,-0.781227,0.0585937430150807,
,,,-0.781195,0.0390624953433871,
,,,-0.781163,0,
,,,-0.781131,0.0195312476716936,
,,,-0.781099,0.0195312476716936,
,,,-0.781067,0.0195312476716936,
,,,-0.781035,0,
,,,-0.781003,0,
,,,-0.780971,0,
,,,-0.780939,-0.0214843724388629,
,,,-0.780907,0.0195312476716936,
,,,-0.780875,0,
,,,-0.780843,0.0195312476716936,
,,,-0.780811,0,
,,,-0.780779,0.0195312476716936,
,,,-0.780747,0.0195312476716936,
,,,-0.780715,-0.0214843724388629,
,,,-0.780683,0.0195312476716936,
,,,-0.780651,0,
,,,-0.780619,0.0195312476716936,
,,,-0.780587,0.0195312476716936,
,,,-0.780555,0.0390624953433871,
,,,-0.780523,0.0195312476716936,
,,,-0.780491,0.0195312476716936,
,,,-0.780459,0,
,,,-0.780427,0.0195312476716936,
,,,-0.780395,0.0195312476716936,
,,,-0.780363,0,
,,,-0.780331,0.0195312476716936,
,,,-0.780299,0,
,,,-0.780267,0,
,,,-0.780235,0,
,,,-0.780203,0.0195312476716936,
,,,-0.780171,0,
,,,-0.780139,0,
,,,-0.780107,0,
,,,-0.780075,0.0195312476716936,
,,,-0.780043,-0.0214843724388629,
,,,-0.780011,0.0390624953433871,
,,,-0.779979,0,
,,,-0.779947,0,
,,,-0.779915,0,
,,,-0.779883,0,
,,,-0.779851,0.0390624953433871,
,,,-0.779819,0.0195312476716936,
,,,-0.779787,0.0195312476716936,
,,,-0.779755,-0.0214843724388629,
,,,-0.779723,0.0195312476716936,
,,,-0.779691,0.0195312476716936,
,,,-0.779659,-0.0214843724388629,
,,,-0.779627,-0.0214843724388629,
,,,-0.779595,0,
,,,-0.779563,0.0195312476716936,
,,,-0.779531,0.0195312476716936,
,,,-0.779499,0.0195312476716936,
,,,-0.779467,0.0195312476716936,
,,,-0.779435,0.0195312476716936,
,,,-0.779403,-0.0214843724388629,
,,,-0.779371,-0.0214843724388629,
,,,-0.779339,0.0195312476716936,
,,,-0.779307,0,
,,,-0.779275,0.0195312476716936,
,,,-0.779243,0.0390624953433871,
,,,-0.779211,0.0195312476716936,
,,,-0.779179,0,
,,,-0.779147,0,
,,,-0.779115,-0.0214843724388629,
,,,-0.779083,0,
,,,-0.779051,-0.0214843724388629,
,,,-0.779019,0,
,,,-0.778987,0.0195312476716936,
,,,-0.778955,0,
,,,-0.778923,0,
,,,-0.778891,0.0195312476716936,
,,,-0.778859,-0.0214843724388629,
,,,-0.778827,0,
,,,-0.778795,0,
,,,-0.778763,0.0390624953433871,
,,,-0.778731,0.0195312476716936,
,,,-0.778699,0,
,,,-0.778667,0.0195312476716936,
,,,-0.778635,0,
,,,-0.778603,0.0195312476716936,
,,,-0.778571,0,
,,,-0.778539,0.0390624953433871,
,,,-0.778507,0,
,,,-0.778475,0.0195312476716936,
,,,-0.778443,0.0195312476716936,
,,,-0.778411,0.0195312476716936,
,,,-0.778379,0.0195312476716936,
,,,-0.778347,0.0195312476716936,
,,,-0.778315,0.0195312476716936,
,,,-0.778283,0.0195312476716936,
,,,-0.778251,0,
,,,-0.778219,0,
,,,-0.778187,0.0195312476716936,
,,,-0.778155,0,
,,,-0.778123,0.0195312476716936,
,,,-0.778091,0.0195312476716936,
,,,-0.778059,0.0195312476716936,
,,,-0.778027,0.0195312476716936,
,,,-0.777995,0,
,,,-0.777963,0.0195312476716936,
,,,-0.777931,0,
,,,-0.777899,0,
,,,-0.777867,0.0195312476716936,
,,,-0.777835,0,
,,,-0.777803,0,
,,,-0.777771,0,
,,,-0.777739,-0.0214843724388629,
,,,-0.777707,0,
,,,-0.777675,0.0195312476716936,
,,,-0.777643,0,
,,,-0.777611,0,
,,,-0.777579,-0.0214843724388629,
,,,-0.777547,0,
,,,-0.777515,0,
,,,-0.777483,0,
,,,-0.777451,0,
,,,-0.777419,0,
,,,-0.777387,0,
,,,-0.777355,0,
,,,-0.777323,0,
,,,-0.777291,0,
,,,-0.777259,0.0195312476716936,
,,,-0.777227,0.0195312476716936,
,,,-0.777195,0,
,,,-0.777163,0.0195312476716936,
,,,-0.777131,0.0195312476716936,
,,,-0.777099,0,
,,,-0.777067,0.0195312476716936,
,,,-0.777035,0,
,,,-0.777003,-0.0214843724388629,
,,,-0.776971,0,
,,,-0.776939,0,
,,,-0.776907,0.0195312476716936,
,,,-0.776875,0,
,,,-0.776843,0,
,,,-0.776811,0,
,,,-0.776779,0.0195312476716936,
,,,-0.776747,0.0195312476716936,
,,,-0.776715,-0.0214843724388629,
,,,-0.776683,0,
,,,-0.776651,0.0195312476716936,
,,,-0.776619,0,
,,,-0.776587,0,
,,,-0.776555,0,
,,,-0.776523,0.0195312476716936,
,,,-0.776491,0.0195312476716936,
,,,-0.776459,-0.0214843724388629,
,,,-0.776427,0.0195312476716936,
,,,-0.776395,0,
,,,-0.776363,0.0195312476716936,
,,,-0.776331,0.0195312476716936,
,,,-0.776299,0,
,,,-0.776267,0,
,,,-0.776235,0.0195312476716936,
,,,-0.776203,0.0195312476716936,
,,,-0.776171,0,
,,,-0.776139,0,
,,,-0.776107,0,
,,,-0.776075,0,
,,,-0.776043,0.0195312476716936,
,,,-0.776011,-0.0214843724388629,
,,,-0.775979,0,
,,,-0.775947,0,
,,,-0.775915,0,
,,,-0.775883,0,
,,,-0.775851,0,
,,,-0.775819,0,
,,,-0.775787,0,
,,,-0.775755,0.0195312476716936,
,,,-0.775723,0,
,,,-0.775691,0.0195312476716936,
,,,-0.775659,0.0195312476716936,
,,,-0.775627,0,
,,,-0.775595,0.0195312476716936,
,,,-0.775563,0.0195312476716936,
,,,-0.775531,0,
,,,-0.775499,0,
,,,-0.775467,0.0195312476716936,
,,,-0.775435,0.0195312476716936,
,,,-0.775403,0.0195312476716936,
,,,-0.775371,0,
,,,-0.775339,0,
,,,-0.775307,0,
,,,-0.775275,0,
,,,-0.775243,0.0195312476716936,
,,,-0.775211,-0.0214843724388629,
,,,-0.775179,0.0195312476716936,
,,,-0.775147,0,
,,,-0.775115,0.0195312476716936,
,,,-0.775083,0.0195312476716936,
,,,-0.775051,0.0195312476716936,
,,,-0.775019,0,
,,,-0.774987,0,
,,,-0.774955,0,
,,,-0.774923,0,
,,,-0.774891,0.0195312476716936,
,,,-0.774859,0.0195312476716936,
,,,-0.774827,-0.0214843724388629,
,,,-0.774795,0.0195312476716936,
,,,-0.774763,0.0195312476716936,
,,,-0.774731,0.0195312476716936,
,,,-0.774699,0.0195312476716936,
,,,-0.774667,0.0195312476716936,
,,,-0.774635,0.0195312476716936,
,,,-0.774603,0.0195312476716936,
,,,-0.774571,0.0195312476716936,
,,,-0.774539,0,
,,,-0.774507,0,
,,,-0.774475,0.0195312476716936,
,,,-0.774443,0.0195312476716936,
,,,-0.774411,0.0195312476716936,
,,,-0.774379,0.0195312476716936,
,,,-0.774347,0.0195312476716936,
,,,-0.774315,0.0195312476716936,
,,,-0.774283,0,
,,,-0.774251,0.0195312476716936,
,,,-0.774219,0.0195312476716936,
,,,-0.774187,0,
,,,-0.774155,0.0195312476716936,
,,,-0.774123,0.0195312476716936,
,,,-0.774091,0.0195312476716936,
,,,-0.774059,0.0195312476716936,
,,,-0.774027,0,
,,,-0.773995,0,
,,,-0.773963,0,
,,,-0.773931,0,
,,,-0.773899,0.0585937430150807,
,,,-0.773867,0,
,,,-0.773835,0.0195312476716936,
,,,-0.773803,0.0195312476716936,
,,,-0.773771,-0.0214843724388629,
,,,-0.773739,0,
,,,-0.773707,0,
,,,-0.773675,0,
,,,-0.773643,0.0195312476716936,
,,,-0.773611,0,
,,,-0.773579,0.0195312476716936,
,,,-0.773547,0.0195312476716936,
,,,-0.773515,0.0195312476716936,
,,,-0.773483,0,
,,,-0.773451,0.0195312476716936,
,,,-0.773419,0.0195312476716936,
,,,-0.773387,0,
,,,-0.773355,0.0195312476716936,
,,,-0.773323,0.0195312476716936,
,,,-0.773291,0,
,,,-0.773259,0,
,,,-0.773227,0,
,,,-0.773195,0,
,,,-0.773163,0.0390624953433871,
,,,-0.773131,0.0195312476716936,
,,,-0.773099,0.0195312476716936,
,,,-0.773067,0,
,,,-0.773035,0,
,,,-0.773003,0,
,,,-0.772971,0.0195312476716936,
,,,-0.772939,0.0195312476716936,
,,,-0.772907,0.0195312476716936,
,,,-0.772875,0,
,,,-0.772843,0,
,,,-0.772811,0.0195312476716936,
,,,-0.772779,0,
,,,-0.772747,0.0195312476716936,
,,,-0.772715,0,
,,,-0.772683,0,
,,,-0.772651,0,
,,,-0.772619,-0.0214843724388629,
,,,-0.772587,0,
,,,-0.772555,0.0195312476716936,
,,,-0.772523,0.0195312476716936,
,,,-0.772491,-0.0214843724388629,
,,,-0.772459,0,
,,,-0.772427,0,
,,,-0.772395,0,
,,,-0.772363,0.0195312476716936,
,,,-0.772331,0,
,,,-0.772299,0.0195312476716936,
,,,-0.772267,0.0195312476716936,
,,,-0.772235,0,
,,,-0.772203,0.0195312476716936,
,,,-0.772171,0,
,,,-0.772139,0.0195312476716936,
,,,-0.772107,0.0195312476716936,
,,,-0.772075,0,
,,,-0.772043,0,
,,,-0.772011,0.0195312476716936,
,,,-0.771979,0.0195312476716936,
,,,-0.771947,0,
,,,-0.771915,0,
,,,-0.771883,0.0195312476716936,
,,,-0.771851,0.0195312476716936,
,,,-0.771819,0.0195312476716936,
,,,-0.771787,0,
,,,-0.771755,0,
,,,-0.771723,0,
,,,-0.771691,0,
,,,-0.771659,0,
,,,-0.771627,0,
,,,-0.771595,0,
,,,-0.771563,0,
,,,-0.771531,0,
,,,-0.771499,0,
,,,-0.771467,0.0195312476716936,
,,,-0.771435,0.0195312476716936,
,,,-0.771403,0,
,,,-0.771371,0,
,,,-0.771339,0,
,,,-0.771307,0.0195312476716936,
,,,-0.771275,0,
,,,-0.771243,0,
,,,-0.771211,0.0195312476716936,
,,,-0.771179,0,
,,,-0.771147,0.0195312476716936,
,,,-0.771115,0,
,,,-0.771083,0,
,,,-0.771051,-0.0214843724388629,
,,,-0.771019,0,
,,,-0.770987,0.0390624953433871,
,,,-0.770955,0,
,,,-0.770923,0.0195312476716936,
,,,-0.770891,0.0195312476716936,
,,,-0.770859,0.0195312476716936,
,,,-0.770827,0,
,,,-0.770795,0,
,,,-0.770763,0.0195312476716936,
,,,-0.770731,0.0195312476716936,
,,,-0.770699,0,
,,,-0.770667,0.0195312476716936,
,,,-0.770635,0,
,,,-0.770603,-0.0214843724388629,
,,,-0.770571,0,
,,,-0.770539,0.0195312476716936,
,,,-0.770507,0,
,,,-0.770475,0,
,,,-0.770443,0,
,,,-0.770411,0,
,,,-0.770379,0,
,,,-0.770347,0.0195312476716936,
,,,-0.770315,0.0195312476716936,
,,,-0.770283,0.0195312476716936,
,,,-0.770251,0,
,,,-0.770219,0,
,,,-0.770187,0.0195312476716936,
,,,-0.770155,0,
,,,-0.770123,0.0390624953433871,
,,,-0.770091,-0.0214843724388629,
,,,-0.770059,0.0195312476716936,
,,,-0.770027,0,
,,,-0.769995,0,
,,,-0.769963,0,
,,,-0.769931,0.0195312476716936,
,,,-0.769899,0,
,,,-0.769867,0.0195312476716936,
,,,-0.769835,0,
,,,-0.769803,0.0195312476716936,
,,,-0.769771,0.0195312476716936,
,,,-0.769739,0,
,,,-0.769707,0,
,,,-0.769675,0.0195312476716936,
,,,-0.769643,-0.0214843724388629,
,,,-0.769611,0,
,,,-0.769579,0,
,,,-0.769547,0.0195312476716936,
,,,-0.769515,0.0195312476716936,
,,,-0.769483,0.0195312476716936,
,,,-0.769451,0.0195312476716936,
,,,-0.769419,-0.0214843724388629,
,,,-0.769387,0,
,,,-0.769355,0.0195312476716936,
,,,-0.769323,0,
,,,-0.769291,0,
,,,-0.769259,0,
,,,-0.769227,0,
,,,-0.769195,0.0195312476716936,
,,,-0.769163,0,
,,,-0.769131,0,
,,,-0.769099,0.0195312476716936,
,,,-0.769067,0.0195312476716936,
,,,-0.769035,0,
,,,-0.769003,0.0195312476716936,
,,,-0.768971,0,
,,,-0.768939,-0.0214843724388629,
,,,-0.768907,0,
,,,-0.768875,0,
,,,-0.768843,0.0195312476716936,
,,,-0.768811,-0.0214843724388629,
,,,-0.768779,0.0195312476716936,
,,,-0.768747,0.0195312476716936,
,,,-0.768715,0,
,,,-0.768683,0.0195312476716936,
,,,-0.768651,-0.0214843724388629,
,,,-0.768619,0.0195312476716936,
,,,-0.768587,0.0195312476716936,
,,,-0.768555,0.0195312476716936,
,,,-0.768523,-0.0214843724388629,
,,,-0.768491,0,
,,,-0.768459,0.0195312476716936,
,,,-0.768427,0,
,,,-0.768395,0,
,,,-0.768363,0,
,,,-0.768331,-0.0214843724388629,
,,,-0.768299,0.0195312476716936,
,,,-0.768267,0.0195312476716936,
,,,-0.768235,0,
,,,-0.768203,0.0195312476716936,
,,,-0.768171,0.0195312476716936,
,,,-0.768139,0,
,,,-0.768107,0.0195312476716936,
,,,-0.768075,0.0195312476716936,
,,,-0.768043,0.0390624953433871,
,,,-0.768011,0.0195312476716936,
,,,-0.767979,0,
,,,-0.767947,0,
,,,-0.767915,0,
,,,-0.767883,0,
,,,-0.767851,0,
,,,-0.767819,0,
,,,-0.767787,0,
,,,-0.767755,0,
,,,-0.767723,0,
,,,-0.767691,0,
,,,-0.767659,0.0195312476716936,
,,,-0.767627,0,
,,,-0.767595,0,
,,,-0.767563,0.0390624953433871,
,,,-0.767531,0,
,,,-0.767499,0,
,,,-0.767467,0,
,,,-0.767435,0,
,,,-0.767403,0.0195312476716936,
,,,-0.767371,0,
,,,-0.767339,0,
,,,-0.767307,-0.0214843724388629,
,,,-0.767275,0,
,,,-0.767243,0.0195312476716936,
,,,-0.767211,0.0195312476716936,
,,,-0.767179,0,
,,,-0.767147,0,
,,,-0.767115,0,
,,,-0.767083,0.0195312476716936,
,,,-0.767051,0,
,,,-0.767019,0.0195312476716936,
,,,-0.766987,0.0195312476716936,
,,,-0.766955,0.0195312476716936,
,,,-0.766923,0,
,,,-0.766891,0.0195312476716936,
,,,-0.766859,0.0195312476716936,
,,,-0.766827,0.0195312476716936,
,,,-0.766795,0.0195312476716936,
,,,-0.766763,0.0195312476716936,
,,,-0.766731,0.0195312476716936,
,,,-0.766699,0,
,,,-0.766667,0,
,,,-0.766635,0,
,,,-0.766603,0,
,,,-0.766571,0.0195312476716936,
,,,-0.766539,0,
,,,-0.766507,0.0195312476716936,
,,,-0.766475,0.0195312476716936,
,,,-0.766443,0,
,,,-0.766411,0.0195312476716936,
,,,-0.766379,0,
,,,-0.766347,0.0195312476716936,
,,,-0.766315,0.0195312476716936,
,,,-0.766283,0.0195312476716936,
,,,-0.766251,-0.0410156201105565,
,,,-0.766219,0.0195312476716936,
,,,-0.766187,0.0195312476716936,
,,,-0.766155,0,
,,,-0.766123,0.0195312476716936,
,,,-0.766091,0,
,,,-0.766059,0.0195312476716936,
,,,-0.766027,0.0195312476716936,
,,,-0.765995,0,
,,,-0.765963,0.0390624953433871,
,,,-0.765931,0,
,,,-0.765899,0.0195312476716936,
,,,-0.765867,0,
,,,-0.765835,0.0195312476716936,
,,,-0.765803,0.0195312476716936,
,,,-0.765771,0,
,,,-0.765739,-0.0214843724388629,
,,,-0.765707,0,
,,,-0.765675,0,
,,,-0.765643,0,
,,,-0.765611,0.0195312476716936,
,,,-0.765579,0.0195312476716936,
,,,-0.765547,0,
,,,-0.765515,-0.0214843724388629,
,,,-0.765483,0.0195312476716936,
,,,-0.765451,-0.0214843724388629,
,,,-0.765419,0,
,,,-0.765387,0,
,,,-0.765355,0,
,,,-0.765323,0,
,,,-0.765291,0,
,,,-0.765259,0.0195312476716936,
,,,-0.765227,0,
,,,-0.765195,0.0195312476716936,
,,,-0.765163,0,
,,,-0.765131,0,
,,,-0.765099,0,
,,,-0.765067,0.0195312476716936,
,,,-0.765035,0.0195312476716936,
,,,-0.765003,0.0195312476716936,
,,,-0.764971,0,
,,,-0.764939,0,
,,,-0.764907,0.0195312476716936,
,,,-0.764875,0,
,,,-0.764843,0.0195312476716936,
,,,-0.764811,0.0195312476716936,
,,,-0.764779,0.0195312476716936,
,,,-0.764747,0.0195312476716936,
,,,-0.764715,0.0195312476716936,
,,,-0.764683,0.0195312476716936,
,,,-0.764651,0,
,,,-0.764619,0,
,,,-0.764587,0.0195312476716936,
,,,-0.764555,0.0195312476716936,
,,,-0.764523,0,
,,,-0.764491,0,
,,,-0.764459,0.0195312476716936,
,,,-0.764427,0.0195312476716936,
,,,-0.764395,0.0195312476716936,
,,,-0.764363,0.0585937430150807,
,,,-0.764331,0,
,,,-0.764299,0.0195312476716936,
,,,-0.764267,0,
,,,-0.764235,0,
,,,-0.764203,0.0195312476716936,
,,,-0.764171,0,
,,,-0.764139,0.0195312476716936,
,,,-0.764107,0.0195312476716936,
,,,-0.764075,0.0195312476716936,
,,,-0.764043,0.0195312476716936,
,,,-0.764011,-0.0214843724388629,
,,,-0.763979,-0.0214843724388629,
,,,-0.763947,0.0195312476716936,
,,,-0.763915,0,
,,,-0.763883,0.0195312476716936,
,,,-0.763851,-0.0214843724388629,
,,,-0.763819,0,
,,,-0.763787,0,
,,,-0.763755,0,
,,,-0.763723,0.0195312476716936,
,,,-0.763691,0.0195312476716936,
,,,-0.763659,0.0195312476716936,
,,,-0.763627,-0.0214843724388629,
,,,-0.763595,0,
,,,-0.763563,0.0195312476716936,
,,,-0.763531,0,
,,,-0.763499,0.0195312476716936,
,,,-0.763467,0.0195312476716936,
,,,-0.763435,0.0195312476716936,
,,,-0.763403,0.0195312476716936,
,,,-0.763371,0.0195312476716936,
,,,-0.763339,0,
,,,-0.763307,0.0585937430150807,
,,,-0.763275,0.0195312476716936,
,,,-0.763243,0,
,,,-0.763211,0,
,,,-0.763179,0.0195312476716936,
,,,-0.763147,0,
,,,-0.763115,0,
,,,-0.763083,0,
,,,-0.763051,0.0195312476716936,
,,,-0.763019,0.0195312476716936,
,,,-0.762987,0.0195312476716936,
,,,-0.762955,0.0195312476716936,
,,,-0.762923,0,
,,,-0.762891,0.0195312476716936,
,,,-0.762859,0.0195312476716936,
,,,-0.762827,0.0195312476716936,
,,,-0.762795,-0.0214843724388629,
,,,-0.762763,-0.06054686778225,
,,,-0.762731,0,
,,,-0.762699,0.0195312476716936,
,,,-0.762667,0,
,,,-0.762635,-0.0214843724388629,
,,,-0.762603,0.0195312476716936,
,,,-0.762571,0,
,,,-0.762539,0.0195312476716936,
,,,-0.762507,0.0390624953433871,
,,,-0.762475,0.0195312476716936,
,,,-0.762443,0,
,,,-0.762411,-0.0214843724388629,
,,,-0.762379,0,
,,,-0.762347,0.0195312476716936,
,,,-0.762315,0.0195312476716936,
,,,-0.762283,0,
,,,-0.762251,0.0195312476716936,
,,,-0.762219,0,
,,,-0.762187,-0.0214843724388629,
,,,-0.762155,0,
,,,-0.762123,0,
,,,-0.762091,0,
,,,-0.762059,0,
,,,-0.762027,0.0195312476716936,
,,,-0.761995,0,
,,,-0.761963,0,
,,,-0.761931,0,
,,,-0.761899,0.0390624953433871,
,,,-0.761867,0,
,,,-0.761835,0,
,,,-0.761803,0.0195312476716936,
,,,-0.761771,0.0195312476716936,
,,,-0.761739,0,
,,,-0.761707,-0.0214843724388629,
,,,-0.761675,0,
,,,-0.761643,0,
,,,-0.761611,0,
,,,-0.761579,0,
,,,-0.761547,0,
,,,-0.761515,0,
,,,-0.761483,0,
,,,-0.761451,0.0195312476716936,
,,,-0.761419,0,
,,,-0.761387,0.0195312476716936,
,,,-0.761355,-0.0214843724388629,
,,,-0.761323,0,
,,,-0.761291,0,
,,,-0.761259,0,
,,,-0.761227,0,
,,,-0.761195,0,
,,,-0.761163,0,
,,,-0.761131,-0.0214843724388629,
,,,-0.761099,0,
,,,-0.761067,0.0195312476716936,
,,,-0.761035,0,
,,,-0.761003,0,
,,,-0.760971,0,
,,,-0.760939,0,
,,,-0.760907,0,
,,,-0.760875,0,
,,,-0.760843,-0.0214843724388629,
,,,-0.760811,0,
,,,-0.760779,0,
,,,-0.760747,0.0195312476716936,
,,,-0.760715,0.0195312476716936,
,,,-0.760683,0,
,,,-0.760651,-0.0214843724388629,
,,,-0.760619,0,
,,,-0.760587,0,
,,,-0.760555,0.0195312476716936,
,,,-0.760523,0.0195312476716936,
,,,-0.760491,0,
,,,-0.760459,0.0195312476716936,
,,,-0.760427,0,
,,,-0.760395,0,
,,,-0.760363,0,
,,,-0.760331,0,
,,,-0.760299,0,
,,,-0.760267,0,
,,,-0.760235,0,
,,,-0.760203,0,
,,,-0.760171,0,
,,,-0.760139,0.0195312476716936,
,,,-0.760107,0,
,,,-0.760075,0,
,,,-0.760043,0,
,,,-0.760011,0,
,,,-0.759979,0,
,,,-0.759947,0,
,,,-0.759915,0,
,,,-0.759883,0.0195312476716936,
,,,-0.759851,0,
,,,-0.759819,0.0195312476716936,
,,,-0.759787,0.0195312476716936,
,,,-0.759755,-0.0214843724388629,
,,,-0.759723,0.0195312476716936,
,,,-0.759691,0,
,,,-0.759659,0,
,,,-0.759627,0,
,,,-0.759595,0,
,,,-0.759563,0,
,,,-0.759531,0.0195312476716936,
,,,-0.759499,-0.0214843724388629,
,,,-0.759467,0.0195312476716936,
,,,-0.759435,0,
,,,-0.759403,-0.0214843724388629,
,,,-0.759371,0,
,,,-0.759339,0,
,,,-0.759307,0.0195312476716936,
,,,-0.759275,0,
,,,-0.759243,0,
,,,-0.759211,0.0195312476716936,
,,,-0.759179,0,
,,,-0.759147,0,
,,,-0.759115,0,
,,,-0.759083,0.0195312476716936,
,,,-0.759051,0,
,,,-0.759019,0.0195312476716936,
,,,-0.758987,0,
,,,-0.758955,0,
,,,-0.758923,0.0195312476716936,
,,,-0.758891,0,
,,,-0.758859,0,
,,,-0.758827,0,
,,,-0.758795,0.0195312476716936,
,,,-0.758763,0,
,,,-0.758731,0.0195312476716936,
,,,-0.758699,0.0195312476716936,
,,,-0.758667,0,
,,,-0.758635,0,
,,,-0.758603,0,
,,,-0.758571,0,
,,,-0.758539,0,
,,,-0.758507,0,
,,,-0.758475,0.0195312476716936,
,,,-0.758443,0.0195312476716936,
,,,-0.758411,0.0195312476716936,
,,,-0.758379,-0.0214843724388629,
,,,-0.758347,0.0195312476716936,
,,,-0.758315,0.0195312476716936,
,,,-0.758283,0,
,,,-0.758251,0,
,,,-0.758219,0,
,,,-0.758187,0.0195312476716936,
,,,-0.758155,0,
,,,-0.758123,0.0195312476716936,
,,,-0.758091,0.0195312476716936,
,,,-0.758059,0.0195312476716936,
,,,-0.758027,0.0195312476716936,
,,,-0.757995,0,
,,,-0.757963,0.0195312476716936,
,,,-0.757931,0.0195312476716936,
,,,-0.757899,0.0390624953433871,
,,,-0.757867,0,
,,,-0.757835,0.0195312476716936,
,,,-0.757803,0,
,,,-0.757771,0.0195312476716936,
,,,-0.757739,0.0195312476716936,
,,,-0.757707,0.0195312476716936,
,,,-0.757675,0.0195312476716936,
,,,-0.757643,0,
,,,-0.757611,-0.0410156201105565,
,,,-0.757579,0.0195312476716936,
,,,-0.757547,0,
,,,-0.757515,0.0195312476716936,
,,,-0.757483,-0.0214843724388629,
,,,-0.757451,0.0195312476716936,
,,,-0.757419,0.0195312476716936,
,,,-0.757387,0.0195312476716936,
,,,-0.757355,0,
,,,-0.757323,0,
,,,-0.757291,0.0195312476716936,
,,,-0.757259,-0.0214843724388629,
,,,-0.757227,0.0390624953433871,
,,,-0.757195,0.0195312476716936,
,,,-0.757163,0,
,,,-0.757131,0.0195312476716936,
,,,-0.757099,0,
,,,-0.757067,0.0195312476716936,
,,,-0.757035,0,
,,,-0.757003,0.0195312476716936,
,,,-0.756971,0,
,,,-0.756939,0,
,,,-0.756907,0,
,,,-0.756875,0.0195312476716936,
,,,-0.756843,0,
,,,-0.756811,0,
,,,-0.756779,0.0195312476716936,
,,,-0.756747,0.0195312476716936,
,,,-0.756715,0,
,,,-0.756683,0.0195312476716936,
,,,-0.756651,0.0195312476716936,
,,,-0.756619,-0.0214843724388629,
,,,-0.756587,0.0390624953433871,
,,,-0.756555,0,
,,,-0.756523,0.0195312476716936,
,,,-0.756491,0,
,,,-0.756459,0,
,,,-0.756427,0.0195312476716936,
,,,-0.756395,0.0195312476716936,
,,,-0.756363,0,
,,,-0.756331,0,
,,,-0.756299,0,
,,,-0.756267,0.0195312476716936,
,,,-0.756235,0,
,,,-0.756203,0.0195312476716936,
,,,-0.756171,0,
,,,-0.756139,0.0195312476716936,
,,,-0.756107,0.0195312476716936,
,,,-0.756075,0.0195312476716936,
,,,-0.756043,0,
,,,-0.756011,0.0195312476716936,
,,,-0.755979,0,
,,,-0.755947,0,
,,,-0.755915,0.0195312476716936,
,,,-0.755883,-0.0214843724388629,
,,,-0.755851,0.0195312476716936,
,,,-0.755819,0,
,,,-0.755787,0,
,,,-0.755755,0,
,,,-0.755723,0,
,,,-0.755691,0,
,,,-0.755659,0,
,,,-0.755627,0,
,,,-0.755595,0,
,,,-0.755563,0,
,,,-0.755531,0,
,,,-0.755499,0.0195312476716936,
,,,-0.755467,0.0195312476716936,
,,,-0.755435,0.0195312476716936,
,,,-0.755403,0,
,,,-0.755371,0,
,,,-0.755339,0,
,,,-0.755307,0,
,,,-0.755275,0,
,,,-0.755243,0,
,,,-0.755211,0,
,,,-0.755179,0.0195312476716936,
,,,-0.755147,0,
,,,-0.755115,0,
,,,-0.755083,0,
,,,-0.755051,0.0195312476716936,
,,,-0.755019,0.0195312476716936,
,,,-0.754987,0.0195312476716936,
,,,-0.754955,-0.0214843724388629,
,,,-0.754923,0,
,,,-0.754891,0,
,,,-0.754859,-0.0214843724388629,
,,,-0.754827,0,
,,,-0.754795,0,
,,,-0.754763,0,
,,,-0.754731,0,
,,,-0.754699,0,
,,,-0.754667,0,
,,,-0.754635,0,
,,,-0.754603,0,
,,,-0.754571,0.0195312476716936,
,,,-0.754539,0,
,,,-0.754507,-0.0214843724388629,
,,,-0.754475,0,
,,,-0.754443,0,
,,,-0.754411,0.0195312476716936,
,,,-0.754379,-0.0214843724388629,
,,,-0.754347,0,
,,,-0.754315,0,
,,,-0.754283,0.0195312476716936,
,,,-0.754251,0,
,,,-0.754219,-0.0214843724388629,
,,,-0.754187,0,
,,,-0.754155,0.0195312476716936,
,,,-0.754123,-0.0214843724388629,
,,,-0.754091,0,
,,,-0.754059,0,
,,,-0.754027,0,
,,,-0.753995,0,
,,,-0.753963,0,
,,,-0.753931,-0.0214843724388629,
,,,-0.753899,0.0195312476716936,
,,,-0.753867,0.0195312476716936,
,,,-0.753835,0,
,,,-0.753803,0,
,,,-0.753771,0,
,,,-0.753739,0,
,,,-0.753707,0.0195312476716936,
,,,-0.753675,0.0195312476716936,
,,,-0.753643,0.0195312476716936,
,,,-0.753611,0.0195312476716936,
,,,-0.753579,0.0195312476716936,
,,,-0.753547,-0.0214843724388629,
,,,-0.753515,0.0195312476716936,
,,,-0.753483,0.0195312476716936,
,,,-0.753451,0,
,,,-0.753419,-0.0214843724388629,
,,,-0.753387,0,
,,,-0.753355,0.0195312476716936,
,,,-0.753323,0,
,,,-0.753291,0,
,,,-0.753259,0,
,,,-0.753227,0.0195312476716936,
,,,-0.753195,0.0195312476716936,
,,,-0.753163,0,
,,,-0.753131,0,
,,,-0.753099,0.0195312476716936,
,,,-0.753067,0,
,,,-0.753035,0,
,,,-0.753003,0,
,,,-0.752971,0,
,,,-0.752939,0.0390624953433871,
,,,-0.752907,0,
,,,-0.752875,-0.0214843724388629,
,,,-0.752843,0.0195312476716936,
,,,-0.752811,0.0195312476716936,
,,,-0.752779,0,
,,,-0.752747,0.0195312476716936,
,,,-0.752715,0,
,,,-0.752683,0,
,,,-0.752651,0,
,,,-0.752619,0,
,,,-0.752587,0.0195312476716936,
,,,-0.752555,0.0195312476716936,
,,,-0.752523,0,
,,,-0.752491,0,
,,,-0.752459,0,
,,,-0.752427,0,
,,,-0.752395,0.0195312476716936,
,,,-0.752363,0,
,,,-0.752331,0.0195312476716936,
,,,-0.752299,0.0195312476716936,
,,,-0.752267,0.0195312476716936,
,,,-0.752235,0.0195312476716936,
,,,-0.752203,0,
,,,-0.752171,0.0195312476716936,
,,,-0.752139,0.0195312476716936,
,,,-0.752107,0,
,,,-0.752075,0.0195312476716936,
,,,-0.752043,0.0195312476716936,
,,,-0.752011,0,
,,,-0.751979,0.0195312476716936,
,,,-0.751947,0,
,,,-0.751915,0.0195312476716936,
,,,-0.751883,0,
,,,-0.751851,0,
,,,-0.751819,0.0195312476716936,
,,,-0.751787,0,
,,,-0.751755,0,
,,,-0.751723,0,
,,,-0.751691,0,
,,,-0.751659,0.0195312476716936,
,,,-0.751627,0,
,,,-0.751595,0.0195312476716936,
,,,-0.751563,-0.0214843724388629,
,,,-0.751531,0.0195312476716936,
,,,-0.751499,0,
,,,-0.751467,0.0195312476716936,
,,,-0.751435,0.0195312476716936,
,,,-0.751403,0.0195312476716936,
,,,-0.751371,-0.0214843724388629,
,,,-0.751339,0.0195312476716936,
,,,-0.751307,0,
,,,-0.751275,0.0195312476716936,
,,,-0.751243,0,
,,,-0.751211,0,
,,,-0.751179,0.0195312476716936,
,,,-0.751147,0.0195312476716936,
,,,-0.751115,0,
,,,-0.751083,0,
,,,-0.751051,-0.0214843724388629,
,,,-0.751019,0.0195312476716936,
,,,-0.750987,0,
,,,-0.750955,0,
,,,-0.750923,0,
,,,-0.750891,0,
,,,-0.750859,0,
,,,-0.750827,0.0195312476716936,
,,,-0.750795,0,
,,,-0.750763,0.0195312476716936,
,,,-0.750731,0,
,,,-0.750699,0.0195312476716936,
,,,-0.750667,0.0195312476716936,
,,,-0.750635,0.0195312476716936,
,,,-0.750603,0.0195312476716936,
,,,-0.750571,0.0195312476716936,
,,,-0.750539,0,
,,,-0.750507,0.0195312476716936,
,,,-0.750475,0,
,,,-0.750443,0.0195312476716936,
,,,-0.750411,0,
,,,-0.750379,0.0195312476716936,
,,,-0.750347,0,
,,,-0.750315,0.0390624953433871,
,,,-0.750283,0.0195312476716936,
,,,-0.750251,-0.0214843724388629,
,,,-0.750219,0.0390624953433871,
,,,-0.750187,0.0195312476716936,
,,,-0.750155,0.0195312476716936,
,,,-0.750123,0.0195312476716936,
,,,-0.750091,0,
,,,-0.750059,0,
,,,-0.750027,0,
,,,-0.749995,0,
,,,-0.749963,0,
,,,-0.749931,0.0195312476716936,
,,,-0.749899,0.0195312476716936,
,,,-0.749867,0.0195312476716936,
,,,-0.749835,0,
,,,-0.749803,0,
,,,-0.749771,0.0195312476716936,
,,,-0.749739,0,
,,,-0.749707,0.0195312476716936,
,,,-0.749675,0.0195312476716936,
,,,-0.749643,0.0195312476716936,
,,,-0.749611,0.0195312476716936,
,,,-0.749579,0,
,,,-0.749547,0.0195312476716936,
,,,-0.749515,0.0195312476716936,
,,,-0.749483,0,
,,,-0.749451,0.0195312476716936,
,,,-0.749419,0.0195312476716936,
,,,-0.749387,0,
,,,-0.749355,0,
,,,-0.749323,0,
,,,-0.749291,0.0195312476716936,
,,,-0.749259,0.0195312476716936,
,,,-0.749227,0.0195312476716936,
,,,-0.749195,0,
,,,-0.749163,-0.0214843724388629,
,,,-0.749131,0.0390624953433871,
,,,-0.749099,0.0195312476716936,
,,,-0.749067,0.0195312476716936,
,,,-0.749035,0,
,,,-0.749003,0,
,,,-0.748971,0.0195312476716936,
,,,-0.748939,0.0195312476716936,
,,,-0.748907,0.0195312476716936,
,,,-0.748875,0.0195312476716936,
,,,-0.748843,0.0195312476716936,
,,,-0.748811,0.0195312476716936,
,,,-0.748779,0,
,,,-0.748747,0.0195312476716936,
,,,-0.748715,0.0195312476716936,
,,,-0.748683,0,
,,,-0.748651,0,
,,,-0.748619,0.0195312476716936,
,,,-0.748587,0.0195312476716936,
,,,-0.748555,-0.0214843724388629,
,,,-0.748523,0.0195312476716936,
,,,-0.748491,0,
,,,-0.748459,0.0195312476716936,
,,,-0.748427,0.0195312476716936,
,,,-0.748395,0,
,,,-0.748363,0,
,,,-0.748331,0.0195312476716936,
,,,-0.748299,0.0195312476716936,
,,,-0.748267,0.0195312476716936,
,,,-0.748235,0.0195312476716936,
,,,-0.748203,0.0585937430150807,
,,,-0.748171,-0.0214843724388629,
,,,-0.748139,0,
,,,-0.748107,0,
,,,-0.748075,0,
,,,-0.748043,0.0195312476716936,
,,,-0.748011,0.0195312476716936,
,,,-0.747979,0,
,,,-0.747947,0.0195312476716936,
,,,-0.747915,0.0195312476716936,
,,,-0.747883,0.0195312476716936,
,,,-0.747851,0.0195312476716936,
,,,-0.747819,0.0195312476716936,
,,,-0.747787,0.0195312476716936,
,,,-0.747755,0.0195312476716936,
,,,-0.747723,0.0195312476716936,
,,,-0.747691,0.0195312476716936,
,,,-0.747659,0.0195312476716936,
,,,-0.747627,0.0195312476716936,
,,,-0.747595,0.0195312476716936,
,,,-0.747563,0.0195312476716936,
,,,-0.747531,0,
,,,-0.747499,0.0195312476716936,
,,,-0.747467,0.0195312476716936,
,,,-0.747435,0.0195312476716936,
,,,-0.747403,-0.0214843724388629,
,,,-0.747371,0.0195312476716936,
,,,-0.747339,0.0195312476716936,
,,,-0.747307,0,
,,,-0.747275,0.0195312476716936,
,,,-0.747243,0.0195312476716936,
,,,-0.747211,-0.06054686778225,
,,,-0.747179,0.0195312476716936,
,,,-0.747147,0.0195312476716936,
,,,-0.747115,0,
,,,-0.747083,0.0195312476716936,
,,,-0.747051,0,
,,,-0.747019,0.0195312476716936,
,,,-0.746987,0,
,,,-0.746955,0,
,,,-0.746923,0.0195312476716936,
,,,-0.746891,0.0195312476716936,
,,,-0.746859,-0.0214843724388629,
,,,-0.746827,0.0195312476716936,
,,,-0.746795,0.0195312476716936,
,,,-0.746763,0.0195312476716936,
,,,-0.746731,0.0195312476716936,
,,,-0.746699,0,
,,,-0.746667,0,
,,,-0.746635,0,
,,,-0.746603,0,
,,,-0.746571,0,
,,,-0.746539,-0.0214843724388629,
,,,-0.746507,0.0195312476716936,
,,,-0.746475,0,
,,,-0.746443,0.0195312476716936,
,,,-0.746411,0.0195312476716936,
,,,-0.746379,0.0390624953433871,
,,,-0.746347,0,
,,,-0.746315,0,
,,,-0.746283,0,
,,,-0.746251,0,
,,,-0.746219,0,
,,,-0.746187,0.0195312476716936,
,,,-0.746155,0,
,,,-0.746123,-0.0214843724388629,
,,,-0.746091,0.0195312476716936,
,,,-0.746059,0.0390624953433871,
,,,-0.746027,0,
,,,-0.745995,0,
,,,-0.745963,0.0195312476716936,
,,,-0.745931,0,
,,,-0.745899,0,
,,,-0.745867,0.0195312476716936,
,,,-0.745835,0.0195312476716936,
,,,-0.745803,0,
,,,-0.745771,0.0195312476716936,
,,,-0.745739,0,
,,,-0.745707,-0.0214843724388629,
,,,-0.745675,0,
,,,-0.745643,0.0195312476716936,
,,,-0.745611,0,
,,,-0.745579,0,
,,,-0.745547,0.0195312476716936,
,,,-0.745515,0.0195312476716936,
,,,-0.745483,0,
,,,-0.745451,0.0195312476716936,
,,,-0.745419,0.0195312476716936,
,,,-0.745387,0.0195312476716936,
,,,-0.745355,0,
,,,-0.745323,0.0195312476716936,
,,,-0.745291,0.0195312476716936,
,,,-0.745259,0,
,,,-0.745227,0.0195312476716936,
,,,-0.745195,0.0195312476716936,
,,,-0.745163,0.0195312476716936,
,,,-0.745131,0.0195312476716936,
,,,-0.745099,0,
,,,-0.745067,0,
,,,-0.745035,-0.0214843724388629,
,,,-0.745003,0.0195312476716936,
,,,-0.744971,0,
,,,-0.744939,0,
,,,-0.744907,0,
,,,-0.744875,0,
,,,-0.744843,0.0195312476716936,
,,,-0.744811,0.0195312476716936,
,,,-0.744779,0.0195312476716936,
,,,-0.744747,0,
,,,-0.744715,0.0195312476716936,
,,,-0.744683,0.0195312476716936,
,,,-0.744651,0.0195312476716936,
,,,-0.744619,0,
,,,-0.744587,0,
,,,-0.744555,0,
,,,-0.744523,0,
,,,-0.744491,0,
,,,-0.744459,0,
,,,-0.744427,0.0195312476716936,
,,,-0.744395,0.0195312476716936,
,,,-0.744363,0.0195312476716936,
,,,-0.744331,0.0195312476716936,
,,,-0.744299,0,
,,,-0.744267,0,
,,,-0.744235,0,
,,,-0.744203,0,
,,,-0.744171,0,
,,,-0.744139,0.0195312476716936,
,,,-0.744107,0,
,,,-0.744075,0,
,,,-0.744043,0,
,,,-0.744011,0.0195312476716936,
,,,-0.743979,0,
,,,-0.743947,0,
,,,-0.743915,-0.0410156201105565,
,,,-0.743883,0.0195312476716936,
,,,-0.743851,0,
,,,-0.743819,0,
,,,-0.743787,0,
,,,-0.743755,0,
,,,-0.743723,0,
,,,-0.743691,0.0195312476716936,
,,,-0.743659,0,
,,,-0.743627,0,
,,,-0.743595,0.0195312476716936,
,,,-0.743563,0,
,,,-0.743531,0,
,,,-0.743499,0,
,,,-0.743467,0,
,,,-0.743435,0.0195312476716936,
,,,-0.743403,0.0195312476716936,
,,,-0.743371,0,
,,,-0.743339,0.0195312476716936,
,,,-0.743307,0,
,,,-0.743275,0.0195312476716936,
,,,-0.743243,0,
,,,-0.743211,0,
,,,-0.743179,0,
,,,-0.743147,0,
,,,-0.743115,0,
,,,-0.743083,0,
,,,-0.743051,-0.0214843724388629,
,,,-0.743019,0.0195312476716936,
,,,-0.742987,0,
,,,-0.742955,0,
,,,-0.742923,0,
,,,-0.742891,0,
,,,-0.742859,0.0195312476716936,
,,,-0.742827,0.0195312476716936,
,,,-0.742795,0.0195312476716936,
,,,-0.742763,0.0195312476716936,
,,,-0.742731,0.0195312476716936,
,,,-0.742699,0.0195312476716936,
,,,-0.742667,0,
,,,-0.742635,0.0195312476716936,
,,,-0.742603,0,
,,,-0.742571,0.0195312476716936,
,,,-0.742539,0,
,,,-0.742507,0,
,,,-0.742475,0,
,,,-0.742443,0,
,,,-0.742411,0,
,,,-0.742379,0.0195312476716936,
,,,-0.742347,0.0195312476716936,
,,,-0.742315,0,
,,,-0.742283,0,
,,,-0.742251,0.0195312476716936,
,,,-0.742219,0.0195312476716936,
,,,-0.742187,0.0195312476716936,
,,,-0.742155,0.0195312476716936,
,,,-0.742123,0,
,,,-0.742091,0.0195312476716936,
,,,-0.742059,0,
,,,-0.742027,0,
,,,-0.741995,0.0195312476716936,
,,,-0.741963,0,
,,,-0.741931,0,
,,,-0.741899,0.0195312476716936,
,,,-0.741867,0,
,,,-0.741835,0.0195312476716936,
,,,-0.741803,0.0195312476716936,
,,,-0.741771,0.0195312476716936,
,,,-0.741739,0.0195312476716936,
,,,-0.741707,-0.0214843724388629,
,,,-0.741675,0,
,,,-0.741643,0.0390624953433871,
,,,-0.741611,0.0195312476716936,
,,,-0.741579,0,
,,,-0.741547,0.0195312476716936,
,,,-0.741515,0.0195312476716936,
,,,-0.741483,0.0195312476716936,
,,,-0.741451,0,
,,,-0.741419,0,
,,,-0.741387,0,
,,,-0.741355,0.0195312476716936,
,,,-0.741323,0.0195312476716936,
,,,-0.741291,0.0195312476716936,
,,,-0.741259,0.0195312476716936,
,,,-0.741227,0.0195312476716936,
,,,-0.741195,0,
,,,-0.741163,0.0195312476716936,
,,,-0.741131,0,
,,,-0.741099,0.0195312476716936,
,,,-0.741067,0.0195312476716936,
,,,-0.741035,0.0195312476716936,
,,,-0.741003,0.0195312476716936,
,,,-0.740971,0.0195312476716936,
,,,-0.740939,0.0195312476716936,
,,,-0.740907,0.0195312476716936,
,,,-0.740875,0.0195312476716936,
,,,-0.740843,0,
,,,-0.740811,0.0195312476716936,
,,,-0.740779,0.0195312476716936,
,,,-0.740747,0.0195312476716936,
,,,-0.740715,0.0195312476716936,
,,,-0.740683,0.0195312476716936,
,,,-0.740651,0,
,,,-0.740619,0.0195312476716936,
,,,-0.740587,0.0585937430150807,
,,,-0.740555,0.0195312476716936,
,,,-0.740523,0.0195312476716936,
,,,-0.740491,0.0195312476716936,
,,,-0.740459,0,
,,,-0.740427,0.0195312476716936,
,,,-0.740395,0.0195312476716936,
,,,-0.740363,0,
,,,-0.740331,0.0195312476716936,
,,,-0.740299,0.0195312476716936,
,,,-0.740267,0,
,,,-0.740235,0.0195312476716936,
,,,-0.740203,0,
,,,-0.740171,0.0195312476716936,
,,,-0.740139,0,
,,,-0.740107,0.0195312476716936,
,,,-0.740075,0,
,,,-0.740043,0.0195312476716936,
,,,-0.740011,0.0195312476716936,
,,,-0.739979,0.0390624953433871,
,,,-0.739947,0,
,,,-0.739915,0,
,,,-0.739883,0,
,,,-0.739851,0.0195312476716936,
,,,-0.739819,-0.0214843724388629,
,,,-0.739787,0.0195312476716936,
,,,-0.739755,0,
,,,-0.739723,0,
,,,-0.739691,-0.0214843724388629,
,,,-0.739659,0,
,,,-0.739627,0.0195312476716936,
,,,-0.739595,0,
,,,-0.739563,0.0195312476716936,
,,,-0.739531,0,
,,,-0.739499,0,
,,,-0.739467,0,
,,,-0.739435,0.0195312476716936,
,,,-0.739403,0.0195312476716936,
,,,-0.739371,0.0195312476716936,
,,,-0.739339,0,
,,,-0.739307,0,
,,,-0.739275,0,
,,,-0.739243,0.0195312476716936,
,,,-0.739211,0.0195312476716936,
,,,-0.739179,0,
,,,-0.739147,0.0195312476716936,
,,,-0.739115,0,
,,,-0.739083,0.0195312476716936,
,,,-0.739051,0.0390624953433871,
,,,-0.739019,0,
,,,-0.738987,0.0195312476716936,
,,,-0.738955,0,
,,,-0.738923,0.0195312476716936,
,,,-0.738891,0,
,,,-0.738859,0,
,,,-0.738827,0.0195312476716936,
,,,-0.738795,0,
,,,-0.738763,0.0195312476716936,
,,,-0.738731,0.0195312476716936,
,,,-0.738699,0.0195312476716936,
,,,-0.738667,0,
,,,-0.738635,0,
,,,-0.738603,0,
,,,-0.738571,0,
,,,-0.738539,0,
,,,-0.738507,0,
,,,-0.738475,0.0195312476716936,
,,,-0.738443,-0.0214843724388629,
,,,-0.738411,0,
,,,-0.738379,0,
,,,-0.738347,0,
,,,-0.738315,0,
,,,-0.738283,0,
,,,-0.738251,0.0195312476716936,
,,,-0.738219,0,
,,,-0.738187,0,
,,,-0.738155,0,
,,,-0.738123,0,
,,,-0.738091,-0.0214843724388629,
,,,-0.738059,0.0195312476716936,
,,,-0.738027,-0.06054686778225,
,,,-0.737995,0,
,,,-0.737963,0.0195312476716936,
,,,-0.737931,0,
,,,-0.737899,0.0195312476716936,
,,,-0.737867,0,
,,,-0.737835,0.0195312476716936,
,,,-0.737803,-0.0214843724388629,
,,,-0.737771,0,
,,,-0.737739,0,
,,,-0.737707,0.0195312476716936,
,,,-0.737675,0,
,,,-0.737643,0,
,,,-0.737611,0,
,,,-0.737579,0,
,,,-0.737547,0,
,,,-0.737515,-0.0214843724388629,
,,,-0.737483,0,
,,,-0.737451,-0.0214843724388629,
,,,-0.737419,0.0195312476716936,
,,,-0.737387,0.0390624953433871,
,,,-0.737355,0.0390624953433871,
,,,-0.737323,0.0195312476716936,
,,,-0.737291,0,
,,,-0.737259,0.0195312476716936,
,,,-0.737227,-0.0214843724388629,
,,,-0.737195,0,
,,,-0.737163,0.0195312476716936,
,,,-0.737131,0.0195312476716936,
,,,-0.737099,0.0195312476716936,
,,,-0.737067,0,
,,,-0.737035,0,
,,,-0.737003,0.0195312476716936,
,,,-0.736971,0,
,,,-0.736939,0.0195312476716936,
,,,-0.736907,0,
,,,-0.736875,0.0195312476716936,
,,,-0.736843,0,
,,,-0.736811,0,
,,,-0.736779,0.0195312476716936,
,,,-0.736747,0,
,,,-0.736715,0.0195312476716936,
,,,-0.736683,-0.0214843724388629,
,,,-0.736651,-0.0214843724388629,
,,,-0.736619,0.0195312476716936,
,,,-0.736587,0,
,,,-0.736555,0,
,,,-0.736523,0,
,,,-0.736491,0,
,,,-0.736459,0.0195312476716936,
,,,-0.736427,0.0195312476716936,
,,,-0.736395,0.0195312476716936,
,,,-0.736363,0.0195312476716936,
,,,-0.736331,0.0195312476716936,
,,,-0.736299,0.0195312476716936,
,,,-0.736267,-0.0214843724388629,
,,,-0.736235,0.0195312476716936,
,,,-0.736203,0.0195312476716936,
,,,-0.736171,0.0195312476716936,
,,,-0.736139,0.0195312476716936,
,,,-0.736107,0,
,,,-0.736075,0.0195312476716936,
,,,-0.736043,0.0195312476716936,
,,,-0.736011,0,
,,,-0.735979,0.0195312476716936,
,,,-0.735947,-0.0214843724388629,
,,,-0.735915,0.0195312476716936,
,,,-0.735883,0,
,,,-0.735851,0.0195312476716936,
,,,-0.735819,0.0195312476716936,
,,,-0.735787,0.0195312476716936,
,,,-0.735755,0.0195312476716936,
,,,-0.735723,-0.0214843724388629,
,,,-0.735691,0,
,,,-0.735659,0,
,,,-0.735627,0.0195312476716936,
,,,-0.735595,0,
,,,-0.735563,-0.0214843724388629,
,,,-0.735531,0,
,,,-0.735499,-0.0214843724388629,
,,,-0.735467,0,
,,,-0.735435,0,
,,,-0.735403,0.0195312476716936,
,,,-0.735371,0.0195312476716936,
,,,-0.735339,0.0390624953433871,
,,,-0.735307,0.0195312476716936,
,,,-0.735275,0.0195312476716936,
,,,-0.735243,0,
,,,-0.735211,0.0195312476716936,
,,,-0.735179,0,
,,,-0.735147,0,
,,,-0.735115,0.0195312476716936,
,,,-0.735083,0.0195312476716936,
,,,-0.735051,0.0195312476716936,
,,,-0.735019,0,
,,,-0.734987,-0.0214843724388629,
,,,-0.734955,0,
,,,-0.734923,0.0195312476716936,
,,,-0.734891,0,
,,,-0.734859,0.0195312476716936,
,,,-0.734827,0.0195312476716936,
,,,-0.734795,0,
,,,-0.734763,0,
,,,-0.734731,0.0195312476716936,
,,,-0.734699,0.0195312476716936,
,,,-0.734667,0,
,,,-0.734635,0,
,,,-0.734603,0.0195312476716936,
,,,-0.734571,0.0195312476716936,
,,,-0.734539,0.0195312476716936,
,,,-0.734507,0.0195312476716936,
,,,-0.734475,0.0195312476716936,
,,,-0.734443,0,
,,,-0.734411,-0.0214843724388629,
,,,-0.734379,0,
,,,-0.734347,0.0195312476716936,
,,,-0.734315,0.0195312476716936,
,,,-0.734283,0,
,,,-0.734251,0.0195312476716936,
,,,-0.734219,0.0195312476716936,
,,,-0.734187,0,
,,,-0.734155,0.0195312476716936,
,,,-0.734123,0.0195312476716936,
,,,-0.734091,0.0195312476716936,
,,,-0.734059,0,
,,,-0.734027,0,
,,,-0.733995,0,
,,,-0.733963,0.0195312476716936,
,,,-0.733931,0.0195312476716936,
,,,-0.733899,0.0195312476716936,
,,,-0.733867,0.0195312476716936,
,,,-0.733835,0,
,,,-0.733803,0.0390624953433871,
,,,-0.733771,0.0195312476716936,
,,,-0.733739,0.0195312476716936,
,,,-0.733707,0,
,,,-0.733675,0.0195312476716936,
,,,-0.733643,0,
,,,-0.733611,0,
,,,-0.733579,0,
,,,-0.733547,0,
,,,-0.733515,0.0195312476716936,
,,,-0.733483,0,
,,,-0.733451,0,
,,,-0.733419,0.0195312476716936,
,,,-0.733387,0.0195312476716936,
,,,-0.733355,0,
,,,-0.733323,0.0195312476716936,
,,,-0.733291,0.0195312476716936,
,,,-0.733259,0,
,,,-0.733227,0,
,,,-0.733195,0,
,,,-0.733163,0,
,,,-0.733131,-0.0214843724388629,
,,,-0.733099,0,
,,,-0.733067,0.0195312476716936,
,,,-0.733035,0.0195312476716936,
,,,-0.733003,0.0195312476716936,
,,,-0.732971,0,
,,,-0.732939,0.0195312476716936,
,,,-0.732907,0.0195312476716936,
,,,-0.732875,0,
,,,-0.732843,0,
,,,-0.732811,0,
,,,-0.732779,0.0195312476716936,
,,,-0.732747,0,
,,,-0.732715,0.0195312476716936,
,,,-0.732683,0,
,,,-0.732651,0,
,,,-0.732619,0.0195312476716936,
,,,-0.732587,0,
,,,-0.732555,0.0195312476716936,
,,,-0.732523,0,
,,,-0.732491,0,
,,,-0.732459,0.0195312476716936,
,,,-0.732427,0.0390624953433871,
,,,-0.732395,0,
,,,-0.732363,0.0195312476716936,
,,,-0.732331,0.0195312476716936,
,,,-0.732299,0,
,,,-0.732267,0,
,,,-0.732235,0,
,,,-0.732203,0.0195312476716936,
,,,-0.732171,0,
,,,-0.732139,0,
,,,-0.732107,0.0195312476716936,
,,,-0.732075,0.0390624953433871,
,,,-0.732043,0.0195312476716936,
,,,-0.732011,0,
,,,-0.731979,0.0195312476716936,
,,,-0.731947,-0.06054686778225,
,,,-0.731915,0.0195312476716936,
,,,-0.731883,0,
,,,-0.731851,0,
,,,-0.731819,0.0195312476716936,
,,,-0.731787,0,
,,,-0.731755,0.0195312476716936,
,,,-0.731723,0.0195312476716936,
,,,-0.731691,0.0195312476716936,
,,,-0.731659,0.0195312476716936,
,,,-0.731627,0.0195312476716936,
,,,-0.731595,0,
,,,-0.731563,0.0195312476716936,
,,,-0.731531,0.0195312476716936,
,,,-0.731499,0,
,,,-0.731467,0.0195312476716936,
,,,-0.731435,0.0195312476716936,
,,,-0.731403,0.0195312476716936,
,,,-0.731371,0.0195312476716936,
,,,-0.731339,0.0195312476716936,
,,,-0.731307,0,
,,,-0.731275,0.0195312476716936,
,,,-0.731243,0.0195312476716936,
,,,-0.731211,0.0195312476716936,
,,,-0.731179,0,
,,,-0.731147,0,
,,,-0.731115,0.0195312476716936,
,,,-0.731083,0.0195312476716936,
,,,-0.731051,0.0195312476716936,
,,,-0.731019,0.0390624953433871,
,,,-0.730987,0.0195312476716936,
,,,-0.730955,0,
,,,-0.730923,0,
,,,-0.730891,0,
,,,-0.730859,0.0195312476716936,
,,,-0.730827,0,
,,,-0.730795,0,
,,,-0.730763,0.0195312476716936,
,,,-0.730731,-0.0214843724388629,
,,,-0.730699,-0.0214843724388629,
,,,-0.730667,0.0195312476716936,
,,,-0.730635,0.0195312476716936,
,,,-0.730603,0.0195312476716936,
,,,-0.730571,0.0195312476716936,
,,,-0.730539,0.0195312476716936,
,,,-0.730507,0,
,,,-0.730475,0,
,,,-0.730443,-0.0214843724388629,
,,,-0.730411,0.0195312476716936,
,,,-0.730379,0.0195312476716936,
,,,-0.730347,0.0390624953433871,
,,,-0.730315,0.0195312476716936,
,,,-0.730283,0.0195312476716936,
,,,-0.730251,0,
,,,-0.730219,0.0195312476716936,
,,,-0.730187,0.0195312476716936,
,,,-0.730155,0.0195312476716936,
,,,-0.730123,0.0195312476716936,
,,,-0.730091,0,
,,,-0.730059,0.0195312476716936,
,,,-0.730027,0.0195312476716936,
,,,-0.729995,0,
,,,-0.729963,0.0195312476716936,
,,,-0.729931,0.0195312476716936,
,,,-0.729899,0.0195312476716936,
,,,-0.729867,0.0195312476716936,
,,,-0.729835,0.0195312476716936,
,,,-0.729803,0,
,,,-0.729771,0.0195312476716936,
,,,-0.729739,0,
,,,-0.729707,0,
,,,-0.729675,-0.0214843724388629,
,,,-0.729643,0.0195312476716936,
,,,-0.729611,0,
,,,-0.729579,0.0195312476716936,
,,,-0.729547,0.0195312476716936,
,,,-0.729515,0.0195312476716936,
,,,-0.729483,0.0195312476716936,
,,,-0.729451,0,
,,,-0.729419,0.0195312476716936,
,,,-0.729387,0,
,,,-0.729355,0,
,,,-0.729323,0,
,,,-0.729291,0.0195312476716936,
,,,-0.729259,0,
,,,-0.729227,0.0195312476716936,
,,,-0.729195,-0.0214843724388629,
,,,-0.729163,0.0195312476716936,
,,,-0.729131,0.0195312476716936,
,,,-0.729099,0.0195312476716936,
,,,-0.729067,0,
,,,-0.729035,0,
,,,-0.729003,0,
,,,-0.728971,0,
,,,-0.728939,0,
,,,-0.728907,0,
,,,-0.728875,0,
,,,-0.728843,0,
,,,-0.728811,0,
,,,-0.728779,-0.0214843724388629,
,,,-0.728747,0.0195312476716936,
,,,-0.728715,0.0390624953433871,
,,,-0.728683,0,
,,,-0.728651,0.0195312476716936,
,,,-0.728619,0,
,,,-0.728587,0.0195312476716936,
,,,-0.728555,0.0195312476716936,
,,,-0.728523,0,
,,,-0.728491,0.0195312476716936,
,,,-0.728459,0.0195312476716936,
,,,-0.728427,0,
,,,-0.728395,0,
,,,-0.728363,0,
,,,-0.728331,0.0195312476716936,
,,,-0.728299,0,
,,,-0.728267,0.0195312476716936,
,,,-0.728235,0.0195312476716936,
,,,-0.728203,0,
,,,-0.728171,0,
,,,-0.728139,0.0195312476716936,
,,,-0.728107,0,
,,,-0.728075,-0.0214843724388629,
,,,-0.728043,0,
,,,-0.728011,0,
,,,-0.727979,0.0195312476716936,
,,,-0.727947,0,
,,,-0.727915,0,
,,,-0.727883,0,
,,,-0.727851,0.0195312476716936,
,,,-0.727819,0,
,,,-0.727787,0,
,,,-0.727755,0.0195312476716936,
,,,-0.727723,0,
,,,-0.727691,0,
,,,-0.727659,0,
,,,-0.727627,0,
,,,-0.727595,0,
,,,-0.727563,0,
,,,-0.727531,0.0195312476716936,
,,,-0.727499,0,
,,,-0.727467,-0.0214843724388629,
,,,-0.727435,0.0195312476716936,
,,,-0.727403,0,
,,,-0.727371,0,
,,,-0.727339,0.0195312476716936,
,,,-0.727307,0,
,,,-0.727275,0,
,,,-0.727243,0.0195312476716936,
,,,-0.727211,0,
,,,-0.727179,0,
,,,-0.727147,0,
,,,-0.727115,0.0195312476716936,
,,,-0.727083,0,
,,,-0.727051,0,
,,,-0.727019,0,
,,,-0.726987,0,
,,,-0.726955,0,
,,,-0.726923,0,
,,,-0.726891,0.0195312476716936,
,,,-0.726859,0,
,,,-0.726827,0.0195312476716936,
,,,-0.726795,0.0195312476716936,
,,,-0.726763,0,
,,,-0.726731,0,
,,,-0.726699,0,
,,,-0.726667,0,
,,,-0.726635,0,
,,,-0.726603,0,
,,,-0.726571,0,
,,,-0.726539,0,
,,,-0.726507,0.0195312476716936,
,,,-0.726475,0,
,,,-0.726443,0,
,,,-0.726411,0.0195312476716936,
,,,-0.726379,0,
,,,-0.726347,0,
,,,-0.726315,0,
,,,-0.726283,0.0195312476716936,
,,,-0.726251,-0.0214843724388629,
,,,-0.726219,0.0195312476716936,
,,,-0.726187,0.0195312476716936,
,,,-0.726155,0,
,,,-0.726123,0.0195312476716936,
,,,-0.726091,0,
,,,-0.726059,0.0195312476716936,
,,,-0.726027,0,
,,,-0.725995,0,
,,,-0.725963,0.0195312476716936,
,,,-0.725931,0,
,,,-0.725899,0.0195312476716936,
,,,-0.725867,0,
,,,-0.725835,0,
,,,-0.725803,0,
,,,-0.725771,0,
,,,-0.725739,0,
,,,-0.725707,0.0195312476716936,
,,,-0.725675,0,
,,,-0.725643,0.0195312476716936,
,,,-0.725611,0,
,,,-0.725579,0,
,,,-0.725547,0,
,,,-0.725515,0.0195312476716936,
,,,-0.725483,0,
,,,-0.725451,0,
,,,-0.725419,0,
,,,-0.725387,0.0195312476716936,
,,,-0.725355,0,
,,,-0.725323,0.0195312476716936,
,,,-0.725291,0.0195312476716936,
,,,-0.725259,0,
,,,-0.725227,0,
,,,-0.725195,0,
,,,-0.725163,0,
,,,-0.725131,0.0195312476716936,
,,,-0.725099,0,
,,,-0.725067,0.0195312476716936,
,,,-0.725035,0.0195312476716936,
,,,-0.725003,0.0195312476716936,
,,,-0.724971,0.0195312476716936,
,,,-0.724939,0,
,,,-0.724907,0,
,,,-0.724875,0,
,,,-0.724843,0,
,,,-0.724811,-0.0214843724388629,
,,,-0.724779,0.0195312476716936,
,,,-0.724747,0.0195312476716936,
,,,-0.724715,-0.06054686778225,
,,,-0.724683,0,
,,,-0.724651,0.0195312476716936,
,,,-0.724619,0,
,,,-0.724587,0.0195312476716936,
,,,-0.724555,0.0195312476716936,
,,,-0.724523,0.0195312476716936,
,,,-0.724491,0.0195312476716936,
,,,-0.724459,0,
,,,-0.724427,0,
,,,-0.724395,0,
,,,-0.724363,0.0195312476716936,
,,,-0.724331,0.0195312476716936,
,,,-0.724299,0.0195312476716936,
,,,-0.724267,0.0195312476716936,
,,,-0.724235,-0.0214843724388629,
,,,-0.724203,0,
,,,-0.724171,-0.0214843724388629,
,,,-0.724139,0.0195312476716936,
,,,-0.724107,0.0195312476716936,
,,,-0.724075,0.0195312476716936,
,,,-0.724043,0.0195312476716936,
,,,-0.724011,0,
,,,-0.723979,0.0195312476716936,
,,,-0.723947,0.0195312476716936,
,,,-0.723915,0.0195312476716936,
,,,-0.723883,0.0195312476716936,
,,,-0.723851,0,
,,,-0.723819,0,
,,,-0.723787,0.0195312476716936,
,,,-0.723755,0,
,,,-0.723723,0.0195312476716936,
,,,-0.723691,0,
,,,-0.723659,0.0195312476716936,
,,,-0.723627,-0.0214843724388629,
,,,-0.723595,0.0195312476716936,
,,,-0.723563,0.0390624953433871,
,,,-0.723531,0.0195312476716936,
,,,-0.723499,0,
,,,-0.723467,0.0195312476716936,
,,,-0.723435,0,
,,,-0.723403,0,
,,,-0.723371,0.0195312476716936,
,,,-0.723339,0,
,,,-0.723307,0,
,,,-0.723275,0,
,,,-0.723243,-0.0410156201105565,
,,,-0.723211,0.0195312476716936,
,,,-0.723179,-0.0214843724388629,
,,,-0.723147,0.0195312476716936,
,,,-0.723115,0.0195312476716936,
,,,-0.723083,0,
,,,-0.723051,0,
,,,-0.723019,0,
,,,-0.722987,0.0195312476716936,
,,,-0.722955,0.0195312476716936,
,,,-0.722923,0,
,,,-0.722891,0.0195312476716936,
,,,-0.722859,0,
,,,-0.722827,0.0195312476716936,
,,,-0.722795,0.0195312476716936,
,,,-0.722763,0,
,,,-0.722731,0.0195312476716936,
,,,-0.722699,0,
,,,-0.722667,0.0195312476716936,
,,,-0.722635,0.0195312476716936,
,,,-0.722603,0.0195312476716936,
,,,-0.722571,0.0195312476716936,
,,,-0.722539,0,
,,,-0.722507,0,
,,,-0.722475,0,
,,,-0.722443,0,
,,,-0.722411,0,
,,,-0.722379,0.0195312476716936,
,,,-0.722347,0,
,,,-0.722315,0,
,,,-0.722283,0,
,,,-0.722251,0,
,,,-0.722219,0,
,,,-0.722187,0,
,,,-0.722155,-0.0214843724388629,
,,,-0.722123,0.0195312476716936,
,,,-0.722091,0.0195312476716936,
,,,-0.722059,0.0195312476716936,
,,,-0.722027,-0.0214843724388629,
,,,-0.721995,0,
,,,-0.721963,0,
,,,-0.721931,0.0390624953433871,
,,,-0.721899,0.0585937430150807,
,,,-0.721867,0,
,,,-0.721835,0.0195312476716936,
,,,-0.721803,0,
,,,-0.721771,0,
,,,-0.721739,-0.0214843724388629,
,,,-0.721707,0,
,,,-0.721675,0.0390624953433871,
,,,-0.721643,0,
,,,-0.721611,0,
,,,-0.721579,0,
,,,-0.721547,0,
,,,-0.721515,0.0195312476716936,
,,,-0.721483,0.0195312476716936,
,,,-0.721451,0.0195312476716936,
,,,-0.721419,-0.0214843724388629,
,,,-0.721387,0,
,,,-0.721355,0.0585937430150807,
,,,-0.721323,0.0195312476716936,
,,,-0.721291,0,
,,,-0.721259,0,
,,,-0.721227,0.0195312476716936,
,,,-0.721195,0,
,,,-0.721163,0.0195312476716936,
,,,-0.721131,0.0195312476716936,
,,,-0.721099,-0.0214843724388629,
,,,-0.721067,0,
,,,-0.721035,0,
,,,-0.721003,0,
,,,-0.720971,0.0195312476716936,
,,,-0.720939,0,
,,,-0.720907,0,
,,,-0.720875,0,
,,,-0.720843,0.0195312476716936,
,,,-0.720811,0,
,,,-0.720779,0,
,,,-0.720747,0.0195312476716936,
,,,-0.720715,0,
,,,-0.720683,0,
,,,-0.720651,0.0390624953433871,
,,,-0.720619,0,
,,,-0.720587,0.0195312476716936,
,,,-0.720555,0.0390624953433871,
,,,-0.720523,0,
,,,-0.720491,0,
,,,-0.720459,0,
,,,-0.720427,0.0195312476716936,
,,,-0.720395,0,
,,,-0.720363,0,
,,,-0.720331,-0.0214843724388629,
,,,-0.720299,0,
,,,-0.720267,0.0195312476716936,
,,,-0.720235,0,
,,,-0.720203,0.0195312476716936,
,,,-0.720171,0.0195312476716936,
,,,-0.720139,0.0195312476716936,
,,,-0.720107,0.0195312476716936,
,,,-0.720075,-0.0214843724388629,
,,,-0.720043,-0.0214843724388629,
,,,-0.720011,0.0195312476716936,
,,,-0.719979,-0.0214843724388629,
,,,-0.719947,0,
,,,-0.719915,0.0195312476716936,
,,,-0.719883,-0.0410156201105565,
,,,-0.719851,0,
,,,-0.719819,0,
,,,-0.719787,0,
,,,-0.719755,0.0195312476716936,
,,,-0.719723,0,
,,,-0.719691,0.0390624953433871,
,,,-0.719659,0.0195312476716936,
,,,-0.719627,0,
,,,-0.719595,0.0195312476716936,
,,,-0.719563,0.0195312476716936,
,,,-0.719531,0,
,,,-0.719499,0.0195312476716936,
,,,-0.719467,0,
,,,-0.719435,-0.0214843724388629,
,,,-0.719403,-0.0214843724388629,
,,,-0.719371,0.0195312476716936,
,,,-0.719339,0.0195312476716936,
,,,-0.719307,0,
,,,-0.719275,0.0195312476716936,
,,,-0.719243,0.0195312476716936,
,,,-0.719211,0.0195312476716936,
,,,-0.719179,0,
,,,-0.719147,0,
,,,-0.719115,0.0195312476716936,
,,,-0.719083,0.0195312476716936,
,,,-0.719051,0.0390624953433871,
,,,-0.719019,0,
,,,-0.718987,0,
,,,-0.718955,0,
,,,-0.718923,0,
,,,-0.718891,0.0195312476716936,
,,,-0.718859,0.0195312476716936,
,,,-0.718827,0.0195312476716936,
,,,-0.718795,0.0195312476716936,
,,,-0.718763,-0.0214843724388629,
,,,-0.718731,0,
,,,-0.718699,0.0195312476716936,
,,,-0.718667,0,
,,,-0.718635,0.0195312476716936,
,,,-0.718603,0.0195312476716936,
,,,-0.718571,0,
,,,-0.718539,0.0195312476716936,
,,,-0.718507,0,
,,,-0.718475,0,
,,,-0.718443,0.0195312476716936,
,,,-0.718411,0.0195312476716936,
,,,-0.718379,0,
,,,-0.718347,0,
,,,-0.718315,0,
,,,-0.718283,0.0195312476716936,
,,,-0.718251,0.0195312476716936,
,,,-0.718219,0.0195312476716936,
,,,-0.718187,0.0390624953433871,
,,,-0.718155,0.0195312476716936,
,,,-0.718123,0.0195312476716936,
,,,-0.718091,0.0195312476716936,
,,,-0.718059,0.0195312476716936,
,,,-0.718027,0.0195312476716936,
,,,-0.717995,-0.0214843724388629,
,,,-0.717963,0.0195312476716936,
,,,-0.717931,0,
,,,-0.717899,0.0195312476716936,
,,,-0.717867,0.0195312476716936,
,,,-0.717835,0.0195312476716936,
,,,-0.717803,0.0195312476716936,
,,,-0.717771,0.0195312476716936,
,,,-0.717739,0,
,,,-0.717707,-0.0214843724388629,
,,,-0.717675,0,
,,,-0.717643,0.0195312476716936,
,,,-0.717611,-0.0214843724388629,
,,,-0.717579,0,
,,,-0.717547,0.0195312476716936,
,,,-0.717515,0.0195312476716936,
,,,-0.717483,0.0195312476716936,
,,,-0.717451,0.0195312476716936,
,,,-0.717419,0,
,,,-0.717387,0.0195312476716936,
,,,-0.717355,0,
,,,-0.717323,0,
,,,-0.717291,0.0195312476716936,
,,,-0.717259,0.0195312476716936,
,,,-0.717227,0,
,,,-0.717195,0.0195312476716936,
,,,-0.717163,0.0195312476716936,
,,,-0.717131,-0.0214843724388629,
,,,-0.717099,0.0195312476716936,
,,,-0.717067,0,
,,,-0.717035,0.0195312476716936,
,,,-0.717003,0.0195312476716936,
,,,-0.716971,0.0195312476716936,
,,,-0.716939,0,
,,,-0.716907,0,
,,,-0.716875,0,
,,,-0.716843,0,
,,,-0.716811,0.0195312476716936,
,,,-0.716779,0.0195312476716936,
,,,-0.716747,0,
,,,-0.716715,-0.0410156201105565,
,,,-0.716683,0,
,,,-0.716651,0.0195312476716936,
,,,-0.716619,0.0195312476716936,
,,,-0.716587,0,
,,,-0.716555,0.0195312476716936,
,,,-0.716523,0.0195312476716936,
,,,-0.716491,0.0195312476716936,
,,,-0.716459,0.0195312476716936,
,,,-0.716427,0,
,,,-0.716395,0.0195312476716936,
,,,-0.716363,0.0195312476716936,
,,,-0.716331,0,
,,,-0.716299,0,
,,,-0.716267,0.0195312476716936,
,,,-0.716235,0,
,,,-0.716203,0,
,,,-0.716171,0.0195312476716936,
,,,-0.716139,0.0195312476716936,
,,,-0.716107,0,
,,,-0.716075,0.0195312476716936,
,,,-0.716043,0.0195312476716936,
,,,-0.716011,0.0195312476716936,
,,,-0.715979,0,
,,,-0.715947,0,
,,,-0.715915,0,
,,,-0.715883,0.0195312476716936,
,,,-0.715851,0.0195312476716936,
,,,-0.715819,0.0195312476716936,
,,,-0.715787,0.0195312476716936,
,,,-0.715755,0,
,,,-0.715723,0,
,,,-0.715691,0,
,,,-0.715659,0.0195312476716936,
,,,-0.715627,0,
,,,-0.715595,0,
,,,-0.715563,0.0195312476716936,
,,,-0.715531,0,
,,,-0.715499,0.0390624953433871,
,,,-0.715467,0,
,,,-0.715435,0,
,,,-0.715403,0.0195312476716936,
,,,-0.715371,0.0195312476716936,
,,,-0.715339,0.0390624953433871,
,,,-0.715307,0,
,,,-0.715275,0.0195312476716936,
,,,-0.715243,0.0195312476716936,
,,,-0.715211,0.0195312476716936,
,,,-0.715179,0,
,,,-0.715147,0.0195312476716936,
,,,-0.715115,0.0195312476716936,
,,,-0.715083,0.0195312476716936,
,,,-0.715051,0.0390624953433871,
,,,-0.715019,0,
,,,-0.714987,0,
,,,-0.714955,0.0390624953433871,
,,,-0.714923,0.0195312476716936,
,,,-0.714891,0.0195312476716936,
,,,-0.714859,0,
,,,-0.714827,0.0195312476716936,
,,,-0.714795,0,
,,,-0.714763,0.0195312476716936,
,,,-0.714731,0,
,,,-0.714699,0.0195312476716936,
,,,-0.714667,0.0195312476716936,
,,,-0.714635,0,
,,,-0.714603,0,
,,,-0.714571,0.0390624953433871,
,,,-0.714539,0.0195312476716936,
,,,-0.714507,0.0195312476716936,
,,,-0.714475,0,
,,,-0.714443,0.0195312476716936,
,,,-0.714411,0.0195312476716936,
,,,-0.714379,0.0195312476716936,
,,,-0.714347,0,
,,,-0.714315,0,
,,,-0.714283,0,
,,,-0.714251,0,
,,,-0.714219,0.0195312476716936,
,,,-0.714187,0.0195312476716936,
,,,-0.714155,0,
,,,-0.714123,0,
,,,-0.714091,0,
,,,-0.714059,0.0390624953433871,
,,,-0.714027,0.0195312476716936,
,,,-0.713995,0.0195312476716936,
,,,-0.713963,-0.0214843724388629,
,,,-0.713931,0.0195312476716936,
,,,-0.713899,0,
,,,-0.713867,0.0195312476716936,
,,,-0.713835,0,
,,,-0.713803,-0.0214843724388629,
,,,-0.713771,0.0195312476716936,
,,,-0.713739,0.0195312476716936,
,,,-0.713707,0,
,,,-0.713675,0.0195312476716936,
,,,-0.713643,-0.0214843724388629,
,,,-0.713611,0,
,,,-0.713579,0,
,,,-0.713547,0.0390624953433871,
,,,-0.713515,0.0195312476716936,
,,,-0.713483,0,
,,,-0.713451,0.0195312476716936,
,,,-0.713419,0.0195312476716936,
,,,-0.713387,0,
,,,-0.713355,0.0195312476716936,
,,,-0.713323,0.0195312476716936,
,,,-0.713291,0.0195312476716936,
,,,-0.713259,0.0195312476716936,
,,,-0.713227,0.0390624953433871,
,,,-0.713195,0.0195312476716936,
,,,-0.713163,0.0195312476716936,
,,,-0.713131,0.0195312476716936,
,,,-0.713099,0,
,,,-0.713067,0.0195312476716936,
,,,-0.713035,0.0195312476716936,
,,,-0.713003,0.0195312476716936,
,,,-0.712971,0.0195312476716936,
,,,-0.712939,0.0195312476716936,
,,,-0.712907,-0.0214843724388629,
,,,-0.712875,0.0195312476716936,
,,,-0.712843,-0.0214843724388629,
,,,-0.712811,0.0195312476716936,
,,,-0.712779,0.0195312476716936,
,,,-0.712747,0,
,,,-0.712715,-0.0214843724388629,
,,,-0.712683,0.0195312476716936,
,,,-0.712651,0.0195312476716936,
,,,-0.712619,0,
,,,-0.712587,0.0390624953433871,
,,,-0.712555,0,
,,,-0.712523,0.0195312476716936,
,,,-0.712491,0,
,,,-0.712459,0,
,,,-0.712427,0.0195312476716936,
,,,-0.712395,0.0195312476716936,
,,,-0.712363,0,
,,,-0.712331,0.0390624953433871,
,,,-0.712299,0.0195312476716936,
,,,-0.712267,-0.0214843724388629,
,,,-0.712235,0.0195312476716936,
,,,-0.712203,0.0195312476716936,
,,,-0.712171,-0.0214843724388629,
,,,-0.712139,0,
,,,-0.712107,0.0390624953433871,
,,,-0.712075,0,
,,,-0.712043,0.0195312476716936,
,,,-0.712011,0,
,,,-0.711979,0,
,,,-0.711947,0.0195312476716936,
,,,-0.711915,0.0195312476716936,
,,,-0.711883,0.0195312476716936,
,,,-0.711851,0,
,,,-0.711819,0.0195312476716936,
,,,-0.711787,0.0195312476716936,
,,,-0.711755,0,
,,,-0.711723,0,
,,,-0.711691,0.0195312476716936,
,,,-0.711659,0,
,,,-0.711627,0.0195312476716936,
,,,-0.711595,0,
,,,-0.711563,0.0195312476716936,
,,,-0.711531,0,
,,,-0.711499,0,
,,,-0.711467,-0.0214843724388629,
,,,-0.711435,0,
,,,-0.711403,0,
,,,-0.711371,0,
,,,-0.711339,0,
,,,-0.711307,0,
,,,-0.711275,-0.0214843724388629,
,,,-0.711243,-0.0214843724388629,
,,,-0.711211,0.0390624953433871,
,,,-0.711179,0.0195312476716936,
,,,-0.711147,0,
,,,-0.711115,0,
,,,-0.711083,0,
,,,-0.711051,0,
,,,-0.711019,0.0195312476716936,
,,,-0.710987,0.0195312476716936,
,,,-0.710955,0,
,,,-0.710923,0,
,,,-0.710891,0.0390624953433871,
,,,-0.710859,0.0195312476716936,
,,,-0.710827,0,
,,,-0.710795,0,
,,,-0.710763,0,
,,,-0.710731,0,
,,,-0.710699,0,
,,,-0.710667,-0.0214843724388629,
,,,-0.710635,0,
,,,-0.710603,0.0195312476716936,
,,,-0.710571,0.0195312476716936,
,,,-0.710539,0,
,,,-0.710507,0.0390624953433871,
,,,-0.710475,0,
,,,-0.710443,0,
,,,-0.710411,0,
,,,-0.710379,0,
,,,-0.710347,0,
,,,-0.710315,0,
,,,-0.710283,0,
,,,-0.710251,0.0195312476716936,
,,,-0.710219,0.0195312476716936,
,,,-0.710187,0,
,,,-0.710155,0,
,,,-0.710123,0,
,,,-0.710091,0,
,,,-0.710059,0,
,,,-0.710027,0,
,,,-0.709995,0,
,,,-0.709963,0,
,,,-0.709931,0,
,,,-0.709899,0,
,,,-0.709867,0,
,,,-0.709835,0.0195312476716936,
,,,-0.709803,0,
,,,-0.709771,0,
,,,-0.709739,0,
,,,-0.709707,0,
,,,-0.709675,-0.0214843724388629,
,,,-0.709643,-0.0214843724388629,
,,,-0.709611,0.0195312476716936,
,,,-0.709579,0.0195312476716936,
,,,-0.709547,0,
,,,-0.709515,0,
,,,-0.709483,0,
,,,-0.709451,0,
,,,-0.709419,0,
,,,-0.709387,0,
,,,-0.709355,0,
,,,-0.709323,0,
,,,-0.709291,0.0195312476716936,
,,,-0.709259,0,
,,,-0.709227,0,
,,,-0.709195,0.0195312476716936,
,,,-0.709163,0.0195312476716936,
,,,-0.709131,0.0195312476716936,
,,,-0.709099,0,
,,,-0.709067,0,
,,,-0.709035,0,
,,,-0.709003,0.0195312476716936,
,,,-0.708971,0,
,,,-0.708939,0,
,,,-0.708907,0.0195312476716936,
,,,-0.708875,0,
,,,-0.708843,0.0195312476716936,
,,,-0.708811,0.0195312476716936,
,,,-0.708779,0.0195312476716936,
,,,-0.708747,0,
,,,-0.708715,0.0195312476716936,
,,,-0.708683,0.0195312476716936,
,,,-0.708651,0.0195312476716936,
,,,-0.708619,0.0195312476716936,
,,,-0.708587,0.0195312476716936,
,,,-0.708555,0.0195312476716936,
,,,-0.708523,0.0195312476716936,
,,,-0.708491,0.0195312476716936,
,,,-0.708459,0.0390624953433871,
,,,-0.708427,0,
,,,-0.708395,0,
,,,-0.708363,0,
,,,-0.708331,0.0390624953433871,
,,,-0.708299,0.0195312476716936,
,,,-0.708267,0,
,,,-0.708235,0.0195312476716936,
,,,-0.708203,0,
,,,-0.708171,0.0195312476716936,
,,,-0.708139,0.0195312476716936,
,,,-0.708107,0.0195312476716936,
,,,-0.708075,0.0195312476716936,
,,,-0.708043,0.0195312476716936,
,,,-0.708011,0.0195312476716936,
,,,-0.707979,0,
,,,-0.707947,0,
,,,-0.707915,0,
,,,-0.707883,0,
,,,-0.707851,0.0195312476716936,
,,,-0.707819,0.0195312476716936,
,,,-0.707787,0,
,,,-0.707755,-0.06054686778225,
,,,-0.707723,0.0195312476716936,
,,,-0.707691,0,
,,,-0.707659,0.0195312476716936,
,,,-0.707627,0.0195312476716936,
,,,-0.707595,0.0390624953433871,
,,,-0.707563,0.0195312476716936,
,,,-0.707531,0,
,,,-0.707499,0,
,,,-0.707467,0.0195312476716936,
,,,-0.707435,0.0195312476716936,
,,,-0.707403,0.0195312476716936,
,,,-0.707371,0.0195312476716936,
,,,-0.707339,0.0195312476716936,
,,,-0.707307,0.0195312476716936,
,,,-0.707275,0.0195312476716936,
,,,-0.707243,0.0195312476716936,
,,,-0.707211,0.0195312476716936,
,,,-0.707179,0.0195312476716936,
,,,-0.707147,0.0195312476716936,
,,,-0.707115,0.0390624953433871,
,,,-0.707083,0.0195312476716936,
,,,-0.707051,0,
,,,-0.707019,0.0195312476716936,
,,,-0.706987,0.0195312476716936,
,,,-0.706955,0.0195312476716936,
,,,-0.706923,0,
,,,-0.706891,0,
,,,-0.706859,0.0195312476716936,
,,,-0.706827,0.0195312476716936,
,,,-0.706795,0,
,,,-0.706763,0.0195312476716936,
,,,-0.706731,0.0195312476716936,
,,,-0.706699,0,
,,,-0.706667,-0.0214843724388629,
,,,-0.706635,0.0195312476716936,
,,,-0.706603,0,
,,,-0.706571,0.0195312476716936,
,,,-0.706539,0.0195312476716936,
,,,-0.706507,0.0195312476716936,
,,,-0.706475,0,
,,,-0.706443,-0.0214843724388629,
,,,-0.706411,0.0390624953433871,
,,,-0.706379,0,
,,,-0.706347,0.0195312476716936,
,,,-0.706315,0.0195312476716936,
,,,-0.706283,0.0195312476716936,
,,,-0.706251,0.0585937430150807,
,,,-0.706219,0,
,,,-0.706187,0.0585937430150807,
,,,-0.706155,0,
,,,-0.706123,0,
,,,-0.706091,0.0195312476716936,
,,,-0.706059,0.0195312476716936,
,,,-0.706027,0.0195312476716936,
,,,-0.705995,-0.06054686778225,
,,,-0.705963,0.0195312476716936,
,,,-0.705931,0,
,,,-0.705899,0.0195312476716936,
,,,-0.705867,0,
,,,-0.705835,0.0195312476716936,
,,,-0.705803,0,
,,,-0.705771,0,
,,,-0.705739,0,
,,,-0.705707,-0.0410156201105565,
,,,-0.705675,-0.0214843724388629,
,,,-0.705643,0.0195312476716936,
,,,-0.705611,0,
,,,-0.705579,0,
,,,-0.705547,0,
,,,-0.705515,0,
,,,-0.705483,0.0195312476716936,
,,,-0.705451,0.0195312476716936,
,,,-0.705419,0,
,,,-0.705387,0.0195312476716936,
,,,-0.705355,0,
,,,-0.705323,-0.0214843724388629,
,,,-0.705291,0.0195312476716936,
,,,-0.705259,0,
,,,-0.705227,0.0195312476716936,
,,,-0.705195,0,
,,,-0.705163,0,
,,,-0.705131,0,
,,,-0.705099,0.0195312476716936,
,,,-0.705067,-0.0214843724388629,
,,,-0.705035,0.0390624953433871,
,,,-0.705003,0,
,,,-0.704971,0,
,,,-0.704939,0,
,,,-0.704907,0.0195312476716936,
,,,-0.704875,0,
,,,-0.704843,-0.0214843724388629,
,,,-0.704811,0,
,,,-0.704779,0,
,,,-0.704747,0,
,,,-0.704715,-0.0214843724388629,
,,,-0.704683,0,
,,,-0.704651,0.0195312476716936,
,,,-0.704619,0,
,,,-0.704587,-0.0214843724388629,
,,,-0.704555,-0.0214843724388629,
,,,-0.704523,0.0195312476716936,
,,,-0.704491,0,
,,,-0.704459,0,
,,,-0.704427,0,
,,,-0.704395,0.0195312476716936,
,,,-0.704363,0,
,,,-0.704331,0,
,,,-0.704299,-0.0410156201105565,
,,,-0.704267,0.0195312476716936,
,,,-0.704235,0,
,,,-0.704203,0.0195312476716936,
,,,-0.704171,0.0195312476716936,
,,,-0.704139,0,
,,,-0.704107,0.0195312476716936,
,,,-0.704075,0,
,,,-0.704043,0.0195312476716936,
,,,-0.704011,0.0195312476716936,
,,,-0.703979,0.0195312476716936,
,,,-0.703947,0,
,,,-0.703915,0,
,,,-0.703883,0,
,,,-0.703851,0,
,,,-0.703819,0.0195312476716936,
,,,-0.703787,0,
,,,-0.703755,0.0195312476716936,
,,,-0.703723,0.0195312476716936,
,,,-0.703691,0.0195312476716936,
,,,-0.703659,0.0195312476716936,
,,,-0.703627,0.0195312476716936,
,,,-0.703595,0.0195312476716936,
,,,-0.703563,0.0195312476716936,
,,,-0.703531,0,
,,,-0.703499,0.0195312476716936,
,,,-0.703467,0.0195312476716936,
,,,-0.703435,0.0195312476716936,
,,,-0.703403,0.0195312476716936,
,,,-0.703371,0,
,,,-0.703339,0,
,,,-0.703307,0.0195312476716936,
,,,-0.703275,0,
,,,-0.703243,0,
,,,-0.703211,0,
,,,-0.703179,0.0195312476716936,
,,,-0.703147,0,
,,,-0.703115,-0.0214843724388629,
,,,-0.703083,0.0195312476716936,
,,,-0.703051,0.0195312476716936,
,,,-0.703019,0,
,,,-0.702987,0.0195312476716936,
,,,-0.702955,0.0195312476716936,
,,,-0.702923,0,
,,,-0.702891,0,
,,,-0.702859,-0.0214843724388629,
,,,-0.702827,0.0195312476716936,
,,,-0.702795,0,
,,,-0.702763,0,
,,,-0.702731,0,
,,,-0.702699,0.0195312476716936,
,,,-0.702667,0.0195312476716936,
,,,-0.702635,0,
,,,-0.702603,0,
,,,-0.702571,-0.0410156201105565,
,,,-0.702539,0,
,,,-0.702507,-0.0214843724388629,
,,,-0.702475,0,
,,,-0.702443,0.0195312476716936,
,,,-0.702411,0,
,,,-0.702379,0.0195312476716936,
,,,-0.702347,0,
,,,-0.702315,0.0195312476716936,
,,,-0.702283,0.0195312476716936,
,,,-0.702251,0.0195312476716936,
,,,-0.702219,0.0195312476716936,
,,,-0.702187,0,
,,,-0.702155,0.0195312476716936,
,,,-0.702123,0.0390624953433871,
,,,-0.702091,0,
,,,-0.702059,0,
,,,-0.702027,0.0195312476716936,
,,,-0.701995,0,
,,,-0.701963,0.0195312476716936,
,,,-0.701931,0.0195312476716936,
,,,-0.701899,0.0195312476716936,
,,,-0.701867,0.0195312476716936,
,,,-0.701835,-0.0214843724388629,
,,,-0.701803,0,
,,,-0.701771,0.0195312476716936,
,,,-0.701739,0,
,,,-0.701707,0,
,,,-0.701675,0,
,,,-0.701643,0.0195312476716936,
,,,-0.701611,0.0195312476716936,
,,,-0.701579,0,
,,,-0.701547,0.0195312476716936,
,,,-0.701515,0.0195312476716936,
,,,-0.701483,0.0195312476716936,
,,,-0.701451,0,
,,,-0.701419,0.0195312476716936,
,,,-0.701387,0,
,,,-0.701355,0.0195312476716936,
,,,-0.701323,0.0195312476716936,
,,,-0.701291,0,
,,,-0.701259,0.0195312476716936,
,,,-0.701227,0.0390624953433871,
,,,-0.701195,0.0195312476716936,
,,,-0.701163,0.0195312476716936,
,,,-0.701131,0.0195312476716936,
,,,-0.701099,0,
,,,-0.701067,0,
,,,-0.701035,0,
,,,-0.701003,0.0195312476716936,
,,,-0.700971,0.0195312476716936,
,,,-0.700939,0,
,,,-0.700907,0.0195312476716936,
,,,-0.700875,0,
,,,-0.700843,0.0195312476716936,
,,,-0.700811,0.0195312476716936,
,,,-0.700779,0.0195312476716936,
,,,-0.700747,0.0195312476716936,
,,,-0.700715,-0.0214843724388629,
,,,-0.700683,0,
,,,-0.700651,0.0195312476716936,
,,,-0.700619,0.0195312476716936,
,,,-0.700587,0,
,,,-0.700555,0.0195312476716936,
,,,-0.700523,0,
,,,-0.700491,0.0195312476716936,
,,,-0.700459,0.0195312476716936,
,,,-0.700427,0.0390624953433871,
,,,-0.700395,0,
,,,-0.700363,0,
,,,-0.700331,0,
,,,-0.700299,0.0195312476716936,
,,,-0.700267,0.0195312476716936,
,,,-0.700235,0.0195312476716936,
,,,-0.700203,0,
,,,-0.700171,0,
,,,-0.700139,0,
,,,-0.700107,0.0195312476716936,
,,,-0.700075,0.0195312476716936,
,,,-0.700043,0,
,,,-0.700011,0.0195312476716936,
,,,-0.699979,0.0195312476716936,
,,,-0.699947,0,
,,,-0.699915,0.0195312476716936,
,,,-0.699883,0.0195312476716936,
,,,-0.699851,0.0195312476716936,
,,,-0.699819,0,
,,,-0.699787,0.0195312476716936,
,,,-0.699755,0.0195312476716936,
,,,-0.699723,-0.0214843724388629,
,,,-0.699691,0.0195312476716936,
,,,-0.699659,0.0195312476716936,
,,,-0.699627,0.0195312476716936,
,,,-0.699595,0,
,,,-0.699563,0.0195312476716936,
,,,-0.699531,0,
,,,-0.699499,0.0195312476716936,
,,,-0.699467,0.0195312476716936,
,,,-0.699435,0.0195312476716936,
,,,-0.699403,0.0195312476716936,
,,,-0.699371,0.0195312476716936,
,,,-0.699339,0,
,,,-0.699307,0.0195312476716936,
,,,-0.699275,0.0195312476716936,
,,,-0.699243,0,
,,,-0.699211,0.0195312476716936,
,,,-0.699179,0.0195312476716936,
,,,-0.699147,0,
,,,-0.699115,0,
,,,-0.699083,0.0195312476716936,
,,,-0.699051,-0.0214843724388629,
,,,-0.699019,0.0195312476716936,
,,,-0.698987,0.0195312476716936,
,,,-0.698955,0,
,,,-0.698923,0.0195312476716936,
,,,-0.698891,0.0195312476716936,
,,,-0.698859,0.0195312476716936,
,,,-0.698827,0.0195312476716936,
,,,-0.698795,0.0390624953433871,
,,,-0.698763,0,
,,,-0.698731,0.0195312476716936,
,,,-0.698699,0.0195312476716936,
,,,-0.698667,0,
,,,-0.698635,0.0195312476716936,
,,,-0.698603,0.0195312476716936,
,,,-0.698571,0.0195312476716936,
,,,-0.698539,0.0195312476716936,
,,,-0.698507,0,
,,,-0.698475,0.0195312476716936,
,,,-0.698443,0.0195312476716936,
,,,-0.698411,0.0195312476716936,
,,,-0.698379,0,
,,,-0.698347,0.0390624953433871,
,,,-0.698315,0.0195312476716936,
,,,-0.698283,0.0195312476716936,
,,,-0.698251,0,
,,,-0.698219,0.0195312476716936,
,,,-0.698187,0.0195312476716936,
,,,-0.698155,0.0195312476716936,
,,,-0.698123,0,
,,,-0.698091,0.0195312476716936,
,,,-0.698059,0,
,,,-0.698027,0.0195312476716936,
,,,-0.697995,0,
,,,-0.697963,0.0195312476716936,
,,,-0.697931,0,
,,,-0.697899,0,
,,,-0.697867,0.0195312476716936,
,,,-0.697835,0,
,,,-0.697803,0.0195312476716936,
,,,-0.697771,0.0195312476716936,
,,,-0.697739,-0.0800781154539436,
,,,-0.697707,0.0195312476716936,
,,,-0.697675,0.0390624953433871,
,,,-0.697643,0,
,,,-0.697611,0,
,,,-0.697579,0.0195312476716936,
,,,-0.697547,0.0195312476716936,
,,,-0.697515,0.0195312476716936,
,,,-0.697483,0,
,,,-0.697451,0.0390624953433871,
,,,-0.697419,0.0195312476716936,
,,,-0.697387,0,
,,,-0.697355,0,
,,,-0.697323,0,
,,,-0.697291,0.0195312476716936,
,,,-0.697259,-0.0214843724388629,
,,,-0.697227,-0.0214843724388629,
,,,-0.697195,0.0585937430150807,
,,,-0.697163,0,
,,,-0.697131,0.0195312476716936,
,,,-0.697099,0.0195312476716936,
,,,-0.697067,0.0195312476716936,
,,,-0.697035,0,
,,,-0.697003,0.0390624953433871,
,,,-0.696971,0,
,,,-0.696939,0.0195312476716936,
,,,-0.696907,0.0195312476716936,
,,,-0.696875,0,
,,,-0.696843,0.0195312476716936,
,,,-0.696811,0.0195312476716936,
,,,-0.696779,0,
,,,-0.696747,0.0195312476716936,
,,,-0.696715,0,
,,,-0.696683,0,
,,,-0.696651,0.0195312476716936,
,,,-0.696619,0.0195312476716936,
,,,-0.696587,0.0195312476716936,
,,,-0.696555,0.0390624953433871,
,,,-0.696523,0.0195312476716936,
,,,-0.696491,0.0195312476716936,
,,,-0.696459,0,
,,,-0.696427,0.0195312476716936,
,,,-0.696395,0,
,,,-0.696363,0,
,,,-0.696331,0.0195312476716936,
,,,-0.696299,-0.0214843724388629,
,,,-0.696267,0,
,,,-0.696235,0.0195312476716936,
,,,-0.696203,0.0195312476716936,
,,,-0.696171,0.0195312476716936,
,,,-0.696139,0.0195312476716936,
,,,-0.696107,0.0195312476716936,
,,,-0.696075,0.0195312476716936,
,,,-0.696043,0,
,,,-0.696011,0,
,,,-0.695979,0.0195312476716936,
,,,-0.695947,0.0195312476716936,
,,,-0.695915,0,
,,,-0.695883,0,
,,,-0.695851,0,
,,,-0.695819,-0.0214843724388629,
,,,-0.695787,0,
,,,-0.695755,0.0195312476716936,
,,,-0.695723,0.0195312476716936,
,,,-0.695691,0,
,,,-0.695659,0.0195312476716936,
,,,-0.695627,0.0195312476716936,
,,,-0.695595,0,
,,,-0.695563,0.0195312476716936,
,,,-0.695531,0,
,,,-0.695499,-0.0214843724388629,
,,,-0.695467,0,
,,,-0.695435,0.0195312476716936,
,,,-0.695403,0.0195312476716936,
,,,-0.695371,0.0195312476716936,
,,,-0.695339,0.0195312476716936,
,,,-0.695307,0,
,,,-0.695275,0,
,,,-0.695243,-0.0214843724388629,
,,,-0.695211,0,
,,,-0.695179,0,
,,,-0.695147,0,
,,,-0.695115,0.0195312476716936,
,,,-0.695083,0,
,,,-0.695051,0,
,,,-0.695019,0,
,,,-0.694987,0,
,,,-0.694955,0.0195312476716936,
,,,-0.694923,0,
,,,-0.694891,0,
,,,-0.694859,0,
,,,-0.694827,0.0195312476716936,
,,,-0.694795,-0.0214843724388629,
,,,-0.694763,0,
,,,-0.694731,0,
,,,-0.694699,0.0195312476716936,
,,,-0.694667,0,
,,,-0.694635,0,
,,,-0.694603,0,
,,,-0.694571,0,
,,,-0.694539,0,
,,,-0.694507,0,
,,,-0.694475,0,
,,,-0.694443,0.0195312476716936,
,,,-0.694411,0.0195312476716936,
,,,-0.694379,0,
,,,-0.694347,0,
,,,-0.694315,0,
,,,-0.694283,0,
,,,-0.694251,0,
,,,-0.694219,0,
,,,-0.694187,0,
,,,-0.694155,0,
,,,-0.694123,0.0195312476716936,
,,,-0.694091,0,
,,,-0.694059,0.0195312476716936,
,,,-0.694027,0,
,,,-0.693995,0.0195312476716936,
,,,-0.693963,0,
,,,-0.693931,0,
,,,-0.693899,0,
,,,-0.693867,0,
,,,-0.693835,0,
,,,-0.693803,0,
,,,-0.693771,0,
,,,-0.693739,0,
,,,-0.693707,0,
,,,-0.693675,0,
,,,-0.693643,0.0195312476716936,
,,,-0.693611,0.0195312476716936,
,,,-0.693579,0,
,,,-0.693547,0,
,,,-0.693515,0,
,,,-0.693483,0,
,,,-0.693451,0,
,,,-0.693419,0.0195312476716936,
,,,-0.693387,0,
,,,-0.693355,0.0195312476716936,
,,,-0.693323,0.0195312476716936,
,,,-0.693291,0,
,,,-0.693259,0,
,,,-0.693227,-0.0214843724388629,
,,,-0.693195,0.0195312476716936,
,,,-0.693163,0.0195312476716936,
,,,-0.693131,0,
,,,-0.693099,0,
,,,-0.693067,0,
,,,-0.693035,0.0195312476716936,
,,,-0.693003,0.0195312476716936,
,,,-0.692971,0.0195312476716936,
,,,-0.692939,0,
,,,-0.692907,0.0195312476716936,
,,,-0.692875,0,
,,,-0.692843,-0.0214843724388629,
,,,-0.692811,0,
,,,-0.692779,0.0195312476716936,
,,,-0.692747,0.0195312476716936,
,,,-0.692715,0,
,,,-0.692683,0.0195312476716936,
,,,-0.692651,0.0195312476716936,
,,,-0.692619,0.0195312476716936,
,,,-0.692587,0.0195312476716936,
,,,-0.692555,0,
,,,-0.692523,0,
,,,-0.692491,0.0195312476716936,
,,,-0.692459,0,
,,,-0.692427,0,
,,,-0.692395,0.0195312476716936,
,,,-0.692363,0,
,,,-0.692331,0,
,,,-0.692299,0.0195312476716936,
,,,-0.692267,0,
,,,-0.692235,0.0195312476716936,
,,,-0.692203,0.0195312476716936,
,,,-0.692171,0.0195312476716936,
,,,-0.692139,0,
,,,-0.692107,0.0195312476716936,
,,,-0.692075,0.0195312476716936,
,,,-0.692043,0,
,,,-0.692011,0.0195312476716936,
,,,-0.691979,0.0195312476716936,
,,,-0.691947,0,
,,,-0.691915,0.0195312476716936,
,,,-0.691883,0.0195312476716936,
,,,-0.691851,0.0195312476716936,
,,,-0.691819,0.0195312476716936,
,,,-0.691787,0,
,,,-0.691755,0.0195312476716936,
,,,-0.691723,0,
,,,-0.691691,0.0195312476716936,
,,,-0.691659,0.0195312476716936,
,,,-0.691627,0.0195312476716936,
,,,-0.691595,0.0195312476716936,
,,,-0.691563,0,
,,,-0.691531,0.0195312476716936,
,,,-0.691499,0,
,,,-0.691467,0,
,,,-0.691435,0.0195312476716936,
,,,-0.691403,-0.0214843724388629,
,,,-0.691371,0.0195312476716936,
,,,-0.691339,0,
,,,-0.691307,-0.0214843724388629,
,,,-0.691275,0.0195312476716936,
,,,-0.691243,0,
,,,-0.691211,0.0195312476716936,
,,,-0.691179,0,
,,,-0.691147,0,
,,,-0.691115,-0.06054686778225,
,,,-0.691083,0.0195312476716936,
,,,-0.691051,0.0195312476716936,
,,,-0.691019,0.0195312476716936,
,,,-0.690987,-0.0214843724388629,
,,,-0.690955,0,
,,,-0.690923,0.0195312476716936,
,,,-0.690891,0.0390624953433871,
,,,-0.690859,0.0195312476716936,
,,,-0.690827,0.0195312476716936,
,,,-0.690795,0.0195312476716936,
,,,-0.690763,0.0195312476716936,
,,,-0.690731,-0.0410156201105565,
,,,-0.690699,0,
,,,-0.690667,0,
,,,-0.690635,0,
,,,-0.690603,0.0195312476716936,
,,,-0.690571,0.0195312476716936,
,,,-0.690539,0.0195312476716936,
,,,-0.690507,0,
,,,-0.690475,0,
,,,-0.690443,0.0195312476716936,
,,,-0.690411,0,
,,,-0.690379,0,
,,,-0.690347,-0.0214843724388629,
,,,-0.690315,0.0195312476716936,
,,,-0.690283,0.0390624953433871,
,,,-0.690251,0.0195312476716936,
,,,-0.690219,0.0195312476716936,
,,,-0.690187,0.0195312476716936,
,,,-0.690155,0,
,,,-0.690123,0.0195312476716936,
,,,-0.690091,0.0195312476716936,
,,,-0.690059,0,
,,,-0.690027,0.0195312476716936,
,,,-0.689995,0.0195312476716936,
,,,-0.689963,0.0195312476716936,
,,,-0.689931,0.0195312476716936,
,,,-0.689899,0,
,,,-0.689867,0,
,,,-0.689835,0.0195312476716936,
,,,-0.689803,0.0195312476716936,
,,,-0.689771,0.0195312476716936,
,,,-0.689739,0,
,,,-0.689707,0.0390624953433871,
,,,-0.689675,0,
,,,-0.689643,0.0195312476716936,
,,,-0.689611,0.0195312476716936,
,,,-0.689579,0,
,,,-0.689547,0,
,,,-0.689515,-0.0214843724388629,
,,,-0.689483,0,
,,,-0.689451,0.0195312476716936,
,,,-0.689419,-0.0214843724388629,
,,,-0.689387,-0.0214843724388629,
,,,-0.689355,0,
,,,-0.689323,0.0195312476716936,
,,,-0.689291,0.0195312476716936,
,,,-0.689259,-0.0214843724388629,
,,,-0.689227,0.0195312476716936,
,,,-0.689195,0,
,,,-0.689163,0,
,,,-0.689131,0.0195312476716936,
,,,-0.689099,0,
,,,-0.689067,0,
,,,-0.689035,0.0195312476716936,
,,,-0.689003,0,
,,,-0.688971,0,
,,,-0.688939,0,
,,,-0.688907,0.0195312476716936,
,,,-0.688875,0,
,,,-0.688843,0.0195312476716936,
,,,-0.688811,0.0195312476716936,
,,,-0.688779,0.0195312476716936,
,,,-0.688747,0,
,,,-0.688715,0,
,,,-0.688683,0,
,,,-0.688651,0,
,,,-0.688619,0,
,,,-0.688587,0.0195312476716936,
,,,-0.688555,0,
,,,-0.688523,0,
,,,-0.688491,0,
,,,-0.688459,0.0390624953433871,
,,,-0.688427,0,
,,,-0.688395,0.0195312476716936,
,,,-0.688363,0,
,,,-0.688331,0.0195312476716936,
,,,-0.688299,0,
,,,-0.688267,0.0390624953433871,
,,,-0.688235,0,
,,,-0.688203,0.0195312476716936,
,,,-0.688171,0,
,,,-0.688139,0,
,,,-0.688107,0,
,,,-0.688075,0.0195312476716936,
,,,-0.688043,0.0195312476716936,
,,,-0.688011,0,
,,,-0.687979,0,
,,,-0.687947,0.0195312476716936,
,,,-0.687915,0,
,,,-0.687883,0,
,,,-0.687851,0,
,,,-0.687819,0.0195312476716936,
,,,-0.687787,0,
,,,-0.687755,0,
,,,-0.687723,0,
,,,-0.687691,0.0195312476716936,
,,,-0.687659,0,
,,,-0.687627,-0.0214843724388629,
,,,-0.687595,0,
,,,-0.687563,0,
,,,-0.687531,0,
,,,-0.687499,0.0195312476716936,
,,,-0.687467,0,
,,,-0.687435,0,
,,,-0.687403,0,
,,,-0.687371,0.0195312476716936,
,,,-0.687339,-0.0214843724388629,
,,,-0.687307,0,
,,,-0.687275,0.0195312476716936,
,,,-0.687243,0,
,,,-0.687211,0,
,,,-0.687179,0,
,,,-0.687147,0.0195312476716936,
,,,-0.687115,0,
,,,-0.687083,0,
,,,-0.687051,0,
,,,-0.687019,0.0195312476716936,
,,,-0.686987,-0.0214843724388629,
,,,-0.686955,0,
,,,-0.686923,0,
,,,-0.686891,0.0195312476716936,
,,,-0.686859,0.0195312476716936,
,,,-0.686827,0.0195312476716936,
,,,-0.686795,0.0195312476716936,
,,,-0.686763,0,
,,,-0.686731,0,
,,,-0.686699,0,
,,,-0.686667,0,
,,,-0.686635,0,
,,,-0.686603,0,
,,,-0.686571,0.0195312476716936,
,,,-0.686539,0,
,,,-0.686507,0.0195312476716936,
,,,-0.686475,0.0195312476716936,
,,,-0.686443,0.0195312476716936,
,,,-0.686411,0,
,,,-0.686379,0.0195312476716936,
,,,-0.686347,0.0195312476716936,
,,,-0.686315,0.0195312476716936,
,,,-0.686283,0.0195312476716936,
,,,-0.686251,0.0195312476716936,
,,,-0.686219,0.0195312476716936,
,,,-0.686187,0,
,,,-0.686155,0.0195312476716936,
,,,-0.686123,0,
,,,-0.686091,0.0195312476716936,
,,,-0.686059,0,
,,,-0.686027,0.0195312476716936,
,,,-0.685995,0.0195312476716936,
,,,-0.685963,0,
,,,-0.685931,-0.0214843724388629,
,,,-0.685899,0.0195312476716936,
,,,-0.685867,0.0195312476716936,
,,,-0.685835,0.0195312476716936,
,,,-0.685803,0.0195312476716936,
,,,-0.685771,0,
,,,-0.685739,-0.0214843724388629,
,,,-0.685707,0.0195312476716936,
,,,-0.685675,0.0195312476716936,
,,,-0.685643,0,
,,,-0.685611,0,
,,,-0.685579,-0.0214843724388629,
,,,-0.685547,0.0195312476716936,
,,,-0.685515,0.0195312476716936,
,,,-0.685483,0.0195312476716936,
,,,-0.685451,0.0195312476716936,
,,,-0.685419,0,
,,,-0.685387,0.0195312476716936,
,,,-0.685355,0,
,,,-0.685323,-0.0214843724388629,
,,,-0.685291,0,
,,,-0.685259,0,
,,,-0.685227,0,
,,,-0.685195,0,
,,,-0.685163,0,
,,,-0.685131,0,
,,,-0.685099,0.0195312476716936,
,,,-0.685067,0,
,,,-0.685035,0.0195312476716936,
,,,-0.685003,0.0195312476716936,
,,,-0.684971,0.0195312476716936,
,,,-0.684939,0,
,,,-0.684907,0.0195312476716936,
,,,-0.684875,0,
,,,-0.684843,0.0195312476716936,
,,,-0.684811,0.0195312476716936,
,,,-0.684779,0.0195312476716936,
,,,-0.684747,0,
,,,-0.684715,0.0195312476716936,
,,,-0.684683,0.0195312476716936,
,,,-0.684651,0,
,,,-0.684619,0,
,,,-0.684587,0.0195312476716936,
,,,-0.684555,0.0195312476716936,
,,,-0.684523,0.0195312476716936,
,,,-0.684491,0.0195312476716936,
,,,-0.684459,0,
,,,-0.684427,0,
,,,-0.684395,0,
,,,-0.684363,0.0195312476716936,
,,,-0.684331,0.0195312476716936,
,,,-0.684299,0,
,,,-0.684267,0,
,,,-0.684235,0,
,,,-0.684203,0,
,,,-0.684171,0.0195312476716936,
,,,-0.684139,0.0195312476716936,
,,,-0.684107,0.0195312476716936,
,,,-0.684075,0,
,,,-0.684043,0.0195312476716936,
,,,-0.684011,0.0195312476716936,
,,,-0.683979,0,
,,,-0.683947,0.0195312476716936,
,,,-0.683915,0.0195312476716936,
,,,-0.683883,0.0195312476716936,
,,,-0.683851,0.0195312476716936,
,,,-0.683819,0.0195312476716936,
,,,-0.683787,0,
,,,-0.683755,0,
,,,-0.683723,0.0195312476716936,
,,,-0.683691,0.0195312476716936,
,,,-0.683659,0,
,,,-0.683627,0,
,,,-0.683595,0,
,,,-0.683563,-0.0214843724388629,
,,,-0.683531,0.0195312476716936,
,,,-0.683499,0.0195312476716936,
,,,-0.683467,0.0195312476716936,
,,,-0.683435,0.0195312476716936,
,,,-0.683403,0,
,,,-0.683371,0.0195312476716936,
,,,-0.683339,0.0195312476716936,
,,,-0.683307,0.0390624953433871,
,,,-0.683275,0.0195312476716936,
,,,-0.683243,0,
,,,-0.683211,-0.0214843724388629,
,,,-0.683179,0,
,,,-0.683147,0.0195312476716936,
,,,-0.683115,0.0195312476716936,
,,,-0.683083,0,
,,,-0.683051,0,
,,,-0.683019,0,
,,,-0.682987,0.0195312476716936,
,,,-0.682955,-0.0214843724388629,
,,,-0.682923,0,
,,,-0.682891,0.0195312476716936,
,,,-0.682859,0,
,,,-0.682827,0.0195312476716936,
,,,-0.682795,0,
,,,-0.682763,0.0195312476716936,
,,,-0.682731,0.0195312476716936,
,,,-0.682699,0,
,,,-0.682667,0,
,,,-0.682635,0.0195312476716936,
,,,-0.682603,0,
,,,-0.682571,0.0195312476716936,
,,,-0.682539,0,
,,,-0.682507,0,
,,,-0.682475,0.0195312476716936,
,,,-0.682443,0,
,,,-0.682411,0,
,,,-0.682379,0,
,,,-0.682347,0.0195312476716936,
,,,-0.682315,0.0195312476716936,
,,,-0.682283,0.0195312476716936,
,,,-0.682251,0,
,,,-0.682219,0.0195312476716936,
,,,-0.682187,0.0195312476716936,
,,,-0.682155,0.0195312476716936,
,,,-0.682123,0.0195312476716936,
,,,-0.682091,0.0195312476716936,
,,,-0.682059,0.0195312476716936,
,,,-0.682027,0.0195312476716936,
,,,-0.681995,0.0195312476716936,
,,,-0.681963,0.0195312476716936,
,,,-0.681931,0.0195312476716936,
,,,-0.681899,0,
,,,-0.681867,0,
,,,-0.681835,0.0195312476716936,
,,,-0.681803,0,
,,,-0.681771,0,
,,,-0.681739,-0.0800781154539436,
,,,-0.681707,0,
,,,-0.681675,0.0195312476716936,
,,,-0.681643,0.0195312476716936,
,,,-0.681611,0.0195312476716936,
,,,-0.681579,0.0390624953433871,
,,,-0.681547,0.0195312476716936,
,,,-0.681515,0,
,,,-0.681483,0.0195312476716936,
,,,-0.681451,0,
,,,-0.681419,0.0195312476716936,
,,,-0.681387,0,
,,,-0.681355,0.0195312476716936,
,,,-0.681323,0,
,,,-0.681291,0,
,,,-0.681259,0.0195312476716936,
,,,-0.681227,0,
,,,-0.681195,0.0195312476716936,
,,,-0.681163,0,
,,,-0.681131,0.0195312476716936,
,,,-0.681099,0,
,,,-0.681067,-0.0410156201105565,
,,,-0.681035,0.0195312476716936,
,,,-0.681003,0.0195312476716936,
,,,-0.680971,0,
,,,-0.680939,0,
,,,-0.680907,0,
,,,-0.680875,0.0195312476716936,
,,,-0.680843,0,
,,,-0.680811,0.0195312476716936,
,,,-0.680779,0.0195312476716936,
,,,-0.680747,0.0195312476716936,
,,,-0.680715,0.0195312476716936,
,,,-0.680683,0,
,,,-0.680651,0,
,,,-0.680619,0.0390624953433871,
,,,-0.680587,0.0195312476716936,
,,,-0.680555,0,
,,,-0.680523,0,
,,,-0.680491,0,
,,,-0.680459,0.0390624953433871,
,,,-0.680427,0,
,,,-0.680395,0,
,,,-0.680363,0.0195312476716936,
,,,-0.680331,0.0195312476716936,
,,,-0.680299,0.0195312476716936,
,,,-0.680267,0.0195312476716936,
,,,-0.680235,-0.0410156201105565,
,,,-0.680203,0,
,,,-0.680171,0,
,,,-0.680139,0,
,,,-0.680107,0.0195312476716936,
,,,-0.680075,-0.0214843724388629,
,,,-0.680043,0,
,,,-0.680011,0.0195312476716936,
,,,-0.679979,0.0195312476716936,
,,,-0.679947,0.0195312476716936,
,,,-0.679915,0.0195312476716936,
,,,-0.679883,0,
,,,-0.679851,0.0195312476716936,
,,,-0.679819,0.0195312476716936,
,,,-0.679787,0.0195312476716936,
,,,-0.679755,0,
,,,-0.679723,0,
,,,-0.679691,0,
,,,-0.679659,0,
,,,-0.679627,0,
,,,-0.679595,0,
,,,-0.679563,0.0195312476716936,
,,,-0.679531,0.0195312476716936,
,,,-0.679499,0,
,,,-0.679467,-0.0214843724388629,
,,,-0.679435,0.0195312476716936,
,,,-0.679403,0.0195312476716936,
,,,-0.679371,0,
,,,-0.679339,0.0195312476716936,
,,,-0.679307,0.0195312476716936,
,,,-0.679275,0,
,,,-0.679243,0.0195312476716936,
,,,-0.679211,0.0195312476716936,
,,,-0.679179,0,
,,,-0.679147,0.0195312476716936,
,,,-0.679115,0,
,,,-0.679083,0,
,,,-0.679051,0.0195312476716936,
,,,-0.679019,0,
,,,-0.678987,0.0195312476716936,
,,,-0.678955,-0.0214843724388629,
,,,-0.678923,0.0195312476716936,
,,,-0.678891,-0.0214843724388629,
,,,-0.678859,0.0195312476716936,
,,,-0.678827,0.0390624953433871,
,,,-0.678795,0.0195312476716936,
,,,-0.678763,0.0390624953433871,
,,,-0.678731,0.0195312476716936,
,,,-0.678699,0,
,,,-0.678667,0.0195312476716936,
,,,-0.678635,0.0195312476716936,
,,,-0.678603,0,
,,,-0.678571,0,
,,,-0.678539,0,
,,,-0.678507,0,
,,,-0.678475,0.0195312476716936,
,,,-0.678443,0.0195312476716936,
,,,-0.678411,0,
,,,-0.678379,0,
,,,-0.678347,0,
,,,-0.678315,0,
,,,-0.678283,0.0195312476716936,
,,,-0.678251,-0.0214843724388629,
,,,-0.678219,0,
,,,-0.678187,-0.0214843724388629,
,,,-0.678155,0.0195312476716936,
,,,-0.678123,0,
,,,-0.678091,0.0195312476716936,
,,,-0.678059,0,
,,,-0.678027,0,
,,,-0.677995,0,
,,,-0.677963,-0.0214843724388629,
,,,-0.677931,0,
,,,-0.677899,0,
,,,-0.677867,0,
,,,-0.677835,0,
,,,-0.677803,0.0195312476716936,
,,,-0.677771,0.0195312476716936,
,,,-0.677739,0.0195312476716936,
,,,-0.677707,0,
,,,-0.677675,-0.0410156201105565,
,,,-0.677643,-0.0214843724388629,
,,,-0.677611,0.0195312476716936,
,,,-0.677579,0,
,,,-0.677547,0.0195312476716936,
,,,-0.677515,0,
,,,-0.677483,-0.0214843724388629,
,,,-0.677451,0,
,,,-0.677419,0,
,,,-0.677387,0.0195312476716936,
,,,-0.677355,0,
,,,-0.677323,0,
,,,-0.677291,0.0195312476716936,
,,,-0.677259,0.0195312476716936,
,,,-0.677227,0.0195312476716936,
,,,-0.677195,0,
,,,-0.677163,0,
,,,-0.677131,0,
,,,-0.677099,0,
,,,-0.677067,0,
,,,-0.677035,0,
,,,-0.677003,0.0195312476716936,
,,,-0.676971,0,
,,,-0.676939,0,
,,,-0.676907,0,
,,,-0.676875,0,
,,,-0.676843,-0.0214843724388629,
,,,-0.676811,0,
,,,-0.676779,0,
,,,-0.676747,0,
,,,-0.676715,0,
,,,-0.676683,0,
,,,-0.676651,0.0195312476716936,
,,,-0.676619,0,
,,,-0.676587,0,
,,,-0.676555,-0.0214843724388629,
,,,-0.676523,0,
,,,-0.676491,0.0390624953433871,
,,,-0.676459,0,
,,,-0.676427,0.0195312476716936,
,,,-0.676395,-0.0214843724388629,
,,,-0.676363,0,
,,,-0.676331,0.0195312476716936,
,,,-0.676299,0,
,,,-0.676267,0,
,,,-0.676235,0.0195312476716936,
,,,-0.676203,0,
,,,-0.676171,0,
,,,-0.676139,0,
,,,-0.676107,0,
,,,-0.676075,0.0195312476716936,
,,,-0.676043,0,
,,,-0.676011,0,
,,,-0.675979,0,
,,,-0.675947,0.0195312476716936,
,,,-0.675915,0,
,,,-0.675883,0,
,,,-0.675851,0,
,,,-0.675819,0,
,,,-0.675787,0,
,,,-0.675755,0,
,,,-0.675723,0,
,,,-0.675691,0,
,,,-0.675659,0,
,,,-0.675627,0.0195312476716936,
,,,-0.675595,0.0195312476716936,
,,,-0.675563,0,
,,,-0.675531,0.0195312476716936,
,,,-0.675499,0,
,,,-0.675467,0.0195312476716936,
,,,-0.675435,0.0195312476716936,
,,,-0.675403,0,
,,,-0.675371,0,
,,,-0.675339,0,
,,,-0.675307,0,
,,,-0.675275,0,
,,,-0.675243,0,
,,,-0.675211,-0.0214843724388629,
,,,-0.675179,0.0195312476716936,
,,,-0.675147,0.0195312476716936,
,,,-0.675115,0.0195312476716936,
,,,-0.675083,0,
,,,-0.675051,0,
,,,-0.675019,0,
,,,-0.674987,-0.0214843724388629,
,,,-0.674955,0.0195312476716936,
,,,-0.674923,0,
,,,-0.674891,0.0195312476716936,
,,,-0.674859,0.0195312476716936,
,,,-0.674827,0,
,,,-0.674795,0.0195312476716936,
,,,-0.674763,0.0195312476716936,
,,,-0.674731,0.0195312476716936,
,,,-0.674699,0.0195312476716936,
,,,-0.674667,0,
,,,-0.674635,0.0195312476716936,
,,,-0.674603,0,
,,,-0.674571,0,
,,,-0.674539,0,
,,,-0.674507,0,
,,,-0.674475,0.0390624953433871,
,,,-0.674443,0.0195312476716936,
,,,-0.674411,0,
,,,-0.674379,0,
,,,-0.674347,0,
,,,-0.674315,0,
,,,-0.674283,0.0195312476716936,
,,,-0.674251,0.0195312476716936,
,,,-0.674219,0.0195312476716936,
,,,-0.674187,0,
,,,-0.674155,0,
,,,-0.674123,0.0390624953433871,
,,,-0.674091,0.0195312476716936,
,,,-0.674059,0,
,,,-0.674027,0,
,,,-0.673995,0,
,,,-0.673963,-0.0214843724388629,
,,,-0.673931,0.0195312476716936,
,,,-0.673899,0,
,,,-0.673867,0.0195312476716936,
,,,-0.673835,0,
,,,-0.673803,0.0195312476716936,
,,,-0.673771,0,
,,,-0.673739,0,
,,,-0.673707,0,
,,,-0.673675,0,
,,,-0.673643,0,
,,,-0.673611,0.0195312476716936,
,,,-0.673579,0.0195312476716936,
,,,-0.673547,-0.06054686778225,
,,,-0.673515,0,
,,,-0.673483,0,
,,,-0.673451,0,
,,,-0.673419,0,
,,,-0.673387,0,
,,,-0.673355,0,
,,,-0.673323,-0.0410156201105565,
,,,-0.673291,0,
,,,-0.673259,0.0195312476716936,
,,,-0.673227,0.0195312476716936,
,,,-0.673195,0,
,,,-0.673163,0.0195312476716936,
,,,-0.673131,0,
,,,-0.673099,0.0195312476716936,
,,,-0.673067,0,
,,,-0.673035,0,
,,,-0.673003,0,
,,,-0.672971,0,
,,,-0.672939,-0.0214843724388629,
,,,-0.672907,0.0195312476716936,
,,,-0.672875,0.0195312476716936,
,,,-0.672843,0,
,,,-0.672811,0,
,,,-0.672779,0,
,,,-0.672747,0,
,,,-0.672715,0,
,,,-0.672683,0,
,,,-0.672651,0,
,,,-0.672619,0,
,,,-0.672587,0,
,,,-0.672555,0.0195312476716936,
,,,-0.672523,-0.0214843724388629,
,,,-0.672491,0,
,,,-0.672459,0.0195312476716936,
,,,-0.672427,0.0195312476716936,
,,,-0.672395,0,
,,,-0.672363,0,
,,,-0.672331,0,
,,,-0.672299,0,
,,,-0.672267,0,
,,,-0.672235,0,
,,,-0.672203,0.0195312476716936,
,,,-0.672171,0,
,,,-0.672139,0,
,,,-0.672107,0,
,,,-0.672075,0,
,,,-0.672043,-0.0214843724388629,
,,,-0.672011,0,
,,,-0.671979,0,
,,,-0.671947,0,
,,,-0.671915,0,
,,,-0.671883,0,
,,,-0.671851,0,
,,,-0.671819,0,
,,,-0.671787,0,
,,,-0.671755,0,
,,,-0.671723,0,
,,,-0.671691,0.0195312476716936,
,,,-0.671659,0,
,,,-0.671627,0,
,,,-0.671595,0,
,,,-0.671563,0.0195312476716936,
,,,-0.671531,-0.0214843724388629,
,,,-0.671499,0.0195312476716936,
,,,-0.671467,-0.0214843724388629,
,,,-0.671435,-0.0214843724388629,
,,,-0.671403,0,
,,,-0.671371,0,
,,,-0.671339,0,
,,,-0.671307,0,
,,,-0.671275,0.0195312476716936,
,,,-0.671243,0,
,,,-0.671211,0.0195312476716936,
,,,-0.671179,0,
,,,-0.671147,0,
,,,-0.671115,0,
,,,-0.671083,0,
,,,-0.671051,0.0195312476716936,
,,,-0.671019,0,
,,,-0.670987,0,
,,,-0.670955,0.0195312476716936,
,,,-0.670923,0.0195312476716936,
,,,-0.670891,0.0195312476716936,
,,,-0.670859,-0.0214843724388629,
,,,-0.670827,0,
,,,-0.670795,0,
,,,-0.670763,0,
,,,-0.670731,0.0390624953433871,
,,,-0.670699,-0.0214843724388629,
,,,-0.670667,0,
,,,-0.670635,0,
,,,-0.670603,0,
,,,-0.670571,0,
,,,-0.670539,0.0195312476716936,
,,,-0.670507,0.0195312476716936,
,,,-0.670475,0.0195312476716936,
,,,-0.670443,0.0195312476716936,
,,,-0.670411,0,
,,,-0.670379,0.0195312476716936,
,,,-0.670347,0.0195312476716936,
,,,-0.670315,0.0195312476716936,
,,,-0.670283,0.0195312476716936,
,,,-0.670251,0.0195312476716936,
,,,-0.670219,0.0195312476716936,
,,,-0.670187,-0.0214843724388629,
,,,-0.670155,0,
,,,-0.670123,0.0390624953433871,
,,,-0.670091,0.0195312476716936,
,,,-0.670059,0,
,,,-0.670027,0.0195312476716936,
,,,-0.669995,0.0195312476716936,
,,,-0.669963,0.0195312476716936,
,,,-0.669931,0,
,,,-0.669899,0.0195312476716936,
,,,-0.669867,0.0195312476716936,
,,,-0.669835,0.0195312476716936,
,,,-0.669803,0.0195312476716936,
,,,-0.669771,0,
,,,-0.669739,0,
,,,-0.669707,0,
,,,-0.669675,0.0195312476716936,
,,,-0.669643,-0.0214843724388629,
,,,-0.669611,0.0195312476716936,
,,,-0.669579,0,
,,,-0.669547,0.0195312476716936,
,,,-0.669515,0,
,,,-0.669483,0,
,,,-0.669451,-0.0214843724388629,
,,,-0.669419,0.0195312476716936,
,,,-0.669387,-0.0214843724388629,
,,,-0.669355,0.0195312476716936,
,,,-0.669323,0,
,,,-0.669291,0,
,,,-0.669259,0.0195312476716936,
,,,-0.669227,0,
,,,-0.669195,0.0195312476716936,
,,,-0.669163,0.0195312476716936,
,,,-0.669131,0.0195312476716936,
,,,-0.669099,0.0195312476716936,
,,,-0.669067,0.0195312476716936,
,,,-0.669035,0.0195312476716936,
,,,-0.669003,0.0195312476716936,
,,,-0.668971,0.0195312476716936,
,,,-0.668939,0,
,,,-0.668907,0.0195312476716936,
,,,-0.668875,0.0195312476716936,
,,,-0.668843,0,
,,,-0.668811,0.0195312476716936,
,,,-0.668779,0.0195312476716936,
,,,-0.668747,-0.0214843724388629,
,,,-0.668715,0.0195312476716936,
,,,-0.668683,0,
,,,-0.668651,0.0195312476716936,
,,,-0.668619,0,
,,,-0.668587,0,
,,,-0.668555,0,
,,,-0.668523,0,
,,,-0.668491,0,
,,,-0.668459,0.0195312476716936,
,,,-0.668427,0,
,,,-0.668395,0.0195312476716936,
,,,-0.668363,0.0195312476716936,
,,,-0.668331,0,
,,,-0.668299,0.0195312476716936,
,,,-0.668267,0,
,,,-0.668235,0.0195312476716936,
,,,-0.668203,0.0195312476716936,
,,,-0.668171,0.0195312476716936,
,,,-0.668139,0.0195312476716936,
,,,-0.668107,0.0195312476716936,
,,,-0.668075,0,
,,,-0.668043,0.0195312476716936,
,,,-0.668011,0.0195312476716936,
,,,-0.667979,0,
,,,-0.667947,-0.0214843724388629,
,,,-0.667915,0,
,,,-0.667883,0,
,,,-0.667851,0.0195312476716936,
,,,-0.667819,0.0195312476716936,
,,,-0.667787,0,
,,,-0.667755,0,
,,,-0.667723,0,
,,,-0.667691,0,
,,,-0.667659,0,
,,,-0.667627,0,
,,,-0.667595,0.0195312476716936,
,,,-0.667563,0.0195312476716936,
,,,-0.667531,0,
,,,-0.667499,0,
,,,-0.667467,0,
,,,-0.667435,0,
,,,-0.667403,0.0195312476716936,
,,,-0.667371,0,
,,,-0.667339,-0.0214843724388629,
,,,-0.667307,0,
,,,-0.667275,0,
,,,-0.667243,0,
,,,-0.667211,0,
,,,-0.667179,0,
,,,-0.667147,0.0195312476716936,
,,,-0.667115,0,
,,,-0.667083,-0.0214843724388629,
,,,-0.667051,0,
,,,-0.667019,0,
,,,-0.666987,0,
,,,-0.666955,0,
,,,-0.666923,-0.0214843724388629,
,,,-0.666891,0.0195312476716936,
,,,-0.666859,0.0195312476716936,
,,,-0.666827,0,
,,,-0.666795,0.0195312476716936,
,,,-0.666763,0,
,,,-0.666731,0.0195312476716936,
,,,-0.666699,0.0195312476716936,
,,,-0.666667,0,
,,,-0.666635,0,
,,,-0.666603,0,
,,,-0.666571,0.0195312476716936,
,,,-0.666539,0,
,,,-0.666507,0,
,,,-0.666475,0,
,,,-0.666443,0,
,,,-0.666411,0,
,,,-0.666379,0,
,,,-0.666347,0,
,,,-0.666315,0,
,,,-0.666283,0,
,,,-0.666251,0.0195312476716936,
,,,-0.666219,0,
,,,-0.666187,0,
,,,-0.666155,0.0195312476716936,
,,,-0.666123,0,
,,,-0.666091,-0.0214843724388629,
,,,-0.666059,-0.06054686778225,
,,,-0.666027,0.0195312476716936,
,,,-0.665995,0.0195312476716936,
,,,-0.665963,0.0195312476716936,
,,,-0.665931,0,
,,,-0.665899,0,
,,,-0.665867,0,
,,,-0.665835,0,
,,,-0.665803,0.0195312476716936,
,,,-0.665771,0,
,,,-0.665739,0,
,,,-0.665707,0.0195312476716936,
,,,-0.665675,0.0195312476716936,
,,,-0.665643,0.0195312476716936,
,,,-0.665611,-0.0214843724388629,
,,,-0.665579,0.0195312476716936,
,,,-0.665547,0,
,,,-0.665515,0.0195312476716936,
,,,-0.665483,0.0195312476716936,
,,,-0.665451,0,
,,,-0.665419,0.0195312476716936,
,,,-0.665387,0.0195312476716936,
,,,-0.665355,0,
,,,-0.665323,0.0195312476716936,
,,,-0.665291,0,
,,,-0.665259,0,
,,,-0.665227,0.0195312476716936,
,,,-0.665195,0,
,,,-0.665163,0.0195312476716936,
,,,-0.665131,0,
,,,-0.665099,-0.0214843724388629,
,,,-0.665067,0.0195312476716936,
,,,-0.665035,0.0195312476716936,
,,,-0.665003,0.0195312476716936,
,,,-0.664971,-0.0214843724388629,
,,,-0.664939,0,
,,,-0.664907,0.0195312476716936,
,,,-0.664875,0.0195312476716936,
,,,-0.664843,0.0390624953433871,
,,,-0.664811,0,
,,,-0.664779,0,
,,,-0.664747,0,
,,,-0.664715,0,
,,,-0.664683,0.0195312476716936,
,,,-0.664651,0,
,,,-0.664619,0.0195312476716936,
,,,-0.664587,0,
,,,-0.664555,0.0195312476716936,
,,,-0.664523,0.0195312476716936,
,,,-0.664491,0.0195312476716936,
,,,-0.664459,0,
,,,-0.664427,0.0195312476716936,
,,,-0.664395,0.0195312476716936,
,,,-0.664363,-0.0410156201105565,
,,,-0.664331,0.0195312476716936,
,,,-0.664299,0,
,,,-0.664267,0.0195312476716936,
,,,-0.664235,0.0195312476716936,
,,,-0.664203,-0.0214843724388629,
,,,-0.664171,0,
,,,-0.664139,0.0195312476716936,
,,,-0.664107,0,
,,,-0.664075,0,
,,,-0.664043,0.0195312476716936,
,,,-0.664011,0.0195312476716936,
,,,-0.663979,0,
,,,-0.663947,0.0195312476716936,
,,,-0.663915,0.0390624953433871,
,,,-0.663883,0.0195312476716936,
,,,-0.663851,0.0195312476716936,
,,,-0.663819,0,
,,,-0.663787,-0.0214843724388629,
,,,-0.663755,0.0195312476716936,
,,,-0.663723,0,
,,,-0.663691,0.0195312476716936,
,,,-0.663659,0.0195312476716936,
,,,-0.663627,0.0390624953433871,
,,,-0.663595,0.0390624953433871,
,,,-0.663563,0.0195312476716936,
,,,-0.663531,0.0195312476716936,
,,,-0.663499,0.0195312476716936,
,,,-0.663467,0,
,,,-0.663435,0.0195312476716936,
,,,-0.663403,0.0195312476716936,
,,,-0.663371,0,
,,,-0.663339,0,
,,,-0.663307,-0.0214843724388629,
,,,-0.663275,0.0195312476716936,
,,,-0.663243,0.0195312476716936,
,,,-0.663211,0.0195312476716936,
,,,-0.663179,0.0195312476716936,
,,,-0.663147,0,
,,,-0.663115,0.0195312476716936,
,,,-0.663083,-0.0214843724388629,
,,,-0.663051,0.0195312476716936,
,,,-0.663019,0,
,,,-0.662987,0.0195312476716936,
,,,-0.662955,0,
,,,-0.662923,0.0195312476716936,
,,,-0.662891,-0.0214843724388629,
,,,-0.662859,0.0195312476716936,
,,,-0.662827,0.0195312476716936,
,,,-0.662795,0,
,,,-0.662763,0.0195312476716936,
,,,-0.662731,0,
,,,-0.662699,0,
,,,-0.662667,0,
,,,-0.662635,0,
,,,-0.662603,0.0195312476716936,
,,,-0.662571,0.0195312476716936,
,,,-0.662539,0,
,,,-0.662507,0.0195312476716936,
,,,-0.662475,0.0195312476716936,
,,,-0.662443,0,
,,,-0.662411,0.0195312476716936,
,,,-0.662379,0.0195312476716936,
,,,-0.662347,0,
,,,-0.662315,0.0195312476716936,
,,,-0.662283,0.0195312476716936,
,,,-0.662251,0,
,,,-0.662219,0.0195312476716936,
,,,-0.662187,0,
,,,-0.662155,-0.0214843724388629,
,,,-0.662123,0.0195312476716936,
,,,-0.662091,0.0195312476716936,
,,,-0.662059,0.0195312476716936,
,,,-0.662027,0,
,,,-0.661995,0,
,,,-0.661963,0.0195312476716936,
,,,-0.661931,0.0195312476716936,
,,,-0.661899,0,
,,,-0.661867,0.0195312476716936,
,,,-0.661835,0,
,,,-0.661803,0,
,,,-0.661771,0,
,,,-0.661739,0,
,,,-0.661707,0.0195312476716936,
,,,-0.661675,0,
,,,-0.661643,0.0195312476716936,
,,,-0.661611,0,
,,,-0.661579,0,
,,,-0.661547,0.0195312476716936,
,,,-0.661515,0,
,,,-0.661483,0,
,,,-0.661451,0,
,,,-0.661419,0.0195312476716936,
,,,-0.661387,0.0195312476716936,
,,,-0.661355,0,
,,,-0.661323,0,
,,,-0.661291,0.0195312476716936,
,,,-0.661259,0,
,,,-0.661227,0,
,,,-0.661195,-0.0214843724388629,
,,,-0.661163,-0.0214843724388629,
,,,-0.661131,-0.0214843724388629,
,,,-0.661099,0,
,,,-0.661067,-0.0214843724388629,
,,,-0.661035,-0.0214843724388629,
,,,-0.661003,0.0195312476716936,
,,,-0.660971,-0.0214843724388629,
,,,-0.660939,-0.0214843724388629,
,,,-0.660907,0.0195312476716936,
,,,-0.660875,0,
,,,-0.660843,-0.0214843724388629,
,,,-0.660811,0.0195312476716936,
,,,-0.660779,0,
,,,-0.660747,0,
,,,-0.660715,0,
,,,-0.660683,0,
,,,-0.660651,0,
,,,-0.660619,0,
,,,-0.660587,0,
,,,-0.660555,0,
,,,-0.660523,0,
,,,-0.660491,0,
,,,-0.660459,0.0195312476716936,
,,,-0.660427,0.0195312476716936,
,,,-0.660395,0,
,,,-0.660363,0,
,,,-0.660331,0,
,,,-0.660299,0,
,,,-0.660267,-0.0214843724388629,
,,,-0.660235,0,
,,,-0.660203,0,
,,,-0.660171,0,
,,,-0.660139,-0.0214843724388629,
,,,-0.660107,0,
,,,-0.660075,0,
,,,-0.660043,0,
,,,-0.660011,0,
,,,-0.659979,0,
,,,-0.659947,0.0195312476716936,
,,,-0.659915,0,
,,,-0.659883,0,
,,,-0.659851,0,
,,,-0.659819,0,
,,,-0.659787,0,
,,,-0.659755,0,
,,,-0.659723,0,
,,,-0.659691,0.0195312476716936,
,,,-0.659659,0,
,,,-0.659627,0,
,,,-0.659595,0,
,,,-0.659563,0,
,,,-0.659531,0.0195312476716936,
,,,-0.659499,0,
,,,-0.659467,0,
,,,-0.659435,0.0195312476716936,
,,,-0.659403,0,
,,,-0.659371,0,
,,,-0.659339,-0.0214843724388629,
,,,-0.659307,0.0195312476716936,
,,,-0.659275,0,
,,,-0.659243,0.0195312476716936,
,,,-0.659211,0.0195312476716936,
,,,-0.659179,0.0195312476716936,
,,,-0.659147,0,
,,,-0.659115,0,
,,,-0.659083,0,
,,,-0.659051,0,
,,,-0.659019,0.0195312476716936,
,,,-0.658987,-0.0214843724388629,
,,,-0.658955,0,
,,,-0.658923,0.0195312476716936,
,,,-0.658891,0.0195312476716936,
,,,-0.658859,0,
,,,-0.658827,0,
,,,-0.658795,-0.0214843724388629,
,,,-0.658763,0.0195312476716936,
,,,-0.658731,0,
,,,-0.658699,0,
,,,-0.658667,0,
,,,-0.658635,0,
,,,-0.658603,0.0195312476716936,
,,,-0.658571,0.0195312476716936,
,,,-0.658539,0,
,,,-0.658507,0,
,,,-0.658475,0.0195312476716936,
,,,-0.658443,0,
,,,-0.658411,0.0195312476716936,
,,,-0.658379,0.0195312476716936,
,,,-0.658347,0.0195312476716936,
,,,-0.658315,0.0195312476716936,
,,,-0.658283,0.0195312476716936,
,,,-0.658251,0,
,,,-0.658219,0,
,,,-0.658187,0,
,,,-0.658155,-0.0214843724388629,
,,,-0.658123,0,
,,,-0.658091,0,
,,,-0.658059,0,
,,,-0.658027,0,
,,,-0.657995,0,
,,,-0.657963,0.0195312476716936,
,,,-0.657931,0,
,,,-0.657899,0.0195312476716936,
,,,-0.657867,-0.0214843724388629,
,,,-0.657835,0,
,,,-0.657803,0.0195312476716936,
,,,-0.657771,0.0195312476716936,
,,,-0.657739,0,
,,,-0.657707,0.0195312476716936,
,,,-0.657675,0.0195312476716936,
,,,-0.657643,0.0195312476716936,
,,,-0.657611,0,
,,,-0.657579,0,
,,,-0.657547,0,
,,,-0.657515,0.0195312476716936,
,,,-0.657483,0,
,,,-0.657451,0,
,,,-0.657419,0.0195312476716936,
,,,-0.657387,0.0195312476716936,
,,,-0.657355,0,
,,,-0.657323,0.0195312476716936,
,,,-0.657291,0.0195312476716936,
,,,-0.657259,0.0195312476716936,
,,,-0.657227,0.0195312476716936,
,,,-0.657195,0,
,,,-0.657163,0,
,,,-0.657131,0.0195312476716936,
,,,-0.657099,0,
,,,-0.657067,0,
,,,-0.657035,0,
,,,-0.657003,0.0195312476716936,
,,,-0.656971,0,
,,,-0.656939,0.0195312476716936,
,,,-0.656907,0,
,,,-0.656875,0.0195312476716936,
,,,-0.656843,0.0195312476716936,
,,,-0.656811,0,
,,,-0.656779,0,
,,,-0.656747,0.0195312476716936,
,,,-0.656715,0,
,,,-0.656683,0,
,,,-0.656651,0,
,,,-0.656619,0.0195312476716936,
,,,-0.656587,0.0195312476716936,
,,,-0.656555,0.0195312476716936,
,,,-0.656523,0,
,,,-0.656491,0.0195312476716936,
,,,-0.656459,0,
,,,-0.656427,-0.0214843724388629,
,,,-0.656395,-0.0214843724388629,
,,,-0.656363,0,
,,,-0.656331,0.0195312476716936,
,,,-0.656299,0,
,,,-0.656267,0.0195312476716936,
,,,-0.656235,0,
,,,-0.656203,-0.06054686778225,
,,,-0.656171,0.0195312476716936,
,,,-0.656139,0,
,,,-0.656107,-0.0410156201105565,
,,,-0.656075,0,
,,,-0.656043,0,
,,,-0.656011,0.0195312476716936,
,,,-0.655979,0,
,,,-0.655947,0.0195312476716936,
,,,-0.655915,0.0195312476716936,
,,,-0.655883,0.0195312476716936,
,,,-0.655851,0,
,,,-0.655819,0,
,,,-0.655787,0,
,,,-0.655755,0.0390624953433871,
,,,-0.655723,0,
,,,-0.655691,0.0195312476716936,
,,,-0.655659,0,
,,,-0.655627,0,
,,,-0.655595,0,
,,,-0.655563,0.0195312476716936,
,,,-0.655531,0.0195312476716936,
,,,-0.655499,0,
,,,-0.655467,0.0390624953433871,
,,,-0.655435,0.0195312476716936,
,,,-0.655403,0,
,,,-0.655371,0,
,,,-0.655339,0,
,,,-0.655307,0.0195312476716936,
,,,-0.655275,0.0195312476716936,
,,,-0.655243,0,
,,,-0.655211,0,
,,,-0.655179,0,
,,,-0.655147,0,
,,,-0.655115,0.0195312476716936,
,,,-0.655083,0.0195312476716936,
,,,-0.655051,0.0195312476716936,
,,,-0.655019,0,
,,,-0.654987,0.0195312476716936,
,,,-0.654955,0,
,,,-0.654923,0,
,,,-0.654891,0,
,,,-0.654859,0,
,,,-0.654827,0.0195312476716936,
,,,-0.654795,0,
,,,-0.654763,0,
,,,-0.654731,0,
,,,-0.654699,0,
,,,-0.654667,-0.0214843724388629,
,,,-0.654635,0,
,,,-0.654603,0,
,,,-0.654571,0.0195312476716936,
,,,-0.654539,0,
,,,-0.654507,-0.0214843724388629,
,,,-0.654475,0,
,,,-0.654443,0.0195312476716936,
,,,-0.654411,0.0195312476716936,
,,,-0.654379,0,
,,,-0.654347,0,
,,,-0.654315,0.0195312476716936,
,,,-0.654283,0,
,,,-0.654251,0,
,,,-0.654219,0,
,,,-0.654187,0.0195312476716936,
,,,-0.654155,0,
,,,-0.654123,0,
,,,-0.654091,0,
,,,-0.654059,0,
,,,-0.654027,0,
,,,-0.653995,0,
,,,-0.653963,0.0390624953433871,
,,,-0.653931,0,
,,,-0.653899,0.0195312476716936,
,,,-0.653867,0,
,,,-0.653835,0.0195312476716936,
,,,-0.653803,0,
,,,-0.653771,0.0195312476716936,
,,,-0.653739,0.0195312476716936,
,,,-0.653707,0,
,,,-0.653675,0.0195312476716936,
,,,-0.653643,0,
,,,-0.653611,0,
,,,-0.653579,0.0195312476716936,
,,,-0.653547,0.0390624953433871,
,,,-0.653515,0,
,,,-0.653483,0.0195312476716936,
,,,-0.653451,0.0195312476716936,
,,,-0.653419,0,
,,,-0.653387,0,
,,,-0.653355,0,
,,,-0.653323,-0.0214843724388629,
,,,-0.653291,0.0195312476716936,
,,,-0.653259,0,
,,,-0.653227,0.0195312476716936,
,,,-0.653195,0,
,,,-0.653163,0.0195312476716936,
,,,-0.653131,0.0195312476716936,
,,,-0.653099,-0.0214843724388629,
,,,-0.653067,0.0195312476716936,
,,,-0.653035,0.0390624953433871,
,,,-0.653003,0.0195312476716936,
,,,-0.652971,0.0195312476716936,
,,,-0.652939,-0.0214843724388629,
,,,-0.652907,0.0195312476716936,
,,,-0.652875,0,
,,,-0.652843,0,
,,,-0.652811,0,
,,,-0.652779,0.0195312476716936,
,,,-0.652747,0.0195312476716936,
,,,-0.652715,0.0195312476716936,
,,,-0.652683,0.0195312476716936,
,,,-0.652651,0.0195312476716936,
,,,-0.652619,0.0195312476716936,
,,,-0.652587,0.0195312476716936,
,,,-0.652555,0.0195312476716936,
,,,-0.652523,0,
,,,-0.652491,0,
,,,-0.652459,0,
,,,-0.652427,0.0195312476716936,
,,,-0.652395,0.0195312476716936,
,,,-0.652363,0,
,,,-0.652331,0.0195312476716936,
,,,-0.652299,0,
,,,-0.652267,0.0195312476716936,
,,,-0.652235,0,
,,,-0.652203,0,
,,,-0.652171,0,
,,,-0.652139,0.0195312476716936,
,,,-0.652107,0,
,,,-0.652075,0.0195312476716936,
,,,-0.652043,0.0195312476716936,
,,,-0.652011,0.0195312476716936,
,,,-0.651979,0,
,,,-0.651947,0.0195312476716936,
,,,-0.651915,0.0195312476716936,
,,,-0.651883,0,
,,,-0.651851,0.0195312476716936,
,,,-0.651819,0.0195312476716936,
,,,-0.651787,0,
,,,-0.651755,0.0195312476716936,
,,,-0.651723,0,
,,,-0.651691,0.0195312476716936,
,,,-0.651659,-0.0214843724388629,
,,,-0.651627,-0.0214843724388629,
,,,-0.651595,0,
,,,-0.651563,0.0195312476716936,
,,,-0.651531,0,
,,,-0.651499,0.0195312476716936,
,,,-0.651467,0,
,,,-0.651435,0,
,,,-0.651403,0,
,,,-0.651371,0,
,,,-0.651339,0,
,,,-0.651307,0,
,,,-0.651275,0.0390624953433871,
,,,-0.651243,0,
,,,-0.651211,0,
,,,-0.651179,0.0195312476716936,
,,,-0.651147,0.0195312476716936,
,,,-0.651115,0,
,,,-0.651083,0,
,,,-0.651051,-0.0214843724388629,
,,,-0.651019,0,
,,,-0.650987,0,
,,,-0.650955,0,
,,,-0.650923,0.0195312476716936,
,,,-0.650891,0,
,,,-0.650859,0.0195312476716936,
,,,-0.650827,0.0195312476716936,
,,,-0.650795,0,
,,,-0.650763,0,
,,,-0.650731,0,
,,,-0.650699,-0.0214843724388629,
,,,-0.650667,0,
,,,-0.650635,0,
,,,-0.650603,0.0195312476716936,
,,,-0.650571,0.0195312476716936,
,,,-0.650539,0.0195312476716936,
,,,-0.650507,0.0195312476716936,
,,,-0.650475,0.0195312476716936,
,,,-0.650443,0.0195312476716936,
,,,-0.650411,0.0195312476716936,
,,,-0.650379,0,
,,,-0.650347,0.0195312476716936,
,,,-0.650315,0,
,,,-0.650283,0,
,,,-0.650251,0.0195312476716936,
,,,-0.650219,0.0195312476716936,
,,,-0.650187,0.0195312476716936,
,,,-0.650155,0,
,,,-0.650123,0,
,,,-0.650091,0,
,,,-0.650059,0.0195312476716936,
,,,-0.650027,0,
,,,-0.649995,0,
,,,-0.649963,0.0195312476716936,
,,,-0.649931,0,
,,,-0.649899,0.0195312476716936,
,,,-0.649867,0,
,,,-0.649835,0.0195312476716936,
,,,-0.649803,0.0195312476716936,
,,,-0.649771,0.0195312476716936,
,,,-0.649739,0.0195312476716936,
,,,-0.649707,0.0195312476716936,
,,,-0.649675,0.0195312476716936,
,,,-0.649643,0,
,,,-0.649611,0,
,,,-0.649579,0.0195312476716936,
,,,-0.649547,0.0195312476716936,
,,,-0.649515,0.0195312476716936,
,,,-0.649483,0,
,,,-0.649451,0,
,,,-0.649419,0.0195312476716936,
,,,-0.649387,0.0195312476716936,
,,,-0.649355,0.0195312476716936,
,,,-0.649323,0,
,,,-0.649291,0,
,,,-0.649259,0.0195312476716936,
,,,-0.649227,-0.0214843724388629,
,,,-0.649195,0,
,,,-0.649163,0.0195312476716936,
,,,-0.649131,0.0195312476716936,
,,,-0.649099,0.0195312476716936,
,,,-0.649067,0.0195312476716936,
,,,-0.649035,0,
,,,-0.649003,0,
,,,-0.648971,0,
,,,-0.648939,0.0195312476716936,
,,,-0.648907,0.0195312476716936,
,,,-0.648875,0,
,,,-0.648843,0,
,,,-0.648811,0,
,,,-0.648779,0.0195312476716936,
,,,-0.648747,0.0195312476716936,
,,,-0.648715,0.0390624953433871,
,,,-0.648683,0.0195312476716936,
,,,-0.648651,0.0195312476716936,
,,,-0.648619,0,
,,,-0.648587,0.0195312476716936,
,,,-0.648555,0,
,,,-0.648523,0,
,,,-0.648491,0.0195312476716936,
,,,-0.648459,0.0195312476716936,
,,,-0.648427,0,
,,,-0.648395,0.0195312476716936,
,,,-0.648363,0.0195312476716936,
,,,-0.648331,0,
,,,-0.648299,0.0195312476716936,
,,,-0.648267,0,
,,,-0.648235,0.0195312476716936,
,,,-0.648203,0.0195312476716936,
,,,-0.648171,-0.0214843724388629,
,,,-0.648139,0,
,,,-0.648107,0.0195312476716936,
,,,-0.648075,0.0195312476716936,
,,,-0.648043,0.0390624953433871,
,,,-0.648011,0.0195312476716936,
,,,-0.647979,0.0195312476716936,
,,,-0.647947,0.0195312476716936,
,,,-0.647915,0.0195312476716936,
,,,-0.647883,-0.0214843724388629,
,,,-0.647851,0,
,,,-0.647819,0,
,,,-0.647787,0.0195312476716936,
,,,-0.647755,0.0195312476716936,
,,,-0.647723,0.0195312476716936,
,,,-0.647691,0.0195312476716936,
,,,-0.647659,0.0195312476716936,
,,,-0.647627,0,
,,,-0.647595,0,
,,,-0.647563,0.0195312476716936,
,,,-0.647531,0.0195312476716936,
,,,-0.647499,0.0195312476716936,
,,,-0.647467,0.0195312476716936,
,,,-0.647435,-0.0214843724388629,
,,,-0.647403,0.0195312476716936,
,,,-0.647371,0.0195312476716936,
,,,-0.647339,0.0195312476716936,
,,,-0.647307,0.0195312476716936,
,,,-0.647275,0.0195312476716936,
,,,-0.647243,0,
,,,-0.647211,0.0390624953433871,
,,,-0.647179,0.0195312476716936,
,,,-0.647147,0.0390624953433871,
,,,-0.647115,0,
,,,-0.647083,0,
,,,-0.647051,0,
,,,-0.647019,0.0195312476716936,
,,,-0.646987,0.0390624953433871,
,,,-0.646955,0,
,,,-0.646923,0,
,,,-0.646891,0,
,,,-0.646859,-0.0214843724388629,
,,,-0.646827,-0.0214843724388629,
,,,-0.646795,0,
,,,-0.646763,0.0195312476716936,
,,,-0.646731,0.0195312476716936,
,,,-0.646699,-0.0800781154539436,
,,,-0.646667,0.0195312476716936,
,,,-0.646635,0.0195312476716936,
,,,-0.646603,0,
,,,-0.646571,0.0195312476716936,
,,,-0.646539,0.0195312476716936,
,,,-0.646507,0.0195312476716936,
,,,-0.646475,0.0195312476716936,
,,,-0.646443,0,
,,,-0.646411,0.0195312476716936,
,,,-0.646379,-0.0410156201105565,
,,,-0.646347,-0.0410156201105565,
,,,-0.646315,0,
,,,-0.646283,0,
,,,-0.646251,0.0195312476716936,
,,,-0.646219,0.0195312476716936,
,,,-0.646187,0.0195312476716936,
,,,-0.646155,0.0195312476716936,
,,,-0.646123,0.0195312476716936,
,,,-0.646091,0.0195312476716936,
,,,-0.646059,0.0195312476716936,
,,,-0.646027,0.0195312476716936,
,,,-0.645995,0.0195312476716936,
,,,-0.645963,0.0195312476716936,
,,,-0.645931,0,
,,,-0.645899,0.0195312476716936,
,,,-0.645867,0.0195312476716936,
,,,-0.645835,0.0195312476716936,
,,,-0.645803,0.0195312476716936,
,,,-0.645771,0,
,,,-0.645739,0,
,,,-0.645707,0.0195312476716936,
,,,-0.645675,-0.0214843724388629,
,,,-0.645643,0.0195312476716936,
,,,-0.645611,0,
,,,-0.645579,0,
,,,-0.645547,0.0390624953433871,
,,,-0.645515,0,
,,,-0.645483,0.0195312476716936,
,,,-0.645451,0.0390624953433871,
,,,-0.645419,0.0195312476716936,
,,,-0.645387,0,
,,,-0.645355,0.0195312476716936,
,,,-0.645323,0.0195312476716936,
,,,-0.645291,0,
,,,-0.645259,0,
,,,-0.645227,0,
,,,-0.645195,0,
,,,-0.645163,0,
,,,-0.645131,0,
,,,-0.645099,0,
,,,-0.645067,0,
,,,-0.645035,0,
,,,-0.645003,0,
,,,-0.644971,0,
,,,-0.644939,0.0195312476716936,
,,,-0.644907,-0.0214843724388629,
,,,-0.644875,0,
,,,-0.644843,0.0195312476716936,
,,,-0.644811,0.0195312476716936,
,,,-0.644779,0,
,,,-0.644747,0,
,,,-0.644715,0.0195312476716936,
,,,-0.644683,0.0195312476716936,
,,,-0.644651,0,
,,,-0.644619,0,
,,,-0.644587,0,
,,,-0.644555,0,
,,,-0.644523,0,
,,,-0.644491,0,
,,,-0.644459,0,
,,,-0.644427,0,
,,,-0.644395,0,
,,,-0.644363,0,
,,,-0.644331,0.0195312476716936,
,,,-0.644299,0,
,,,-0.644267,-0.0214843724388629,
,,,-0.644235,0.0195312476716936,
,,,-0.644203,-0.0214843724388629,
,,,-0.644171,0,
,,,-0.644139,0,
,,,-0.644107,-0.0214843724388629,
,,,-0.644075,0,
,,,-0.644043,0,
,,,-0.644011,0.0195312476716936,
,,,-0.643979,0,
,,,-0.643947,0,
,,,-0.643915,0,
,,,-0.643883,0.0195312476716936,
,,,-0.643851,0,
,,,-0.643819,0,
,,,-0.643787,0.0195312476716936,
,,,-0.643755,0.0195312476716936,
,,,-0.643723,0,
,,,-0.643691,-0.0214843724388629,
,,,-0.643659,-0.0214843724388629,
,,,-0.643627,0,
,,,-0.643595,0.0195312476716936,
,,,-0.643563,0,
,,,-0.643531,0.0195312476716936,
,,,-0.643499,0,
,,,-0.643467,0.0195312476716936,
,,,-0.643435,0,
,,,-0.643403,0.0195312476716936,
,,,-0.643371,0,
,,,-0.643339,0,
,,,-0.643307,0,
,,,-0.643275,0.0195312476716936,
,,,-0.643243,0.0195312476716936,
,,,-0.643211,0.0195312476716936,
,,,-0.643179,-0.0214843724388629,
,,,-0.643147,0,
,,,-0.643115,0.0195312476716936,
,,,-0.643083,0.0195312476716936,
,,,-0.643051,0.0195312476716936,
,,,-0.643019,0,
,,,-0.642987,0.0195312476716936,
,,,-0.642955,0.0195312476716936,
,,,-0.642923,0,
,,,-0.642891,0.0195312476716936,
,,,-0.642859,0.0195312476716936,
,,,-0.642827,0,
,,,-0.642795,0,
,,,-0.642763,0.0195312476716936,
,,,-0.642731,0,
,,,-0.642699,0,
,,,-0.642667,0,
,,,-0.642635,0.0195312476716936,
,,,-0.642603,0.0195312476716936,
,,,-0.642571,0.0195312476716936,
,,,-0.642539,-0.0214843724388629,
,,,-0.642507,0.0195312476716936,
,,,-0.642475,0,
,,,-0.642443,-0.0214843724388629,
,,,-0.642411,0.0195312476716936,
,,,-0.642379,0.0195312476716936,
,,,-0.642347,0.0195312476716936,
,,,-0.642315,0,
,,,-0.642283,0.0195312476716936,
,,,-0.642251,0,
,,,-0.642219,0.0195312476716936,
,,,-0.642187,0.0195312476716936,
,,,-0.642155,0,
,,,-0.642123,0,
,,,-0.642091,0.0195312476716936,
,,,-0.642059,0,
,,,-0.642027,0,
,,,-0.641995,0,
,,,-0.641963,0.0195312476716936,
,,,-0.641931,0.0390624953433871,
,,,-0.641899,0.0195312476716936,
,,,-0.641867,0,
,,,-0.641835,0.0195312476716936,
,,,-0.641803,0,
,,,-0.641771,0,
,,,-0.641739,0,
,,,-0.641707,0,
,,,-0.641675,0,
,,,-0.641643,0.0195312476716936,
,,,-0.641611,0.0195312476716936,
,,,-0.641579,0,
,,,-0.641547,0.0195312476716936,
,,,-0.641515,0.0195312476716936,
,,,-0.641483,0.0195312476716936,
,,,-0.641451,0,
,,,-0.641419,0.0195312476716936,
,,,-0.641387,0,
,,,-0.641355,0,
,,,-0.641323,0,
,,,-0.641291,-0.0214843724388629,
,,,-0.641259,0.0195312476716936,
,,,-0.641227,0.0195312476716936,
,,,-0.641195,0.0195312476716936,
,,,-0.641163,0.0195312476716936,
,,,-0.641131,0,
,,,-0.641099,0.0195312476716936,
,,,-0.641067,0,
,,,-0.641035,0.0195312476716936,
,,,-0.641003,0.0195312476716936,
,,,-0.640971,0.0195312476716936,
,,,-0.640939,-0.0214843724388629,
,,,-0.640907,0.0195312476716936,
,,,-0.640875,0,
,,,-0.640843,0,
,,,-0.640811,0,
,,,-0.640779,0,
,,,-0.640747,0.0195312476716936,
,,,-0.640715,0.0195312476716936,
,,,-0.640683,0.0390624953433871,
,,,-0.640651,0.0195312476716936,
,,,-0.640619,0.0195312476716936,
,,,-0.640587,0,
,,,-0.640555,0.0195312476716936,
,,,-0.640523,0.0195312476716936,
,,,-0.640491,0,
,,,-0.640459,0,
,,,-0.640427,0,
,,,-0.640395,0,
,,,-0.640363,0,
,,,-0.640331,-0.0214843724388629,
,,,-0.640299,0,
,,,-0.640267,0.0195312476716936,
,,,-0.640235,0,
,,,-0.640203,0.0195312476716936,
,,,-0.640171,0.0195312476716936,
,,,-0.640139,0,
,,,-0.640107,0.0195312476716936,
,,,-0.640075,0.0195312476716936,
,,,-0.640043,0.0195312476716936,
,,,-0.640011,0,
,,,-0.639979,0,
,,,-0.639947,0,
,,,-0.639915,0.0195312476716936,
,,,-0.639883,0.0390624953433871,
,,,-0.639851,0.0195312476716936,
,,,-0.639819,0.0195312476716936,
,,,-0.639787,0.0195312476716936,
,,,-0.639755,0.0195312476716936,
,,,-0.639723,-0.101562487892807,
,,,-0.639691,0.0195312476716936,
,,,-0.639659,0.0195312476716936,
,,,-0.639627,0,
,,,-0.639595,0.0195312476716936,
,,,-0.639563,0.0195312476716936,
,,,-0.639531,0,
,,,-0.639499,0.0195312476716936,
,,,-0.639467,0.0195312476716936,
,,,-0.639435,0.0195312476716936,
,,,-0.639403,0,
,,,-0.639371,0.0195312476716936,
,,,-0.639339,0,
,,,-0.639307,0.0195312476716936,
,,,-0.639275,0,
,,,-0.639243,0.0195312476716936,
,,,-0.639211,0.0195312476716936,
,,,-0.639179,0.0195312476716936,
,,,-0.639147,0.0195312476716936,
,,,-0.639115,0,
,,,-0.639083,0,
,,,-0.639051,0,
,,,-0.639019,0,
,,,-0.638987,0.0195312476716936,
,,,-0.638955,0,
,,,-0.638923,0.0195312476716936,
,,,-0.638891,0,
,,,-0.638859,0.0195312476716936,
,,,-0.638827,0.0195312476716936,
,,,-0.638795,0,
,,,-0.638763,0,
,,,-0.638731,0.0195312476716936,
,,,-0.638699,0.0195312476716936,
,,,-0.638667,0,
,,,-0.638635,0.0195312476716936,
,,,-0.638603,0,
,,,-0.638571,0,
,,,-0.638539,0,
,,,-0.638507,-0.0214843724388629,
,,,-0.638475,0,
,,,-0.638443,0,
,,,-0.638411,0.0195312476716936,
,,,-0.638379,0,
,,,-0.638347,0.0195312476716936,
,,,-0.638315,0.0195312476716936,
,,,-0.638283,0.0195312476716936,
,,,-0.638251,0.0195312476716936,
,,,-0.638219,0.0195312476716936,
,,,-0.638187,0,
,,,-0.638155,0,
,,,-0.638123,0,
,,,-0.638091,0,
,,,-0.638059,0,
,,,-0.638027,0.0195312476716936,
,,,-0.637995,0,
,,,-0.637963,0,
,,,-0.637931,0.0195312476716936,
,,,-0.637899,0.0195312476716936,
,,,-0.637867,0.0195312476716936,
,,,-0.637835,0,
,,,-0.637803,0.0195312476716936,
,,,-0.637771,0,
,,,-0.637739,-0.0214843724388629,
,,,-0.637707,0.0195312476716936,
,,,-0.637675,0,
,,,-0.637643,0.0195312476716936,
,,,-0.637611,0,
,,,-0.637579,0,
,,,-0.637547,0.0195312476716936,
,,,-0.637515,0,
,,,-0.637483,0.0195312476716936,
,,,-0.637451,0,
,,,-0.637419,0,
,,,-0.637387,0.0195312476716936,
,,,-0.637355,0.0195312476716936,
,,,-0.637323,0,
,,,-0.637291,0.0195312476716936,
,,,-0.637259,0,
,,,-0.637227,0,
,,,-0.637195,0.0195312476716936,
,,,-0.637163,0,
,,,-0.637131,0,
,,,-0.637099,0,
,,,-0.637067,0.0195312476716936,
,,,-0.637035,0.0195312476716936,
,,,-0.637003,0.0195312476716936,
,,,-0.636971,0.0195312476716936,
,,,-0.636939,0.0195312476716936,
,,,-0.636907,0,
,,,-0.636875,0.0195312476716936,
,,,-0.636843,0.0195312476716936,
,,,-0.636811,0.0195312476716936,
,,,-0.636779,0,
,,,-0.636747,0.0195312476716936,
,,,-0.636715,-0.0214843724388629,
,,,-0.636683,0,
,,,-0.636651,0,
,,,-0.636619,-0.0214843724388629,
,,,-0.636587,0.0195312476716936,
,,,-0.636555,0,
,,,-0.636523,0,
,,,-0.636491,0,
,,,-0.636459,0,
,,,-0.636427,0.0195312476716936,
,,,-0.636395,-0.0214843724388629,
,,,-0.636363,0.0195312476716936,
,,,-0.636331,0.0195312476716936,
,,,-0.636299,0,
,,,-0.636267,0.0195312476716936,
,,,-0.636235,0.0195312476716936,
,,,-0.636203,0,
,,,-0.636171,0,
,,,-0.636139,0.0195312476716936,
,,,-0.636107,0.0195312476716936,
,,,-0.636075,0.0195312476716936,
,,,-0.636043,0,
,,,-0.636011,0.0195312476716936,
,,,-0.635979,0,
,,,-0.635947,-0.0214843724388629,
,,,-0.635915,0,
,,,-0.635883,-0.0214843724388629,
,,,-0.635851,0.0195312476716936,
,,,-0.635819,0.0390624953433871,
,,,-0.635787,0,
,,,-0.635755,0,
,,,-0.635723,0,
,,,-0.635691,-0.0214843724388629,
,,,-0.635659,-0.0214843724388629,
,,,-0.635627,0,
,,,-0.635595,0.0195312476716936,
,,,-0.635563,0.0195312476716936,
,,,-0.635531,0,
,,,-0.635499,-0.0214843724388629,
,,,-0.635467,0,
,,,-0.635435,0.0195312476716936,
,,,-0.635403,0,
,,,-0.635371,0.0195312476716936,
,,,-0.635339,0,
,,,-0.635307,0,
,,,-0.635275,0.0195312476716936,
,,,-0.635243,-0.0214843724388629,
,,,-0.635211,0,
,,,-0.635179,0.0195312476716936,
,,,-0.635147,0,
,,,-0.635115,0.0195312476716936,
,,,-0.635083,0,
,,,-0.635051,0,
,,,-0.635019,0,
,,,-0.634987,0.0195312476716936,
,,,-0.634955,-0.0214843724388629,
,,,-0.634923,0,
,,,-0.634891,-0.0214843724388629,
,,,-0.634859,0.0195312476716936,
,,,-0.634827,0,
,,,-0.634795,0.0195312476716936,
,,,-0.634763,0.0195312476716936,
,,,-0.634731,0.0195312476716936,
,,,-0.634699,0.0195312476716936,
,,,-0.634667,0.0195312476716936,
,,,-0.634635,0.0195312476716936,
,,,-0.634603,0,
,,,-0.634571,0,
,,,-0.634539,0.0195312476716936,
,,,-0.634507,0,
,,,-0.634475,0,
,,,-0.634443,0,
,,,-0.634411,0.0195312476716936,
,,,-0.634379,0.0195312476716936,
,,,-0.634347,0.0195312476716936,
,,,-0.634315,0.0195312476716936,
,,,-0.634283,0.0195312476716936,
,,,-0.634251,0.0195312476716936,
,,,-0.634219,0.0195312476716936,
,,,-0.634187,0.0195312476716936,
,,,-0.634155,0.0195312476716936,
,,,-0.634123,0,
,,,-0.634091,0.0195312476716936,
,,,-0.634059,0,
,,,-0.634027,-0.0214843724388629,
,,,-0.633995,0.0195312476716936,
,,,-0.633963,0.0195312476716936,
,,,-0.633931,0,
,,,-0.633899,0.0195312476716936,
,,,-0.633867,0,
,,,-0.633835,0.0195312476716936,
,,,-0.633803,0.0195312476716936,
,,,-0.633771,0,
,,,-0.633739,0.0195312476716936,
,,,-0.633707,0,
,,,-0.633675,0.0195312476716936,
,,,-0.633643,0,
,,,-0.633611,0.0195312476716936,
,,,-0.633579,0.0195312476716936,
,,,-0.633547,0.0195312476716936,
,,,-0.633515,0,
,,,-0.633483,0.0195312476716936,
,,,-0.633451,0,
,,,-0.633419,0.0195312476716936,
,,,-0.633387,0.0195312476716936,
,,,-0.633355,-0.0214843724388629,
,,,-0.633323,0,
,,,-0.633291,0,
,,,-0.633259,0.0195312476716936,
,,,-0.633227,0.0195312476716936,
,,,-0.633195,0.0195312476716936,
,,,-0.633163,0.0195312476716936,
,,,-0.633131,0.0195312476716936,
,,,-0.633099,0,
,,,-0.633067,0.0195312476716936,
,,,-0.633035,0,
,,,-0.633003,0,
,,,-0.632971,0.0195312476716936,
,,,-0.632939,0.0195312476716936,
,,,-0.632907,0.0195312476716936,
,,,-0.632875,0.0195312476716936,
,,,-0.632843,-0.0214843724388629,
,,,-0.632811,0.0195312476716936,
,,,-0.632779,0.0390624953433871,
,,,-0.632747,0.0195312476716936,
,,,-0.632715,0.0195312476716936,
,,,-0.632683,0,
,,,-0.632651,0.0195312476716936,
,,,-0.632619,0.0195312476716936,
,,,-0.632587,0.0195312476716936,
,,,-0.632555,0.0195312476716936,
,,,-0.632523,0.0195312476716936,
,,,-0.632491,0,
,,,-0.632459,-0.0214843724388629,
,,,-0.632427,0.0195312476716936,
,,,-0.632395,-0.0410156201105565,
,,,-0.632363,0.0195312476716936,
,,,-0.632331,0.0195312476716936,
,,,-0.632299,0,
,,,-0.632267,0.0195312476716936,
,,,-0.632235,0.0585937430150807,
,,,-0.632203,0.0195312476716936,
,,,-0.632171,0,
,,,-0.632139,0.0195312476716936,
,,,-0.632107,0.0195312476716936,
,,,-0.632075,0.0195312476716936,
,,,-0.632043,0.0195312476716936,
,,,-0.632011,0,
,,,-0.631979,0.0195312476716936,
,,,-0.631947,0,
,,,-0.631915,0,
,,,-0.631883,0.0195312476716936,
,,,-0.631851,0,
,,,-0.631819,0,
,,,-0.631787,0.0195312476716936,
,,,-0.631755,0,
,,,-0.631723,-0.0214843724388629,
,,,-0.631691,0.0195312476716936,
,,,-0.631659,0.0195312476716936,
,,,-0.631627,0.0195312476716936,
,,,-0.631595,0,
,,,-0.631563,0.0195312476716936,
,,,-0.631531,0.0195312476716936,
,,,-0.631499,0.0195312476716936,
,,,-0.631467,0,
,,,-0.631435,0.0195312476716936,
,,,-0.631403,0.0585937430150807,
,,,-0.631371,0,
,,,-0.631339,0,
,,,-0.631307,0.0195312476716936,
,,,-0.631275,0.0195312476716936,
,,,-0.631243,0.0195312476716936,
,,,-0.631211,-0.0214843724388629,
,,,-0.631179,0.0195312476716936,
,,,-0.631147,0.0195312476716936,
,,,-0.631115,0.0195312476716936,
,,,-0.631083,0.0195312476716936,
,,,-0.631051,0.0195312476716936,
,,,-0.631019,0.0195312476716936,
,,,-0.630987,0.0195312476716936,
,,,-0.630955,0,
,,,-0.630923,0.0195312476716936,
,,,-0.630891,0.0195312476716936,
,,,-0.630859,-0.0214843724388629,
,,,-0.630827,0.0195312476716936,
,,,-0.630795,0,
,,,-0.630763,0.0195312476716936,
,,,-0.630731,0.0195312476716936,
,,,-0.630699,0.0195312476716936,
,,,-0.630667,0.0195312476716936,
,,,-0.630635,0,
,,,-0.630603,0.0195312476716936,
,,,-0.630571,-0.0214843724388629,
,,,-0.630539,0.0195312476716936,
,,,-0.630507,0,
,,,-0.630475,0,
,,,-0.630443,0,
,,,-0.630411,0.0195312476716936,
,,,-0.630379,0.0390624953433871,
,,,-0.630347,0.0195312476716936,
,,,-0.630315,0,
,,,-0.630283,0,
,,,-0.630251,0.0195312476716936,
,,,-0.630219,0.0195312476716936,
,,,-0.630187,0,
,,,-0.630155,0,
,,,-0.630123,0.0195312476716936,
,,,-0.630091,0,
,,,-0.630059,0.0195312476716936,
,,,-0.630027,-0.0214843724388629,
,,,-0.629995,0.0195312476716936,
,,,-0.629963,0.0195312476716936,
,,,-0.629931,0.0195312476716936,
,,,-0.629899,0,
,,,-0.629867,0.0195312476716936,
,,,-0.629835,0.0195312476716936,
,,,-0.629803,0.0195312476716936,
,,,-0.629771,-0.0214843724388629,
,,,-0.629739,0.0390624953433871,
,,,-0.629707,0,
,,,-0.629675,0.0390624953433871,
,,,-0.629643,0.0195312476716936,
,,,-0.629611,0.0195312476716936,
,,,-0.629579,0.0195312476716936,
,,,-0.629547,0.0195312476716936,
,,,-0.629515,0,
,,,-0.629483,0,
,,,-0.629451,0,
,,,-0.629419,-0.0214843724388629,
,,,-0.629387,0,
,,,-0.629355,0,
,,,-0.629323,0.0195312476716936,
,,,-0.629291,0.0195312476716936,
,,,-0.629259,0,
,,,-0.629227,0,
,,,-0.629195,0,
,,,-0.629163,0,
,,,-0.629131,0,
,,,-0.629099,0,
,,,-0.629067,0.0195312476716936,
,,,-0.629035,0.0195312476716936,
,,,-0.629003,0,
,,,-0.628971,0.0195312476716936,
,,,-0.628939,0.0195312476716936,
,,,-0.628907,-0.0214843724388629,
,,,-0.628875,0.0390624953433871,
,,,-0.628843,0.0195312476716936,
,,,-0.628811,0,
,,,-0.628779,0,
,,,-0.628747,0,
,,,-0.628715,-0.0214843724388629,
,,,-0.628683,0.0195312476716936,
,,,-0.628651,0,
,,,-0.628619,0.0195312476716936,
,,,-0.628587,0,
,,,-0.628555,0.0195312476716936,
,,,-0.628523,0.0195312476716936,
,,,-0.628491,0.0195312476716936,
,,,-0.628459,0,
,,,-0.628427,-0.0214843724388629,
,,,-0.628395,0,
,,,-0.628363,0,
,,,-0.628331,0.0195312476716936,
,,,-0.628299,0,
,,,-0.628267,0,
,,,-0.628235,0,
,,,-0.628203,0,
,,,-0.628171,0,
,,,-0.628139,0.0195312476716936,
,,,-0.628107,0.0195312476716936,
,,,-0.628075,0,
,,,-0.628043,0,
,,,-0.628011,0,
,,,-0.627979,0,
,,,-0.627947,0.0195312476716936,
,,,-0.627915,0,
,,,-0.627883,0,
,,,-0.627851,-0.0214843724388629,
,,,-0.627819,0.0195312476716936,
,,,-0.627787,0,
,,,-0.627755,0,
,,,-0.627723,0.0195312476716936,
,,,-0.627691,-0.0214843724388629,
,,,-0.627659,0,
,,,-0.627627,0.0195312476716936,
,,,-0.627595,0,
,,,-0.627563,0,
,,,-0.627531,0,
,,,-0.627499,0,
,,,-0.627467,0,
,,,-0.627435,0,
,,,-0.627403,0,
,,,-0.627371,0,
,,,-0.627339,0,
,,,-0.627307,0.0195312476716936,
,,,-0.627275,0,
,,,-0.627243,0,
,,,-0.627211,0.0195312476716936,
,,,-0.627179,0,
,,,-0.627147,0,
,,,-0.627115,0,
,,,-0.627083,0,
,,,-0.627051,0,
,,,-0.627019,0,
,,,-0.626987,0,
,,,-0.626955,0,
,,,-0.626923,0.0195312476716936,
,,,-0.626891,0.0195312476716936,
,,,-0.626859,0,
,,,-0.626827,0,
,,,-0.626795,0,
,,,-0.626763,0,
,,,-0.626731,0.0195312476716936,
,,,-0.626699,0,
,,,-0.626667,0.0195312476716936,
,,,-0.626635,0,
,,,-0.626603,0,
,,,-0.626571,0.0195312476716936,
,,,-0.626539,0.0195312476716936,
,,,-0.626507,0,
,,,-0.626475,0,
,,,-0.626443,0,
,,,-0.626411,0,
,,,-0.626379,0,
,,,-0.626347,0,
,,,-0.626315,0,
,,,-0.626283,0,
,,,-0.626251,0,
,,,-0.626219,0.0195312476716936,
,,,-0.626187,0.0195312476716936,
,,,-0.626155,0.0195312476716936,
,,,-0.626123,0.0195312476716936,
,,,-0.626091,0.0195312476716936,
,,,-0.626059,0,
,,,-0.626027,0,
,,,-0.625995,0,
,,,-0.625963,0.0390624953433871,
,,,-0.625931,0.0195312476716936,
,,,-0.625899,0.0195312476716936,
,,,-0.625867,0,
,,,-0.625835,0,
,,,-0.625803,0.0195312476716936,
,,,-0.625771,0,
,,,-0.625739,0,
,,,-0.625707,0.0195312476716936,
,,,-0.625675,0.0195312476716936,
,,,-0.625643,0.0195312476716936,
,,,-0.625611,0.0195312476716936,
,,,-0.625579,0,
,,,-0.625547,0,
,,,-0.625515,0,
,,,-0.625483,0,
,,,-0.625451,0.0195312476716936,
,,,-0.625419,0.0195312476716936,
,,,-0.625387,0,
,,,-0.625355,0,
,,,-0.625323,0,
,,,-0.625291,0,
,,,-0.625259,-0.0214843724388629,
,,,-0.625227,0.0195312476716936,
,,,-0.625195,0.0195312476716936,
,,,-0.625163,0,
,,,-0.625131,0,
,,,-0.625099,0.0195312476716936,
,,,-0.625067,0.0390624953433871,
,,,-0.625035,-0.0214843724388629,
,,,-0.625003,0,
,,,-0.624971,0.0195312476716936,
,,,-0.624939,0.0195312476716936,
,,,-0.624907,0.0195312476716936,
,,,-0.624875,0.0195312476716936,
,,,-0.624843,0,
,,,-0.624811,0.0195312476716936,
,,,-0.624779,0,
,,,-0.624747,0.0195312476716936,
,,,-0.624715,0,
,,,-0.624683,0,
,,,-0.624651,0.0195312476716936,
,,,-0.624619,0.0195312476716936,
,,,-0.624587,0,
,,,-0.624555,0.0195312476716936,
,,,-0.624523,0.0195312476716936,
,,,-0.624491,0.0195312476716936,
,,,-0.624459,0,
,,,-0.624427,0.0195312476716936,
,,,-0.624395,0.0195312476716936,
,,,-0.624363,0.0195312476716936,
,,,-0.624331,0.0195312476716936,
,,,-0.624299,0.0195312476716936,
,,,-0.624267,0,
,,,-0.624235,0,
,,,-0.624203,0,
,,,-0.624171,0.0195312476716936,
,,,-0.624139,0.0195312476716936,
,,,-0.624107,0.0195312476716936,
,,,-0.624075,0.0195312476716936,
,,,-0.624043,0.0195312476716936,
,,,-0.624011,0.0195312476716936,
,,,-0.623979,0,
,,,-0.623947,0.0195312476716936,
,,,-0.623915,0.0195312476716936,
,,,-0.623883,0.0195312476716936,
,,,-0.623851,0.0195312476716936,
,,,-0.623819,0.0195312476716936,
,,,-0.623787,0.0195312476716936,
,,,-0.623755,0,
,,,-0.623723,0,
,,,-0.623691,0,
,,,-0.623659,0,
,,,-0.623627,0.0195312476716936,
,,,-0.623595,0.0195312476716936,
,,,-0.623563,0.0195312476716936,
,,,-0.623531,0,
,,,-0.623499,0.0195312476716936,
,,,-0.623467,-0.0214843724388629,
,,,-0.623435,0,
,,,-0.623403,0.0390624953433871,
,,,-0.623371,0.0195312476716936,
,,,-0.623339,0,
,,,-0.623307,0,
,,,-0.623275,0.0195312476716936,
,,,-0.623243,0,
,,,-0.623211,0.0195312476716936,
,,,-0.623179,0.0195312476716936,
,,,-0.623147,0.0195312476716936,
,,,-0.623115,0,
,,,-0.623083,-0.0214843724388629,
,,,-0.623051,0,
,,,-0.623019,0.0195312476716936,
,,,-0.622987,0,
,,,-0.622955,0,
,,,-0.622923,0.0195312476716936,
,,,-0.622891,0.0195312476716936,
,,,-0.622859,0.0195312476716936,
,,,-0.622827,0,
,,,-0.622795,0,
,,,-0.622763,0.0195312476716936,
,,,-0.622731,0,
,,,-0.622699,0,
,,,-0.622667,0,
,,,-0.622635,0.0195312476716936,
,,,-0.622603,0,
,,,-0.622571,0,
,,,-0.622539,0.0195312476716936,
,,,-0.622507,0.0390624953433871,
,,,-0.622475,0,
,,,-0.622443,0,
,,,-0.622411,0,
,,,-0.622379,-0.0214843724388629,
,,,-0.622347,0.0195312476716936,
,,,-0.622315,0,
,,,-0.622283,0.0195312476716936,
,,,-0.622251,0.0195312476716936,
,,,-0.622219,0,
,,,-0.622187,0,
,,,-0.622155,0.0195312476716936,
,,,-0.622123,0.0195312476716936,
,,,-0.622091,0,
,,,-0.622059,0,
,,,-0.622027,0.0195312476716936,
,,,-0.621995,0.0195312476716936,
,,,-0.621963,0,
,,,-0.621931,0.0195312476716936,
,,,-0.621899,0,
,,,-0.621867,0.0195312476716936,
,,,-0.621835,-0.0214843724388629,
,,,-0.621803,0,
,,,-0.621771,0,
,,,-0.621739,0,
,,,-0.621707,0,
,,,-0.621675,0,
,,,-0.621643,0,
,,,-0.621611,-0.0214843724388629,
,,,-0.621579,0,
,,,-0.621547,0,
,,,-0.621515,0,
,,,-0.621483,-0.0214843724388629,
,,,-0.621451,0,
,,,-0.621419,0,
,,,-0.621387,-0.0214843724388629,
,,,-0.621355,0,
,,,-0.621323,0,
,,,-0.621291,0,
,,,-0.621259,0,
,,,-0.621227,0,
,,,-0.621195,0,
,,,-0.621163,0.0195312476716936,
,,,-0.621131,0,
,,,-0.621099,0,
,,,-0.621067,0,
,,,-0.621035,0,
,,,-0.621003,0,
,,,-0.620971,0.0195312476716936,
,,,-0.620939,-0.0214843724388629,
,,,-0.620907,-0.0214843724388629,
,,,-0.620875,0,
,,,-0.620843,0.0195312476716936,
,,,-0.620811,0.0390624953433871,
,,,-0.620779,0,
,,,-0.620747,-0.0214843724388629,
,,,-0.620715,0.0195312476716936,
,,,-0.620683,0,
,,,-0.620651,0.0195312476716936,
,,,-0.620619,0.0195312476716936,
,,,-0.620587,-0.0214843724388629,
,,,-0.620555,0.0195312476716936,
,,,-0.620523,0,
,,,-0.620491,0.0195312476716936,
,,,-0.620459,0,
,,,-0.620427,0,
,,,-0.620395,0,
,,,-0.620363,-0.0214843724388629,
,,,-0.620331,0.0195312476716936,
,,,-0.620299,0.0195312476716936,
,,,-0.620267,0.0195312476716936,
,,,-0.620235,0,
,,,-0.620203,0.0195312476716936,
,,,-0.620171,0,
,,,-0.620139,0,
,,,-0.620107,-0.0214843724388629,
,,,-0.620075,0,
,,,-0.620043,0,
,,,-0.620011,0.0195312476716936,
,,,-0.619979,0,
,,,-0.619947,0.0195312476716936,
,,,-0.619915,0,
,,,-0.619883,0,
,,,-0.619851,0.0195312476716936,
,,,-0.619819,0,
,,,-0.619787,0.0195312476716936,
,,,-0.619755,-0.0214843724388629,
,,,-0.619723,0.0195312476716936,
,,,-0.619691,0,
,,,-0.619659,0,
,,,-0.619627,0.0195312476716936,
,,,-0.619595,0.0195312476716936,
,,,-0.619563,0.0195312476716936,
,,,-0.619531,0.0195312476716936,
,,,-0.619499,0.0195312476716936,
,,,-0.619467,0,
,,,-0.619435,0.0195312476716936,
,,,-0.619403,-0.0214843724388629,
,,,-0.619371,-0.0214843724388629,
,,,-0.619339,0.0195312476716936,
,,,-0.619307,0.0195312476716936,
,,,-0.619275,0.0195312476716936,
,,,-0.619243,0.0195312476716936,
,,,-0.619211,0.0195312476716936,
,,,-0.619179,0,
,,,-0.619147,0.0195312476716936,
,,,-0.619115,0.0195312476716936,
,,,-0.619083,0.0195312476716936,
,,,-0.619051,0.0195312476716936,
,,,-0.619019,0.0195312476716936,
,,,-0.618987,0,
,,,-0.618955,0,
,,,-0.618923,0,
,,,-0.618891,0.0195312476716936,
,,,-0.618859,0,
,,,-0.618827,0.0195312476716936,
,,,-0.618795,0,
,,,-0.618763,0.0195312476716936,
,,,-0.618731,0.0195312476716936,
,,,-0.618699,0,
,,,-0.618667,0.0195312476716936,
,,,-0.618635,0,
,,,-0.618603,0,
,,,-0.618571,0,
,,,-0.618539,0.0195312476716936,
,,,-0.618507,0,
,,,-0.618475,0.0195312476716936,
,,,-0.618443,0,
,,,-0.618411,0.0195312476716936,
,,,-0.618379,0.0195312476716936,
,,,-0.618347,0.0195312476716936,
,,,-0.618315,0,
,,,-0.618283,0,
,,,-0.618251,0,
,,,-0.618219,-0.0214843724388629,
,,,-0.618187,0.0195312476716936,
,,,-0.618155,0,
,,,-0.618123,0,
,,,-0.618091,0.0195312476716936,
,,,-0.618059,0,
,,,-0.618027,0,
,,,-0.617995,0.0195312476716936,
,,,-0.617963,0.0195312476716936,
,,,-0.617931,0.0195312476716936,
,,,-0.617899,0,
,,,-0.617867,0,
,,,-0.617835,0.0195312476716936,
,,,-0.617803,0.0195312476716936,
,,,-0.617771,0,
,,,-0.617739,0,
,,,-0.617707,0,
,,,-0.617675,0.0195312476716936,
,,,-0.617643,0.0195312476716936,
,,,-0.617611,0,
,,,-0.617579,0,
,,,-0.617547,0,
,,,-0.617515,0,
,,,-0.617483,0,
,,,-0.617451,0,
,,,-0.617419,0,
,,,-0.617387,0,
,,,-0.617355,0.0390624953433871,
,,,-0.617323,0,
,,,-0.617291,0.0195312476716936,
,,,-0.617259,0,
,,,-0.617227,0.0195312476716936,
,,,-0.617195,0,
,,,-0.617163,0.0195312476716936,
,,,-0.617131,0,
,,,-0.617099,0,
,,,-0.617067,0,
,,,-0.617035,0.0195312476716936,
,,,-0.617003,0.0195312476716936,
,,,-0.616971,0,
,,,-0.616939,0.0195312476716936,
,,,-0.616907,0.0195312476716936,
,,,-0.616875,-0.0214843724388629,
,,,-0.616843,0,
,,,-0.616811,0,
,,,-0.616779,0,
,,,-0.616747,0,
,,,-0.616715,0.0195312476716936,
,,,-0.616683,0,
,,,-0.616651,0,
,,,-0.616619,0,
,,,-0.616587,0.0195312476716936,
,,,-0.616555,0,
,,,-0.616523,0,
,,,-0.616491,0.0195312476716936,
,,,-0.616459,0.0195312476716936,
,,,-0.616427,0.0195312476716936,
,,,-0.616395,-0.0214843724388629,
,,,-0.616363,0.0195312476716936,
,,,-0.616331,0,
,,,-0.616299,0,
,,,-0.616267,0,
,,,-0.616235,0.0195312476716936,
,,,-0.616203,0.0195312476716936,
,,,-0.616171,0,
,,,-0.616139,0.0195312476716936,
,,,-0.616107,-0.0214843724388629,
,,,-0.616075,0,
,,,-0.616043,0.0195312476716936,
,,,-0.616011,0.0195312476716936,
,,,-0.615979,0.0195312476716936,
,,,-0.615947,0,
,,,-0.615915,0,
,,,-0.615883,0,
,,,-0.615851,0,
,,,-0.615819,0,
,,,-0.615787,0,
,,,-0.615755,0,
,,,-0.615723,0.0195312476716936,
,,,-0.615691,0.0195312476716936,
,,,-0.615659,0.0195312476716936,
,,,-0.615627,0.0195312476716936,
,,,-0.615595,-0.0214843724388629,
,,,-0.615563,0.0195312476716936,
,,,-0.615531,0.0195312476716936,
,,,-0.615499,0,
,,,-0.615467,0,
,,,-0.615435,0.0390624953433871,
,,,-0.615403,0.0195312476716936,
,,,-0.615371,0.0195312476716936,
,,,-0.615339,-0.0214843724388629,
,,,-0.615307,0,
,,,-0.615275,0.0195312476716936,
,,,-0.615243,0.0195312476716936,
,,,-0.615211,0.0195312476716936,
,,,-0.615179,0,
,,,-0.615147,0.0195312476716936,
,,,-0.615115,0.0195312476716936,
,,,-0.615083,-0.0214843724388629,
,,,-0.615051,0,
,,,-0.615019,0.0195312476716936,
,,,-0.614987,0.0195312476716936,
,,,-0.614955,0.0195312476716936,
,,,-0.614923,0.0195312476716936,
,,,-0.614891,0,
,,,-0.614859,0.0195312476716936,
,,,-0.614827,0,
,,,-0.614795,0.0195312476716936,
,,,-0.614763,0,
,,,-0.614731,0,
,,,-0.614699,0.0195312476716936,
,,,-0.614667,0,
,,,-0.614635,0,
,,,-0.614603,0,
,,,-0.614571,0.0195312476716936,
,,,-0.614539,0,
,,,-0.614507,0,
,,,-0.614475,0.0195312476716936,
,,,-0.614443,0,
,,,-0.614411,0.0195312476716936,
,,,-0.614379,0,
,,,-0.614347,0.0390624953433871,
,,,-0.614315,0,
,,,-0.614283,0.0195312476716936,
,,,-0.614251,0,
,,,-0.614219,0.0195312476716936,
,,,-0.614187,0.0195312476716936,
,,,-0.614155,-0.0214843724388629,
,,,-0.614123,0.0195312476716936,
,,,-0.614091,0.0195312476716936,
,,,-0.614059,0.0195312476716936,
,,,-0.614027,0.0195312476716936,
,,,-0.613995,0.0195312476716936,
,,,-0.613963,0.0390624953433871,
,,,-0.613931,0.0195312476716936,
,,,-0.613899,0.0195312476716936,
,,,-0.613867,0,
,,,-0.613835,0,
,,,-0.613803,0,
,,,-0.613771,-0.0214843724388629,
,,,-0.613739,0.0390624953433871,
,,,-0.613707,0,
,,,-0.613675,0.0195312476716936,
,,,-0.613643,0,
,,,-0.613611,0,
,,,-0.613579,-0.0214843724388629,
,,,-0.613547,0.0195312476716936,
,,,-0.613515,0,
,,,-0.613483,0.0195312476716936,
,,,-0.613451,0.0195312476716936,
,,,-0.613419,0.0390624953433871,
,,,-0.613387,0.0195312476716936,
,,,-0.613355,0.0195312476716936,
,,,-0.613323,0,
,,,-0.613291,0.0195312476716936,
,,,-0.613259,0.0195312476716936,
,,,-0.613227,0,
,,,-0.613195,-0.0214843724388629,
,,,-0.613163,0.0195312476716936,
,,,-0.613131,0.0195312476716936,
,,,-0.613099,0.0195312476716936,
,,,-0.613067,0.0195312476716936,
,,,-0.613035,0,
,,,-0.613003,0.0195312476716936,
,,,-0.612971,0.0195312476716936,
,,,-0.612939,0.0195312476716936,
,,,-0.612907,0,
,,,-0.612875,0.0195312476716936,
,,,-0.612843,-0.0214843724388629,
,,,-0.612811,0,
,,,-0.612779,0.0195312476716936,
,,,-0.612747,0.0195312476716936,
,,,-0.612715,0,
,,,-0.612683,0.0195312476716936,
,,,-0.612651,0,
,,,-0.612619,0.0195312476716936,
,,,-0.612587,0,
,,,-0.612555,0.0195312476716936,
,,,-0.612523,0,
,,,-0.612491,0.0195312476716936,
,,,-0.612459,0.0390624953433871,
,,,-0.612427,0.0195312476716936,
,,,-0.612395,-0.0214843724388629,
,,,-0.612363,0.0195312476716936,
,,,-0.612331,0,
,,,-0.612299,0,
,,,-0.612267,0,
,,,-0.612235,0,
,,,-0.612203,0,
,,,-0.612171,0,
,,,-0.612139,0,
,,,-0.612107,0,
,,,-0.612075,0.0195312476716936,
,,,-0.612043,0.0195312476716936,
,,,-0.612011,-0.0214843724388629,
,,,-0.611979,0.0195312476716936,
,,,-0.611947,0.0195312476716936,
,,,-0.611915,-0.0214843724388629,
,,,-0.611883,0,
,,,-0.611851,0.0195312476716936,
,,,-0.611819,0.0195312476716936,
,,,-0.611787,0.0195312476716936,
,,,-0.611755,0.0195312476716936,
,,,-0.611723,0.0195312476716936,
,,,-0.611691,0,
,,,-0.611659,0,
,,,-0.611627,0.0195312476716936,
,,,-0.611595,-0.0214843724388629,
,,,-0.611563,0,
,,,-0.611531,0,
,,,-0.611499,0,
,,,-0.611467,0,
,,,-0.611435,0,
,,,-0.611403,0,
,,,-0.611371,0,
,,,-0.611339,0,
,,,-0.611307,-0.0214843724388629,
,,,-0.611275,-0.0214843724388629,
,,,-0.611243,0,
,,,-0.611211,0,
,,,-0.611179,0.0195312476716936,
,,,-0.611147,0,
,,,-0.611115,0.0195312476716936,
,,,-0.611083,0,
,,,-0.611051,0,
,,,-0.611019,0.0195312476716936,
,,,-0.610987,0.0195312476716936,
,,,-0.610955,0,
,,,-0.610923,0,
,,,-0.610891,0,
,,,-0.610859,0,
,,,-0.610827,-0.0214843724388629,
,,,-0.610795,0,
,,,-0.610763,0,
,,,-0.610731,-0.0214843724388629,
,,,-0.610699,0,
,,,-0.610667,0,
,,,-0.610635,0,
,,,-0.610603,0,
,,,-0.610571,0.0195312476716936,
,,,-0.610539,0,
,,,-0.610507,-0.0214843724388629,
,,,-0.610475,0.0195312476716936,
,,,-0.610443,0.0195312476716936,
,,,-0.610411,0,
,,,-0.610379,0,
,,,-0.610347,0,
,,,-0.610315,0.0195312476716936,
,,,-0.610283,0,
,,,-0.610251,0,
,,,-0.610219,0,
,,,-0.610187,0,
,,,-0.610155,0,
,,,-0.610123,0,
,,,-0.610091,0.0195312476716936,
,,,-0.610059,0,
,,,-0.610027,-0.0214843724388629,
,,,-0.609995,0,
,,,-0.609963,0,
,,,-0.609931,0,
,,,-0.609899,0.0195312476716936,
,,,-0.609867,0,
,,,-0.609835,0,
,,,-0.609803,0,
,,,-0.609771,0,
,,,-0.609739,0.0195312476716936,
,,,-0.609707,0,
,,,-0.609675,0.0195312476716936,
,,,-0.609643,0,
,,,-0.609611,0,
,,,-0.609579,0,
,,,-0.609547,0,
,,,-0.609515,0,
,,,-0.609483,0,
,,,-0.609451,-0.0214843724388629,
,,,-0.609419,0.0195312476716936,
,,,-0.609387,-0.0214843724388629,
,,,-0.609355,0.0195312476716936,
,,,-0.609323,0,
,,,-0.609291,0,
,,,-0.609259,0,
,,,-0.609227,0.0195312476716936,
,,,-0.609195,0,
,,,-0.609163,0,
,,,-0.609131,0,
,,,-0.609099,0,
,,,-0.609067,0,
,,,-0.609035,0,
,,,-0.609003,0.0195312476716936,
,,,-0.608971,0.0195312476716936,
,,,-0.608939,0,
,,,-0.608907,0.0195312476716936,
,,,-0.608875,0,
,,,-0.608843,0.0195312476716936,
,,,-0.608811,0.0195312476716936,
,,,-0.608779,0,
,,,-0.608747,0.0195312476716936,
,,,-0.608715,0.0195312476716936,
,,,-0.608683,0.0195312476716936,
,,,-0.608651,0,
,,,-0.608619,0,
,,,-0.608587,0,
,,,-0.608555,0.0195312476716936,
,,,-0.608523,0.0195312476716936,
,,,-0.608491,0.0195312476716936,
,,,-0.608459,0,
,,,-0.608427,0.0195312476716936,
,,,-0.608395,0.0195312476716936,
,,,-0.608363,0.0195312476716936,
,,,-0.608331,0.0195312476716936,
,,,-0.608299,0,
,,,-0.608267,0,
,,,-0.608235,0.0195312476716936,
,,,-0.608203,0,
,,,-0.608171,0,
,,,-0.608139,0.0195312476716936,
,,,-0.608107,0,
,,,-0.608075,0.0195312476716936,
,,,-0.608043,0,
,,,-0.608011,0.0390624953433871,
,,,-0.607979,0,
,,,-0.607947,0,
,,,-0.607915,0,
,,,-0.607883,0.0195312476716936,
,,,-0.607851,0.0195312476716936,
,,,-0.607819,0,
,,,-0.607787,0.0195312476716936,
,,,-0.607755,0,
,,,-0.607723,0,
,,,-0.607691,-0.0214843724388629,
,,,-0.607659,0,
,,,-0.607627,0.0195312476716936,
,,,-0.607595,-0.0214843724388629,
,,,-0.607563,0.0195312476716936,
,,,-0.607531,0.0195312476716936,
,,,-0.607499,0,
,,,-0.607467,0,
,,,-0.607435,0.0195312476716936,
,,,-0.607403,-0.06054686778225,
,,,-0.607371,0.0195312476716936,
,,,-0.607339,0.0195312476716936,
,,,-0.607307,0.0390624953433871,
,,,-0.607275,0.0195312476716936,
,,,-0.607243,0,
,,,-0.607211,0.0195312476716936,
,,,-0.607179,0.0195312476716936,
,,,-0.607147,-0.0214843724388629,
,,,-0.607115,0.0195312476716936,
,,,-0.607083,0,
,,,-0.607051,0,
,,,-0.607019,0.0195312476716936,
,,,-0.606987,0,
,,,-0.606955,0,
,,,-0.606923,0,
,,,-0.606891,-0.0214843724388629,
,,,-0.606859,0.0195312476716936,
,,,-0.606827,0.0195312476716936,
,,,-0.606795,0,
,,,-0.606763,0.0195312476716936,
,,,-0.606731,0.0195312476716936,
,,,-0.606699,0,
,,,-0.606667,0.0195312476716936,
,,,-0.606635,0,
,,,-0.606603,0,
,,,-0.606571,0,
,,,-0.606539,0.0195312476716936,
,,,-0.606507,0.0195312476716936,
,,,-0.606475,0,
,,,-0.606443,0,
,,,-0.606411,0.0195312476716936,
,,,-0.606379,0.0195312476716936,
,,,-0.606347,0.0195312476716936,
,,,-0.606315,0.0195312476716936,
,,,-0.606283,0.0195312476716936,
,,,-0.606251,0.0195312476716936,
,,,-0.606219,0.0195312476716936,
,,,-0.606187,0.0195312476716936,
,,,-0.606155,0,
,,,-0.606123,0,
,,,-0.606091,0,
,,,-0.606059,0.0195312476716936,
,,,-0.606027,0,
,,,-0.605995,0.0195312476716936,
,,,-0.605963,0,
,,,-0.605931,0.0195312476716936,
,,,-0.605899,0,
,,,-0.605867,0.0195312476716936,
,,,-0.605835,0.0195312476716936,
,,,-0.605803,0,
,,,-0.605771,0,
,,,-0.605739,0,
,,,-0.605707,0.0195312476716936,
,,,-0.605675,0,
,,,-0.605643,0,
,,,-0.605611,0,
,,,-0.605579,0,
,,,-0.605547,0.0195312476716936,
,,,-0.605515,0.0195312476716936,
,,,-0.605483,-0.0214843724388629,
,,,-0.605451,0,
,,,-0.605419,0.0195312476716936,
,,,-0.605387,0,
,,,-0.605355,0,
,,,-0.605323,0,
,,,-0.605291,0,
,,,-0.605259,0,
,,,-0.605227,0,
,,,-0.605195,0,
,,,-0.605163,0,
,,,-0.605131,0.0390624953433871,
,,,-0.605099,0,
,,,-0.605067,0.0195312476716936,
,,,-0.605035,0,
,,,-0.605003,0,
,,,-0.604971,0.0195312476716936,
,,,-0.604939,-0.0214843724388629,
,,,-0.604907,0,
,,,-0.604875,0,
,,,-0.604843,0,
,,,-0.604811,0,
,,,-0.604779,0,
,,,-0.604747,0,
,,,-0.604715,-0.0214843724388629,
,,,-0.604683,0.0195312476716936,
,,,-0.604651,-0.0214843724388629,
,,,-0.604619,0.0195312476716936,
,,,-0.604587,0,
,,,-0.604555,0,
,,,-0.604523,0,
,,,-0.604491,0,
,,,-0.604459,0,
,,,-0.604427,0.0195312476716936,
,,,-0.604395,0,
,,,-0.604363,0,
,,,-0.604331,0,
,,,-0.604299,0,
,,,-0.604267,0.0195312476716936,
,,,-0.604235,0,
,,,-0.604203,0,
,,,-0.604171,0.0195312476716936,
,,,-0.604139,0.0195312476716936,
,,,-0.604107,0.0195312476716936,
,,,-0.604075,0.0195312476716936,
,,,-0.604043,0,
,,,-0.604011,-0.0214843724388629,
,,,-0.603979,0,
,,,-0.603947,-0.0214843724388629,
,,,-0.603915,0.0195312476716936,
,,,-0.603883,0,
,,,-0.603851,0.0195312476716936,
,,,-0.603819,-0.0214843724388629,
,,,-0.603787,0.0195312476716936,
,,,-0.603755,0.0195312476716936,
,,,-0.603723,0,
,,,-0.603691,0,
,,,-0.603659,-0.0214843724388629,
,,,-0.603627,-0.0214843724388629,
,,,-0.603595,0.0390624953433871,
,,,-0.603563,0.0195312476716936,
,,,-0.603531,0,
,,,-0.603499,0,
,,,-0.603467,0.0195312476716936,
,,,-0.603435,0,
,,,-0.603403,0,
,,,-0.603371,0,
,,,-0.603339,0,
,,,-0.603307,0,
,,,-0.603275,0.0195312476716936,
,,,-0.603243,-0.0214843724388629,
,,,-0.603211,0.0195312476716936,
,,,-0.603179,0.0195312476716936,
,,,-0.603147,0.0195312476716936,
,,,-0.603115,0.0195312476716936,
,,,-0.603083,-0.0214843724388629,
,,,-0.603051,0.0195312476716936,
,,,-0.603019,0.0195312476716936,
,,,-0.602987,0.0195312476716936,
,,,-0.602955,0.0390624953433871,
,,,-0.602923,0,
,,,-0.602891,0,
,,,-0.602859,-0.0214843724388629,
,,,-0.602827,0.0195312476716936,
,,,-0.602795,0.0195312476716936,
,,,-0.602763,0.0195312476716936,
,,,-0.602731,0,
,,,-0.602699,0.0195312476716936,
,,,-0.602667,0,
,,,-0.602635,0,
,,,-0.602603,-0.0214843724388629,
,,,-0.602571,0.0195312476716936,
,,,-0.602539,0,
,,,-0.602507,0.0195312476716936,
,,,-0.602475,0,
,,,-0.602443,0,
,,,-0.602411,0.0195312476716936,
,,,-0.602379,0.0195312476716936,
,,,-0.602347,0.0195312476716936,
,,,-0.602315,0.0195312476716936,
,,,-0.602283,0,
,,,-0.602251,0.0195312476716936,
,,,-0.602219,0,
,,,-0.602187,0.0195312476716936,
,,,-0.602155,0.0195312476716936,
,,,-0.602123,0,
,,,-0.602091,0.0195312476716936,
,,,-0.602059,0,
,,,-0.602027,0.0195312476716936,
,,,-0.601995,0,
,,,-0.601963,0,
,,,-0.601931,0,
,,,-0.601899,0.0195312476716936,
,,,-0.601867,0.0195312476716936,
,,,-0.601835,0,
,,,-0.601803,0.0195312476716936,
,,,-0.601771,0.0195312476716936,
,,,-0.601739,0,
,,,-0.601707,0.0195312476716936,
,,,-0.601675,0,
,,,-0.601643,0.0195312476716936,
,,,-0.601611,0.0195312476716936,
,,,-0.601579,0,
,,,-0.601547,-0.0214843724388629,
,,,-0.601515,0.0195312476716936,
,,,-0.601483,0,
,,,-0.601451,0,
,,,-0.601419,0,
,,,-0.601387,0,
,,,-0.601355,0,
,,,-0.601323,0,
,,,-0.601291,0.0195312476716936,
,,,-0.601259,0.0195312476716936,
,,,-0.601227,0,
,,,-0.601195,0.0390624953433871,
,,,-0.601163,0,
,,,-0.601131,0,
,,,-0.601099,0.0195312476716936,
,,,-0.601067,0.0195312476716936,
,,,-0.601035,0,
,,,-0.601003,0,
,,,-0.600971,0,
,,,-0.600939,0,
,,,-0.600907,0.0195312476716936,
,,,-0.600875,0.0195312476716936,
,,,-0.600843,0,
,,,-0.600811,0.0195312476716936,
,,,-0.600779,0,
,,,-0.600747,0,
,,,-0.600715,0.0195312476716936,
,,,-0.600683,0,
,,,-0.600651,0.0390624953433871,
,,,-0.600619,0.0195312476716936,
,,,-0.600587,0,
,,,-0.600555,0,
,,,-0.600523,0.0195312476716936,
,,,-0.600491,0.0195312476716936,
,,,-0.600459,0.0195312476716936,
,,,-0.600427,0,
,,,-0.600395,0.0195312476716936,
,,,-0.600363,0.0195312476716936,
,,,-0.600331,0,
,,,-0.600299,0,
,,,-0.600267,0,
,,,-0.600235,0.0195312476716936,
,,,-0.600203,0,
,,,-0.600171,0,
,,,-0.600139,0.0195312476716936,
,,,-0.600107,0.0195312476716936,
,,,-0.600075,0,
,,,-0.600043,0.0195312476716936,
,,,-0.600011,0.0195312476716936,
,,,-0.599979,0.0195312476716936,
,,,-0.599947,0.0195312476716936,
,,,-0.599915,0,
,,,-0.599883,-0.0214843724388629,
,,,-0.599851,0.0195312476716936,
,,,-0.599819,0.0195312476716936,
,,,-0.599787,0,
,,,-0.599755,0.0195312476716936,
,,,-0.599723,0,
,,,-0.599691,-0.0410156201105565,
,,,-0.599659,0,
,,,-0.599627,0.0195312476716936,
,,,-0.599595,0.0195312476716936,
,,,-0.599563,0,
,,,-0.599531,0.0195312476716936,
,,,-0.599499,0.0195312476716936,
,,,-0.599467,0,
,,,-0.599435,0,
,,,-0.599403,0.0390624953433871,
,,,-0.599371,0.0195312476716936,
,,,-0.599339,0,
,,,-0.599307,0.0195312476716936,
,,,-0.599275,0,
,,,-0.599243,0,
,,,-0.599211,-0.0214843724388629,
,,,-0.599179,0.0195312476716936,
,,,-0.599147,0,
,,,-0.599115,0,
,,,-0.599083,0.0195312476716936,
,,,-0.599051,-0.0214843724388629,
,,,-0.599019,0,
,,,-0.598987,0.0195312476716936,
,,,-0.598955,0.0195312476716936,
,,,-0.598923,-0.0214843724388629,
,,,-0.598891,0,
,,,-0.598859,0,
,,,-0.598827,0,
,,,-0.598795,0,
,,,-0.598763,0,
,,,-0.598731,-0.0800781154539436,
,,,-0.598699,0.0195312476716936,
,,,-0.598667,0.0195312476716936,
,,,-0.598635,0,
,,,-0.598603,0.0195312476716936,
,,,-0.598571,0,
,,,-0.598539,0.0195312476716936,
,,,-0.598507,-0.0214843724388629,
,,,-0.598475,0.0195312476716936,
,,,-0.598443,-0.0214843724388629,
,,,-0.598411,0.0195312476716936,
,,,-0.598379,0.0195312476716936,
,,,-0.598347,0.0195312476716936,
,,,-0.598315,0,
,,,-0.598283,0,
,,,-0.598251,0.0585937430150807,
,,,-0.598219,0.0195312476716936,
,,,-0.598187,0,
,,,-0.598155,0,
,,,-0.598123,-0.0214843724388629,
,,,-0.598091,0.0195312476716936,
,,,-0.598059,0.0195312476716936,
,,,-0.598027,-0.0214843724388629,
,,,-0.597995,0,
,,,-0.597963,-0.0214843724388629,
,,,-0.597931,0,
,,,-0.597899,0.0195312476716936,
,,,-0.597867,0,
,,,-0.597835,0,
,,,-0.597803,0.0195312476716936,
,,,-0.597771,0.0195312476716936,
,,,-0.597739,0,
,,,-0.597707,0.0195312476716936,
,,,-0.597675,0.0195312476716936,
,,,-0.597643,-0.0214843724388629,
,,,-0.597611,0.0195312476716936,
,,,-0.597579,0,
,,,-0.597547,0.0195312476716936,
,,,-0.597515,-0.0214843724388629,
,,,-0.597483,0.0195312476716936,
,,,-0.597451,0,
,,,-0.597419,0.0195312476716936,
,,,-0.597387,0,
,,,-0.597355,0.0195312476716936,
,,,-0.597323,0,
,,,-0.597291,0.0195312476716936,
,,,-0.597259,0,
,,,-0.597227,0.0195312476716936,
,,,-0.597195,-0.0214843724388629,
,,,-0.597163,0,
,,,-0.597131,0.0195312476716936,
,,,-0.597099,0,
,,,-0.597067,0.0195312476716936,
,,,-0.597035,0,
,,,-0.597003,0.0195312476716936,
,,,-0.596971,-0.0214843724388629,
,,,-0.596939,0.0195312476716936,
,,,-0.596907,0,
,,,-0.596875,-0.0214843724388629,
,,,-0.596843,0.0195312476716936,
,,,-0.596811,0.0195312476716936,
,,,-0.596779,0.0195312476716936,
,,,-0.596747,0.0195312476716936,
,,,-0.596715,0,
,,,-0.596683,0.0195312476716936,
,,,-0.596651,0,
,,,-0.596619,0,
,,,-0.596587,0.0195312476716936,
,,,-0.596555,-0.0214843724388629,
,,,-0.596523,0.0195312476716936,
,,,-0.596491,0.0195312476716936,
,,,-0.596459,0.0195312476716936,
,,,-0.596427,0.0195312476716936,
,,,-0.596395,0,
,,,-0.596363,0.0195312476716936,
,,,-0.596331,0.0195312476716936,
,,,-0.596299,0,
,,,-0.596267,0.0195312476716936,
,,,-0.596235,0,
,,,-0.596203,0,
,,,-0.596171,0.0195312476716936,
,,,-0.596139,0,
,,,-0.596107,0.0195312476716936,
,,,-0.596075,0.0195312476716936,
,,,-0.596043,0,
,,,-0.596011,0.0195312476716936,
,,,-0.595979,0.0195312476716936,
,,,-0.595947,0,
,,,-0.595915,0,
,,,-0.595883,0,
,,,-0.595851,0.0195312476716936,
,,,-0.595819,0.0195312476716936,
,,,-0.595787,0.0195312476716936,
,,,-0.595755,0.0195312476716936,
,,,-0.595723,-0.0214843724388629,
,,,-0.595691,0.0195312476716936,
,,,-0.595659,0,
,,,-0.595627,-0.0214843724388629,
,,,-0.595595,0.0195312476716936,
,,,-0.595563,0.0195312476716936,
,,,-0.595531,0.0195312476716936,
,,,-0.595499,0,
,,,-0.595467,0.0195312476716936,
,,,-0.595435,0,
,,,-0.595403,0.0195312476716936,
,,,-0.595371,0,
,,,-0.595339,-0.0214843724388629,
,,,-0.595307,0,
,,,-0.595275,0,
,,,-0.595243,0,
,,,-0.595211,0,
,,,-0.595179,0.0390624953433871,
,,,-0.595147,0.0195312476716936,
,,,-0.595115,0.0195312476716936,
,,,-0.595083,0,
,,,-0.595051,0.0195312476716936,
,,,-0.595019,0.0390624953433871,
,,,-0.594987,0.0195312476716936,
,,,-0.594955,0.0195312476716936,
,,,-0.594923,0,
,,,-0.594891,-0.0214843724388629,
,,,-0.594859,0,
,,,-0.594827,-0.0214843724388629,
,,,-0.594795,0.0195312476716936,
,,,-0.594763,0,
,,,-0.594731,0,
,,,-0.594699,0,
,,,-0.594667,0,
,,,-0.594635,0,
,,,-0.594603,0,
,,,-0.594571,0,
,,,-0.594539,0,
,,,-0.594507,0.0195312476716936,
,,,-0.594475,-0.0214843724388629,
,,,-0.594443,0.0195312476716936,
,,,-0.594411,0,
,,,-0.594379,0,
,,,-0.594347,-0.0410156201105565,
,,,-0.594315,-0.0214843724388629,
,,,-0.594283,0,
,,,-0.594251,0,
,,,-0.594219,0.0195312476716936,
,,,-0.594187,0,
,,,-0.594155,0,
,,,-0.594123,0,
,,,-0.594091,0,
,,,-0.594059,0,
,,,-0.594027,0,
,,,-0.593995,0,
,,,-0.593963,-0.0214843724388629,
,,,-0.593931,0,
,,,-0.593899,0,
,,,-0.593867,0,
,,,-0.593835,0,
,,,-0.593803,0.0195312476716936,
,,,-0.593771,0,
,,,-0.593739,-0.0214843724388629,
,,,-0.593707,0,
,,,-0.593675,0.0195312476716936,
,,,-0.593643,0,
,,,-0.593611,0,
,,,-0.593579,0,
,,,-0.593547,0,
,,,-0.593515,0,
,,,-0.593483,0,
,,,-0.593451,0,
,,,-0.593419,0,
,,,-0.593387,0.0195312476716936,
,,,-0.593355,0.0195312476716936,
,,,-0.593323,0.0195312476716936,
,,,-0.593291,-0.0214843724388629,
,,,-0.593259,0,
,,,-0.593227,0,
,,,-0.593195,0,
,,,-0.593163,-0.0214843724388629,
,,,-0.593131,0,
,,,-0.593099,0.0195312476716936,
,,,-0.593067,0,
,,,-0.593035,0,
,,,-0.593003,0,
,,,-0.592971,0,
,,,-0.592939,0.0195312476716936,
,,,-0.592907,0,
,,,-0.592875,0,
,,,-0.592843,0,
,,,-0.592811,0,
,,,-0.592779,0,
,,,-0.592747,0.0195312476716936,
,,,-0.592715,0,
,,,-0.592683,0.0195312476716936,
,,,-0.592651,0,
,,,-0.592619,0,
,,,-0.592587,0,
,,,-0.592555,0,
,,,-0.592523,0,
,,,-0.592491,0.0195312476716936,
,,,-0.592459,-0.0214843724388629,
,,,-0.592427,0,
,,,-0.592395,-0.0214843724388629,
,,,-0.592363,0,
,,,-0.592331,0,
,,,-0.592299,0,
,,,-0.592267,0,
,,,-0.592235,0.0195312476716936,
,,,-0.592203,0.0195312476716936,
,,,-0.592171,0.0195312476716936,
,,,-0.592139,0,
,,,-0.592107,0,
,,,-0.592075,0,
,,,-0.592043,-0.0214843724388629,
,,,-0.592011,0,
,,,-0.591979,0.0195312476716936,
,,,-0.591947,0,
,,,-0.591915,0.0195312476716936,
,,,-0.591883,0.0195312476716936,
,,,-0.591851,0,
,,,-0.591819,0,
,,,-0.591787,0.0195312476716936,
,,,-0.591755,0.0195312476716936,
,,,-0.591723,0,
,,,-0.591691,0,
,,,-0.591659,0,
,,,-0.591627,0,
,,,-0.591595,-0.0214843724388629,
,,,-0.591563,0.0195312476716936,
,,,-0.591531,0,
,,,-0.591499,0,
,,,-0.591467,0.0195312476716936,
,,,-0.591435,0,
,,,-0.591403,0,
,,,-0.591371,-0.0214843724388629,
,,,-0.591339,0,
,,,-0.591307,0.0195312476716936,
,,,-0.591275,0.0585937430150807,
,,,-0.591243,-0.0214843724388629,
,,,-0.591211,0.0195312476716936,
,,,-0.591179,0,
,,,-0.591147,0,
,,,-0.591115,0,
,,,-0.591083,-0.0214843724388629,
,,,-0.591051,0.0195312476716936,
,,,-0.591019,0.0195312476716936,
,,,-0.590987,0.0195312476716936,
,,,-0.590955,0,
,,,-0.590923,0.0195312476716936,
,,,-0.590891,0.0195312476716936,
,,,-0.590859,0.0195312476716936,
,,,-0.590827,0,
,,,-0.590795,0.0195312476716936,
,,,-0.590763,0,
,,,-0.590731,0.0195312476716936,
,,,-0.590699,0.0195312476716936,
,,,-0.590667,0,
,,,-0.590635,-0.0214843724388629,
,,,-0.590603,0,
,,,-0.590571,0.0195312476716936,
,,,-0.590539,0,
,,,-0.590507,0,
,,,-0.590475,0,
,,,-0.590443,0,
,,,-0.590411,0,
,,,-0.590379,0.0195312476716936,
,,,-0.590347,0.0195312476716936,
,,,-0.590315,0,
,,,-0.590283,0.0195312476716936,
,,,-0.590251,0.0195312476716936,
,,,-0.590219,0.0195312476716936,
,,,-0.590187,0,
,,,-0.590155,0.0195312476716936,
,,,-0.590123,0.0195312476716936,
,,,-0.590091,0.0195312476716936,
,,,-0.590059,-0.0214843724388629,
,,,-0.590027,0.0195312476716936,
,,,-0.589995,0.0195312476716936,
,,,-0.589963,0.0195312476716936,
,,,-0.589931,0,
,,,-0.589899,0,
,,,-0.589867,0,
,,,-0.589835,0,
,,,-0.589803,0,
,,,-0.589771,0.0195312476716936,
,,,-0.589739,0.0195312476716936,
,,,-0.589707,0,
,,,-0.589675,0.0195312476716936,
,,,-0.589643,0,
,,,-0.589611,0,
,,,-0.589579,0.0195312476716936,
,,,-0.589547,0,
,,,-0.589515,0,
,,,-0.589483,0,
,,,-0.589451,0.0195312476716936,
,,,-0.589419,0,
,,,-0.589387,0,
,,,-0.589355,0.0195312476716936,
,,,-0.589323,0,
,,,-0.589291,0,
,,,-0.589259,0,
,,,-0.589227,-0.0214843724388629,
,,,-0.589195,0,
,,,-0.589163,0,
,,,-0.589131,0,
,,,-0.589099,0,
,,,-0.589067,0.0195312476716936,
,,,-0.589035,0,
,,,-0.589003,0.0390624953433871,
,,,-0.588971,0.0195312476716936,
,,,-0.588939,0,
,,,-0.588907,0.0195312476716936,
,,,-0.588875,0.0195312476716936,
,,,-0.588843,0,
,,,-0.588811,0.0195312476716936,
,,,-0.588779,0.0585937430150807,
,,,-0.588747,0,
,,,-0.588715,0,
,,,-0.588683,0,
,,,-0.588651,0,
,,,-0.588619,-0.0214843724388629,
,,,-0.588587,0.0195312476716936,
,,,-0.588555,0,
,,,-0.588523,0.0195312476716936,
,,,-0.588491,0,
,,,-0.588459,0,
,,,-0.588427,0,
,,,-0.588395,0,
,,,-0.588363,0,
,,,-0.588331,0,
,,,-0.588299,0,
,,,-0.588267,0,
,,,-0.588235,0,
,,,-0.588203,0,
,,,-0.588171,0,
,,,-0.588139,0.0195312476716936,
,,,-0.588107,0,
,,,-0.588075,0,
,,,-0.588043,0,
,,,-0.588011,-0.0214843724388629,
,,,-0.587979,0,
,,,-0.587947,0.0195312476716936,
,,,-0.587915,0,
,,,-0.587883,0,
,,,-0.587851,0.0195312476716936,
,,,-0.587819,0,
,,,-0.587787,0.0195312476716936,
,,,-0.587755,0,
,,,-0.587723,-0.0214843724388629,
,,,-0.587691,0,
,,,-0.587659,0,
,,,-0.587627,0,
,,,-0.587595,0.0195312476716936,
,,,-0.587563,0.0195312476716936,
,,,-0.587531,0,
,,,-0.587499,0,
,,,-0.587467,0.0195312476716936,
,,,-0.587435,0,
,,,-0.587403,0.0195312476716936,
,,,-0.587371,0,
,,,-0.587339,0,
,,,-0.587307,0,
,,,-0.587275,0.0195312476716936,
,,,-0.587243,0.0195312476716936,
,,,-0.587211,0.0195312476716936,
,,,-0.587179,0,
,,,-0.587147,-0.0214843724388629,
,,,-0.587115,0,
,,,-0.587083,0,
,,,-0.587051,0,
,,,-0.587019,0.0195312476716936,
,,,-0.586987,0,
,,,-0.586955,0.0195312476716936,
,,,-0.586923,0,
,,,-0.586891,0.0195312476716936,
,,,-0.586859,0,
,,,-0.586827,0.0195312476716936,
,,,-0.586795,0.0390624953433871,
,,,-0.586763,0,
,,,-0.586731,0,
,,,-0.586699,0.0195312476716936,
,,,-0.586667,0.0195312476716936,
,,,-0.586635,0.0195312476716936,
,,,-0.586603,0.0195312476716936,
,,,-0.586571,0.0195312476716936,
,,,-0.586539,0.0195312476716936,
,,,-0.586507,-0.0214843724388629,
,,,-0.586475,0.0195312476716936,
,,,-0.586443,-0.0214843724388629,
,,,-0.586411,0.0195312476716936,
,,,-0.586379,0.0195312476716936,
,,,-0.586347,0.0195312476716936,
,,,-0.586315,0,
,,,-0.586283,-0.0214843724388629,
,,,-0.586251,0,
,,,-0.586219,0.0195312476716936,
,,,-0.586187,0.0195312476716936,
,,,-0.586155,0.0195312476716936,
,,,-0.586123,0,
,,,-0.586091,0,
,,,-0.586059,0,
,,,-0.586027,0,
,,,-0.585995,0,
,,,-0.585963,0.0195312476716936,
,,,-0.585931,0.0195312476716936,
,,,-0.585899,0.0195312476716936,
,,,-0.585867,0.0195312476716936,
,,,-0.585835,-0.0214843724388629,
,,,-0.585803,0.0195312476716936,
,,,-0.585771,0,
,,,-0.585739,0,
,,,-0.585707,0.0195312476716936,
,,,-0.585675,0,
,,,-0.585643,0,
,,,-0.585611,0.0195312476716936,
,,,-0.585579,0.0195312476716936,
,,,-0.585547,-0.0214843724388629,
,,,-0.585515,0.0195312476716936,
,,,-0.585483,0.0195312476716936,
,,,-0.585451,0.0195312476716936,
,,,-0.585419,0,
,,,-0.585387,0.0195312476716936,
,,,-0.585355,0.0195312476716936,
,,,-0.585323,0,
,,,-0.585291,0.0195312476716936,
,,,-0.585259,0.0195312476716936,
,,,-0.585227,0.0195312476716936,
,,,-0.585195,-0.0214843724388629,
,,,-0.585163,0,
,,,-0.585131,0,
,,,-0.585099,0,
,,,-0.585067,0,
,,,-0.585035,0,
,,,-0.585003,0,
,,,-0.584971,0.0195312476716936,
,,,-0.584939,0.0195312476716936,
,,,-0.584907,0,
,,,-0.584875,-0.0214843724388629,
,,,-0.584843,-0.0214843724388629,
,,,-0.584811,-0.0214843724388629,
,,,-0.584779,0.0195312476716936,
,,,-0.584747,0,
,,,-0.584715,0,
,,,-0.584683,0,
,,,-0.584651,0,
,,,-0.584619,0.0195312476716936,
,,,-0.584587,0,
,,,-0.584555,0.0195312476716936,
,,,-0.584523,0.0195312476716936,
,,,-0.584491,0,
,,,-0.584459,0.0195312476716936,
,,,-0.584427,0.0195312476716936,
,,,-0.584395,0,
,,,-0.584363,-0.0214843724388629,
,,,-0.584331,0,
,,,-0.584299,0.0195312476716936,
,,,-0.584267,0.0195312476716936,
,,,-0.584235,0,
,,,-0.584203,0.0195312476716936,
,,,-0.584171,0.0195312476716936,
,,,-0.584139,0.0195312476716936,
,,,-0.584107,0.0195312476716936,
,,,-0.584075,0.0195312476716936,
,,,-0.584043,0.0195312476716936,
,,,-0.584011,0,
,,,-0.583979,0.0195312476716936,
,,,-0.583947,0.0195312476716936,
,,,-0.583915,0,
,,,-0.583883,0.0195312476716936,
,,,-0.583851,0.0195312476716936,
,,,-0.583819,0,
,,,-0.583787,0.0195312476716936,
,,,-0.583755,0.0195312476716936,
,,,-0.583723,0.0195312476716936,
,,,-0.583691,0,
,,,-0.583659,0,
,,,-0.583627,0,
,,,-0.583595,-0.0214843724388629,
,,,-0.583563,0.0195312476716936,
,,,-0.583531,0.0195312476716936,
,,,-0.583499,0.0195312476716936,
,,,-0.583467,0.0195312476716936,
,,,-0.583435,0.0195312476716936,
,,,-0.583403,-0.0214843724388629,
,,,-0.583371,0.0390624953433871,
,,,-0.583339,0.0195312476716936,
,,,-0.583307,0.0195312476716936,
,,,-0.583275,0.0195312476716936,
,,,-0.583243,0.0195312476716936,
,,,-0.583211,0,
,,,-0.583179,0.0195312476716936,
,,,-0.583147,0,
,,,-0.583115,0.0195312476716936,
,,,-0.583083,0.0195312476716936,
,,,-0.583051,0,
,,,-0.583019,0.0195312476716936,
,,,-0.582987,0.0195312476716936,
,,,-0.582955,0.0195312476716936,
,,,-0.582923,0.0195312476716936,
,,,-0.582891,0.0195312476716936,
,,,-0.582859,0,
,,,-0.582827,-0.0214843724388629,
,,,-0.582795,-0.0214843724388629,
,,,-0.582763,0.0195312476716936,
,,,-0.582731,0.0195312476716936,
,,,-0.582699,0.0390624953433871,
,,,-0.582667,0.0195312476716936,
,,,-0.582635,0.0195312476716936,
,,,-0.582603,0.0195312476716936,
,,,-0.582571,0.0195312476716936,
,,,-0.582539,0.0195312476716936,
,,,-0.582507,0.0195312476716936,
,,,-0.582475,0.0195312476716936,
,,,-0.582443,0,
,,,-0.582411,-0.0214843724388629,
,,,-0.582379,0,
,,,-0.582347,0.0195312476716936,
,,,-0.582315,0.0195312476716936,
,,,-0.582283,0.0195312476716936,
,,,-0.582251,0.0195312476716936,
,,,-0.582219,0.0195312476716936,
,,,-0.582187,0.0195312476716936,
,,,-0.582155,0.0195312476716936,
,,,-0.582123,0.0195312476716936,
,,,-0.582091,0,
,,,-0.582059,0.0195312476716936,
,,,-0.582027,0.0195312476716936,
,,,-0.581995,0,
,,,-0.581963,0.0195312476716936,
,,,-0.581931,0.0195312476716936,
,,,-0.581899,0.0195312476716936,
,,,-0.581867,0,
,,,-0.581835,-0.101562487892807,
,,,-0.581803,0.0195312476716936,
,,,-0.581771,0,
,,,-0.581739,0.0195312476716936,
,,,-0.581707,0,
,,,-0.581675,0.0195312476716936,
,,,-0.581643,0.0195312476716936,
,,,-0.581611,0.0195312476716936,
,,,-0.581579,0.0195312476716936,
,,,-0.581547,0.0195312476716936,
,,,-0.581515,-0.0214843724388629,
,,,-0.581483,0,
,,,-0.581451,0.0195312476716936,
,,,-0.581419,0.0195312476716936,
,,,-0.581387,0.0195312476716936,
,,,-0.581355,0.0195312476716936,
,,,-0.581323,0.0195312476716936,
,,,-0.581291,0,
,,,-0.581259,0.0195312476716936,
,,,-0.581227,0,
,,,-0.581195,0,
,,,-0.581163,0.0195312476716936,
,,,-0.581131,0.0195312476716936,
,,,-0.581099,0.0195312476716936,
,,,-0.581067,0.0195312476716936,
,,,-0.581035,0.0195312476716936,
,,,-0.581003,0,
,,,-0.580971,0,
,,,-0.580939,0,
,,,-0.580907,0.0195312476716936,
,,,-0.580875,0.0195312476716936,
,,,-0.580843,0,
,,,-0.580811,0.0195312476716936,
,,,-0.580779,0.0195312476716936,
,,,-0.580747,0.0195312476716936,
,,,-0.580715,0.0195312476716936,
,,,-0.580683,0.0585937430150807,
,,,-0.580651,0,
,,,-0.580619,0.0195312476716936,
,,,-0.580587,-0.0214843724388629,
,,,-0.580555,0.0195312476716936,
,,,-0.580523,0.0195312476716936,
,,,-0.580491,0,
,,,-0.580459,0,
,,,-0.580427,0.0195312476716936,
,,,-0.580395,0,
,,,-0.580363,0,
,,,-0.580331,0,
,,,-0.580299,0,
,,,-0.580267,0.0195312476716936,
,,,-0.580235,0.0195312476716936,
,,,-0.580203,0,
,,,-0.580171,0.0195312476716936,
,,,-0.580139,0.0195312476716936,
,,,-0.580107,0.0195312476716936,
,,,-0.580075,0.0390624953433871,
,,,-0.580043,0.0585937430150807,
,,,-0.580011,-0.0410156201105565,
,,,-0.579979,0.0195312476716936,
,,,-0.579947,0.0195312476716936,
,,,-0.579915,-0.0410156201105565,
,,,-0.579883,0,
,,,-0.579851,0,
,,,-0.579819,0,
,,,-0.579787,-0.0410156201105565,
,,,-0.579755,-0.0214843724388629,
,,,-0.579723,0.0195312476716936,
,,,-0.579691,0,
,,,-0.579659,-0.0214843724388629,
,,,-0.579627,0.0195312476716936,
,,,-0.579595,0.0195312476716936,
,,,-0.579563,0.0390624953433871,
,,,-0.579531,0,
,,,-0.579499,0,
,,,-0.579467,0,
,,,-0.579435,0,
,,,-0.579403,0.0195312476716936,
,,,-0.579371,-0.0214843724388629,
,,,-0.579339,0.0390624953433871,
,,,-0.579307,0.0195312476716936,
,,,-0.579275,0.0195312476716936,
,,,-0.579243,0,
,,,-0.579211,0.0195312476716936,
,,,-0.579179,0.0195312476716936,
,,,-0.579147,0.0195312476716936,
,,,-0.579115,0.0195312476716936,
,,,-0.579083,0,
,,,-0.579051,0.0390624953433871,
,,,-0.579019,0,
,,,-0.578987,0.0195312476716936,
,,,-0.578955,0,
,,,-0.578923,0,
,,,-0.578891,-0.0214843724388629,
,,,-0.578859,0,
,,,-0.578827,0.0195312476716936,
,,,-0.578795,0.0195312476716936,
,,,-0.578763,-0.0214843724388629,
,,,-0.578731,0.0195312476716936,
,,,-0.578699,0,
,,,-0.578667,-0.0214843724388629,
,,,-0.578635,-0.0214843724388629,
,,,-0.578603,0,
,,,-0.578571,0.0195312476716936,
,,,-0.578539,0,
,,,-0.578507,0.0195312476716936,
,,,-0.578475,0.0195312476716936,
,,,-0.578443,0,
,,,-0.578411,0,
,,,-0.578379,0,
,,,-0.578347,-0.0214843724388629,
,,,-0.578315,0,
,,,-0.578283,0.0195312476716936,
,,,-0.578251,0.0195312476716936,
,,,-0.578219,0,
,,,-0.578187,0,
,,,-0.578155,0,
,,,-0.578123,0,
,,,-0.578091,0,
,,,-0.578059,0,
,,,-0.578027,0,
,,,-0.577995,0,
,,,-0.577963,-0.0214843724388629,
,,,-0.577931,0.0195312476716936,
,,,-0.577899,0.0195312476716936,
,,,-0.577867,-0.0214843724388629,
,,,-0.577835,0.0195312476716936,
,,,-0.577803,0,
,,,-0.577771,-0.0214843724388629,
,,,-0.577739,0,
,,,-0.577707,0.0195312476716936,
,,,-0.577675,0,
,,,-0.577643,0,
,,,-0.577611,0,
,,,-0.577579,0,
,,,-0.577547,0,
,,,-0.577515,0,
,,,-0.577483,-0.0214843724388629,
,,,-0.577451,0,
,,,-0.577419,0.0195312476716936,
,,,-0.577387,-0.0214843724388629,
,,,-0.577355,0.0390624953433871,
,,,-0.577323,0,
,,,-0.577291,0,
,,,-0.577259,0,
,,,-0.577227,0,
,,,-0.577195,0,
,,,-0.577163,-0.0214843724388629,
,,,-0.577131,0,
,,,-0.577099,0,
,,,-0.577067,0.0195312476716936,
,,,-0.577035,0,
,,,-0.577003,-0.0214843724388629,
,,,-0.576971,0,
,,,-0.576939,0,
,,,-0.576907,0,
,,,-0.576875,0,
,,,-0.576843,0,
,,,-0.576811,0,
,,,-0.576779,0,
,,,-0.576747,0.0195312476716936,
,,,-0.576715,0,
,,,-0.576683,0,
,,,-0.576651,0,
,,,-0.576619,0,
,,,-0.576587,0.0195312476716936,
,,,-0.576555,0,
,,,-0.576523,0,
,,,-0.576491,0,
,,,-0.576459,0,
,,,-0.576427,0,
,,,-0.576395,0.0195312476716936,
,,,-0.576363,0.0195312476716936,
,,,-0.576331,0,
,,,-0.576299,0,
,,,-0.576267,0.0195312476716936,
,,,-0.576235,0,
,,,-0.576203,0,
,,,-0.576171,0.0195312476716936,
,,,-0.576139,0,
,,,-0.576107,0,
,,,-0.576075,0,
,,,-0.576043,0.0195312476716936,
,,,-0.576011,0.0195312476716936,
,,,-0.575979,0,
,,,-0.575947,0,
,,,-0.575915,0,
,,,-0.575883,0,
,,,-0.575851,0,
,,,-0.575819,0.0195312476716936,
,,,-0.575787,0,
,,,-0.575755,0,
,,,-0.575723,0.0195312476716936,
,,,-0.575691,0,
,,,-0.575659,0,
,,,-0.575627,0,
,,,-0.575595,0,
,,,-0.575563,0.0195312476716936,
,,,-0.575531,0,
,,,-0.575499,0,
,,,-0.575467,0,
,,,-0.575435,0.0195312476716936,
,,,-0.575403,0.0195312476716936,
,,,-0.575371,0,
,,,-0.575339,0.0195312476716936,
,,,-0.575307,0.0195312476716936,
,,,-0.575275,0.0195312476716936,
,,,-0.575243,0,
,,,-0.575211,0,
,,,-0.575179,0.0195312476716936,
,,,-0.575147,0,
,,,-0.575115,0,
,,,-0.575083,0,
,,,-0.575051,0.0195312476716936,
,,,-0.575019,0,
,,,-0.574987,-0.0214843724388629,
,,,-0.574955,0,
,,,-0.574923,0,
,,,-0.574891,0.0195312476716936,
,,,-0.574859,0,
,,,-0.574827,0.0195312476716936,
,,,-0.574795,0,
,,,-0.574763,-0.0214843724388629,
,,,-0.574731,0.0195312476716936,
,,,-0.574699,0.0195312476716936,
,,,-0.574667,0.0195312476716936,
,,,-0.574635,0.0195312476716936,
,,,-0.574603,0,
,,,-0.574571,0,
,,,-0.574539,0.0195312476716936,
,,,-0.574507,0.0195312476716936,
,,,-0.574475,0.0195312476716936,
,,,-0.574443,0.0195312476716936,
,,,-0.574411,0.0195312476716936,
,,,-0.574379,0.0195312476716936,
,,,-0.574347,0.0195312476716936,
,,,-0.574315,0,
,,,-0.574283,0.0195312476716936,
,,,-0.574251,0,
,,,-0.574219,0.0195312476716936,
,,,-0.574187,0,
,,,-0.574155,0.0195312476716936,
,,,-0.574123,0,
,,,-0.574091,0.0195312476716936,
,,,-0.574059,0,
,,,-0.574027,0.0195312476716936,
,,,-0.573995,0,
,,,-0.573963,0,
,,,-0.573931,0,
,,,-0.573899,0.0195312476716936,
,,,-0.573867,0,
,,,-0.573835,0,
,,,-0.573803,0.0195312476716936,
,,,-0.573771,0,
,,,-0.573739,0,
,,,-0.573707,0.0195312476716936,
,,,-0.573675,0.0195312476716936,
,,,-0.573643,0,
,,,-0.573611,0.0195312476716936,
,,,-0.573579,0.0195312476716936,
,,,-0.573547,0,
,,,-0.573515,0,
,,,-0.573483,0,
,,,-0.573451,0,
,,,-0.573419,-0.0410156201105565,
,,,-0.573387,0.0195312476716936,
,,,-0.573355,0,
,,,-0.573323,0.0195312476716936,
,,,-0.573291,0.0390624953433871,
,,,-0.573259,0.0195312476716936,
,,,-0.573227,0,
,,,-0.573195,0.0195312476716936,
,,,-0.573163,0.0195312476716936,
,,,-0.573131,-0.0214843724388629,
,,,-0.573099,0,
,,,-0.573067,0,
,,,-0.573035,0.0195312476716936,
,,,-0.573003,0.0195312476716936,
,,,-0.572971,0.0195312476716936,
,,,-0.572939,0.0195312476716936,
,,,-0.572907,0.0195312476716936,
,,,-0.572875,0,
,,,-0.572843,0,
,,,-0.572811,0.0195312476716936,
,,,-0.572779,0.0195312476716936,
,,,-0.572747,0,
,,,-0.572715,0.0195312476716936,
,,,-0.572683,0.0195312476716936,
,,,-0.572651,0,
,,,-0.572619,0,
,,,-0.572587,0.0195312476716936,
,,,-0.572555,0,
,,,-0.572523,0.0195312476716936,
,,,-0.572491,0,
,,,-0.572459,-0.0214843724388629,
,,,-0.572427,0,
,,,-0.572395,0.0195312476716936,
,,,-0.572363,0,
,,,-0.572331,-0.0214843724388629,
,,,-0.572299,0.0195312476716936,
,,,-0.572267,0,
,,,-0.572235,0,
,,,-0.572203,0.0195312476716936,
,,,-0.572171,0.0195312476716936,
,,,-0.572139,0.0195312476716936,
,,,-0.572107,0,
,,,-0.572075,0,
,,,-0.572043,0,
,,,-0.572011,0.0195312476716936,
,,,-0.571979,0,
,,,-0.571947,-0.0214843724388629,
,,,-0.571915,0,
,,,-0.571883,0,
,,,-0.571851,0,
,,,-0.571819,0,
,,,-0.571787,0.0195312476716936,
,,,-0.571755,0.0195312476716936,
,,,-0.571723,0,
,,,-0.571691,0,
,,,-0.571659,0,
,,,-0.571627,0,
,,,-0.571595,0,
,,,-0.571563,0,
,,,-0.571531,0.0195312476716936,
,,,-0.571499,0,
,,,-0.571467,0,
,,,-0.571435,0,
,,,-0.571403,0.0390624953433871,
,,,-0.571371,0,
,,,-0.571339,0,
,,,-0.571307,0.0195312476716936,
,,,-0.571275,0,
,,,-0.571243,0,
,,,-0.571211,0,
,,,-0.571179,0,
,,,-0.571147,0,
,,,-0.571115,0,
,,,-0.571083,0.0195312476716936,
,,,-0.571051,0,
,,,-0.571019,0,
,,,-0.570987,0,
,,,-0.570955,0,
,,,-0.570923,0,
,,,-0.570891,0,
,,,-0.570859,-0.0214843724388629,
,,,-0.570827,0,
,,,-0.570795,0.0195312476716936,
,,,-0.570763,0,
,,,-0.570731,0.0195312476716936,
,,,-0.570699,0,
,,,-0.570667,0,
,,,-0.570635,-0.0214843724388629,
,,,-0.570603,0,
,,,-0.570571,0,
,,,-0.570539,0,
,,,-0.570507,0.0195312476716936,
,,,-0.570475,0.0195312476716936,
,,,-0.570443,0.0195312476716936,
,,,-0.570411,0.0195312476716936,
,,,-0.570379,0,
,,,-0.570347,0,
,,,-0.570315,0.0195312476716936,
,,,-0.570283,0,
,,,-0.570251,0,
,,,-0.570219,0.0195312476716936,
,,,-0.570187,0,
,,,-0.570155,-0.0214843724388629,
,,,-0.570123,0,
,,,-0.570091,-0.0214843724388629,
,,,-0.570059,0,
,,,-0.570027,0.0195312476716936,
,,,-0.569995,0.0195312476716936,
,,,-0.569963,0.0195312476716936,
,,,-0.569931,0,
,,,-0.569899,0,
,,,-0.569867,0.0195312476716936,
,,,-0.569835,0,
,,,-0.569803,0.0195312476716936,
,,,-0.569771,0.0195312476716936,
,,,-0.569739,0.0195312476716936,
,,,-0.569707,0.0195312476716936,
,,,-0.569675,0,
,,,-0.569643,-0.0214843724388629,
,,,-0.569611,0.0195312476716936,
,,,-0.569579,0,
,,,-0.569547,0.0195312476716936,
,,,-0.569515,0.0195312476716936,
,,,-0.569483,0,
,,,-0.569451,0,
,,,-0.569419,0.0195312476716936,
,,,-0.569387,0.0195312476716936,
,,,-0.569355,0.0195312476716936,
,,,-0.569323,0,
,,,-0.569291,0,
,,,-0.569259,0,
,,,-0.569227,0.0195312476716936,
,,,-0.569195,0,
,,,-0.569163,0,
,,,-0.569131,0.0195312476716936,
,,,-0.569099,0.0195312476716936,
,,,-0.569067,0.0195312476716936,
,,,-0.569035,0,
,,,-0.569003,0.0195312476716936,
,,,-0.568971,0.0195312476716936,
,,,-0.568939,0.0195312476716936,
,,,-0.568907,0.0195312476716936,
,,,-0.568875,0,
,,,-0.568843,0.0195312476716936,
,,,-0.568811,0,
,,,-0.568779,0.0195312476716936,
,,,-0.568747,0.0195312476716936,
,,,-0.568715,0,
,,,-0.568683,0,
,,,-0.568651,0.0195312476716936,
,,,-0.568619,0.0195312476716936,
,,,-0.568587,0,
,,,-0.568555,0.0195312476716936,
,,,-0.568523,0.0195312476716936,
,,,-0.568491,0,
,,,-0.568459,0,
,,,-0.568427,0.0195312476716936,
,,,-0.568395,0.0195312476716936,
,,,-0.568363,0,
,,,-0.568331,0.0195312476716936,
,,,-0.568299,0,
,,,-0.568267,0,
,,,-0.568235,0,
,,,-0.568203,0,
,,,-0.568171,0,
,,,-0.568139,0.0195312476716936,
,,,-0.568107,0.0195312476716936,
,,,-0.568075,0.0195312476716936,
,,,-0.568043,0,
,,,-0.568011,0.0390624953433871,
,,,-0.567979,0,
,,,-0.567947,0,
,,,-0.567915,0.0195312476716936,
,,,-0.567883,0,
,,,-0.567851,0,
,,,-0.567819,0.0195312476716936,
,,,-0.567787,0.0195312476716936,
,,,-0.567755,0.0195312476716936,
,,,-0.567723,0.0195312476716936,
,,,-0.567691,0,
,,,-0.567659,0.0195312476716936,
,,,-0.567627,0.0195312476716936,
,,,-0.567595,0.0195312476716936,
,,,-0.567563,0.0195312476716936,
,,,-0.567531,0,
,,,-0.567499,0.0195312476716936,
,,,-0.567467,0.0195312476716936,
,,,-0.567435,0.0195312476716936,
,,,-0.567403,0,
,,,-0.567371,0.0195312476716936,
,,,-0.567339,0.0195312476716936,
,,,-0.567307,0,
,,,-0.567275,0.0195312476716936,
,,,-0.567243,0,
,,,-0.567211,0,
,,,-0.567179,0.0195312476716936,
,,,-0.567147,0.0195312476716936,
,,,-0.567115,0.0195312476716936,
,,,-0.567083,0,
,,,-0.567051,0,
,,,-0.567019,0.0195312476716936,
,,,-0.566987,0,
,,,-0.566955,0,
,,,-0.566923,0,
,,,-0.566891,0.0195312476716936,
,,,-0.566859,0.0195312476716936,
,,,-0.566827,0,
,,,-0.566795,0,
,,,-0.566763,0.0195312476716936,
,,,-0.566731,-0.0214843724388629,
,,,-0.566699,0.0195312476716936,
,,,-0.566667,0.0195312476716936,
,,,-0.566635,0.0195312476716936,
,,,-0.566603,0,
,,,-0.566571,0,
,,,-0.566539,0.0195312476716936,
,,,-0.566507,0,
,,,-0.566475,0,
,,,-0.566443,0,
,,,-0.566411,0.0195312476716936,
,,,-0.566379,0,
,,,-0.566347,0.0195312476716936,
,,,-0.566315,0.0195312476716936,
,,,-0.566283,0.0195312476716936,
,,,-0.566251,0.0195312476716936,
,,,-0.566219,0,
,,,-0.566187,0.0195312476716936,
,,,-0.566155,0.0195312476716936,
,,,-0.566123,0.0195312476716936,
,,,-0.566091,0,
,,,-0.566059,0,
,,,-0.566027,0,
,,,-0.565995,0.0195312476716936,
,,,-0.565963,0,
,,,-0.565931,0,
,,,-0.565899,0.0195312476716936,
,,,-0.565867,0,
,,,-0.565835,0,
,,,-0.565803,0.0195312476716936,
,,,-0.565771,0,
,,,-0.565739,0,
,,,-0.565707,0.0390624953433871,
,,,-0.565675,0.0195312476716936,
,,,-0.565643,-0.0410156201105565,
,,,-0.565611,0,
,,,-0.565579,0.0195312476716936,
,,,-0.565547,0,
,,,-0.565515,0,
,,,-0.565483,0.0195312476716936,
,,,-0.565451,0,
,,,-0.565419,0.0195312476716936,
,,,-0.565387,0.0195312476716936,
,,,-0.565355,0.0195312476716936,
,,,-0.565323,0,
,,,-0.565291,0.0195312476716936,
,,,-0.565259,0,
,,,-0.565227,0.0195312476716936,
,,,-0.565195,0.0390624953433871,
,,,-0.565163,0.0195312476716936,
,,,-0.565131,0.0195312476716936,
,,,-0.565099,0.0195312476716936,
,,,-0.565067,0.0585937430150807,
,,,-0.565035,0,
,,,-0.565003,0.0390624953433871,
,,,-0.564971,0,
,,,-0.564939,0,
,,,-0.564907,0.0195312476716936,
,,,-0.564875,0.0195312476716936,
,,,-0.564843,0.0195312476716936,
,,,-0.564811,0.0195312476716936,
,,,-0.564779,0.0195312476716936,
,,,-0.564747,0.0195312476716936,
,,,-0.564715,0.0195312476716936,
,,,-0.564683,0,
,,,-0.564651,0.0195312476716936,
,,,-0.564619,0,
,,,-0.564587,0.0195312476716936,
,,,-0.564555,0,
,,,-0.564523,0.0585937430150807,
,,,-0.564491,0.0195312476716936,
,,,-0.564459,0.0195312476716936,
,,,-0.564427,0.0195312476716936,
,,,-0.564395,0.0195312476716936,
,,,-0.564363,0,
,,,-0.564331,0,
,,,-0.564299,0.0195312476716936,
,,,-0.564267,0.0195312476716936,
,,,-0.564235,0,
,,,-0.564203,0.0195312476716936,
,,,-0.564171,-0.0214843724388629,
,,,-0.564139,0.0195312476716936,
,,,-0.564107,0.0195312476716936,
,,,-0.564075,0.0195312476716936,
,,,-0.564043,-0.06054686778225,
,,,-0.564011,0.0195312476716936,
,,,-0.563979,0.0195312476716936,
,,,-0.563947,0.0195312476716936,
,,,-0.563915,0.0195312476716936,
,,,-0.563883,0.0195312476716936,
,,,-0.563851,0,
,,,-0.563819,0.0195312476716936,
,,,-0.563787,0.0195312476716936,
,,,-0.563755,0,
,,,-0.563723,0,
,,,-0.563691,0.0195312476716936,
,,,-0.563659,0.0195312476716936,
,,,-0.563627,-0.0214843724388629,
,,,-0.563595,0.0195312476716936,
,,,-0.563563,0.0195312476716936,
,,,-0.563531,0.0195312476716936,
,,,-0.563499,0.0390624953433871,
,,,-0.563467,0.0585937430150807,
,,,-0.563435,0.0195312476716936,
,,,-0.563403,0.0195312476716936,
,,,-0.563371,0,
,,,-0.563339,0.0195312476716936,
,,,-0.563307,-0.0214843724388629,
,,,-0.563275,0,
,,,-0.563243,0,
,,,-0.563211,0.0585937430150807,
,,,-0.563179,0,
,,,-0.563147,0.0195312476716936,
,,,-0.563115,0.0195312476716936,
,,,-0.563083,0.0195312476716936,
,,,-0.563051,0.0195312476716936,
,,,-0.563019,0.0195312476716936,
,,,-0.562987,0,
,,,-0.562955,0,
,,,-0.562923,-0.0214843724388629,
,,,-0.562891,0.0195312476716936,
,,,-0.562859,0.0195312476716936,
,,,-0.562827,0,
,,,-0.562795,-0.0214843724388629,
,,,-0.562763,0,
,,,-0.562731,0.0195312476716936,
,,,-0.562699,0,
,,,-0.562667,0.0195312476716936,
,,,-0.562635,0.0195312476716936,
,,,-0.562603,0.0195312476716936,
,,,-0.562571,0.0195312476716936,
,,,-0.562539,0.0195312476716936,
,,,-0.562507,-0.0214843724388629,
,,,-0.562475,0.0195312476716936,
,,,-0.562443,0.0195312476716936,
,,,-0.562411,0.0195312476716936,
,,,-0.562379,0,
,,,-0.562347,-0.0214843724388629,
,,,-0.562315,-0.0214843724388629,
,,,-0.562283,0,
,,,-0.562251,0,
,,,-0.562219,0.0195312476716936,
,,,-0.562187,0,
,,,-0.562155,-0.0214843724388629,
,,,-0.562123,0,
,,,-0.562091,0,
,,,-0.562059,0,
,,,-0.562027,-0.0214843724388629,
,,,-0.561995,0,
,,,-0.561963,0.0195312476716936,
,,,-0.561931,0,
,,,-0.561899,-0.0214843724388629,
,,,-0.561867,0,
,,,-0.561835,0.0195312476716936,
,,,-0.561803,0.0195312476716936,
,,,-0.561771,0,
,,,-0.561739,0,
,,,-0.561707,-0.0214843724388629,
,,,-0.561675,0.0195312476716936,
,,,-0.561643,-0.0214843724388629,
,,,-0.561611,0.0195312476716936,
,,,-0.561579,0,
,,,-0.561547,-0.0214843724388629,
,,,-0.561515,0,
,,,-0.561483,0,
,,,-0.561451,0.0195312476716936,
,,,-0.561419,0.0195312476716936,
,,,-0.561387,0,
,,,-0.561355,0,
,,,-0.561323,0.0195312476716936,
,,,-0.561291,0,
,,,-0.561259,-0.0214843724388629,
,,,-0.561227,0,
,,,-0.561195,0,
,,,-0.561163,0.0195312476716936,
,,,-0.561131,0,
,,,-0.561099,0,
,,,-0.561067,0,
,,,-0.561035,0,
,,,-0.561003,0,
,,,-0.560971,0.0195312476716936,
,,,-0.560939,0,
,,,-0.560907,0,
,,,-0.560875,0.0195312476716936,
,,,-0.560843,0,
,,,-0.560811,0,
,,,-0.560779,0,
,,,-0.560747,0,
,,,-0.560715,0,
,,,-0.560683,0,
,,,-0.560651,0.0195312476716936,
,,,-0.560619,0,
,,,-0.560587,0,
,,,-0.560555,0,
,,,-0.560523,-0.0214843724388629,
,,,-0.560491,0,
,,,-0.560459,0,
,,,-0.560427,0,
,,,-0.560395,0,
,,,-0.560363,0,
,,,-0.560331,0,
,,,-0.560299,0.0195312476716936,
,,,-0.560267,0.0195312476716936,
,,,-0.560235,0,
,,,-0.560203,0,
,,,-0.560171,0,
,,,-0.560139,0,
,,,-0.560107,0,
,,,-0.560075,-0.0214843724388629,
,,,-0.560043,0,
,,,-0.560011,0,
,,,-0.559979,0,
,,,-0.559947,0.0195312476716936,
,,,-0.559915,0,
,,,-0.559883,0,
,,,-0.559851,0,
,,,-0.559819,0,
,,,-0.559787,0,
,,,-0.559755,0,
,,,-0.559723,0,
,,,-0.559691,0.0195312476716936,
,,,-0.559659,0,
,,,-0.559627,0,
,,,-0.559595,0,
,,,-0.559563,0,
,,,-0.559531,0,
,,,-0.559499,0.0195312476716936,
,,,-0.559467,0,
,,,-0.559435,0,
,,,-0.559403,0.0195312476716936,
,,,-0.559371,0,
,,,-0.559339,0,
,,,-0.559307,0,
,,,-0.559275,0,
,,,-0.559243,-0.0214843724388629,
,,,-0.559211,0,
,,,-0.559179,0,
,,,-0.559147,0,
,,,-0.559115,0.0195312476716936,
,,,-0.559083,0.0195312476716936,
,,,-0.559051,0,
,,,-0.559019,0.0195312476716936,
,,,-0.558987,0,
,,,-0.558955,0.0195312476716936,
,,,-0.558923,0.0195312476716936,
,,,-0.558891,0.0195312476716936,
,,,-0.558859,0.0195312476716936,
,,,-0.558827,0,
,,,-0.558795,0,
,,,-0.558763,-0.0214843724388629,
,,,-0.558731,0.0195312476716936,
,,,-0.558699,0.0195312476716936,
,,,-0.558667,0.0195312476716936,
,,,-0.558635,0.0195312476716936,
,,,-0.558603,0,
,,,-0.558571,0,
,,,-0.558539,0.0195312476716936,
,,,-0.558507,0.0195312476716936,
,,,-0.558475,0,
,,,-0.558443,0.0195312476716936,
,,,-0.558411,0.0195312476716936,
,,,-0.558379,0,
,,,-0.558347,0,
,,,-0.558315,0.0195312476716936,
,,,-0.558283,0.0195312476716936,
,,,-0.558251,0,
,,,-0.558219,0,
,,,-0.558187,0,
,,,-0.558155,0,
,,,-0.558123,0.0195312476716936,
,,,-0.558091,0.0195312476716936,
,,,-0.558059,0.0195312476716936,
,,,-0.558027,0.0195312476716936,
,,,-0.557995,0.0195312476716936,
,,,-0.557963,0.0195312476716936,
,,,-0.557931,-0.0214843724388629,
,,,-0.557899,0.0195312476716936,
,,,-0.557867,0,
,,,-0.557835,0.0195312476716936,
,,,-0.557803,0,
,,,-0.557771,0.0195312476716936,
,,,-0.557739,-0.0214843724388629,
,,,-0.557707,0,
,,,-0.557675,0,
,,,-0.557643,0.0195312476716936,
,,,-0.557611,0,
,,,-0.557579,0.0195312476716936,
,,,-0.557547,0,
,,,-0.557515,0,
,,,-0.557483,0,
,,,-0.557451,0.0195312476716936,
,,,-0.557419,0,
,,,-0.557387,0,
,,,-0.557355,0.0195312476716936,
,,,-0.557323,0.0195312476716936,
,,,-0.557291,0,
,,,-0.557259,0.0195312476716936,
,,,-0.557227,0,
,,,-0.557195,0.0195312476716936,
,,,-0.557163,0.0195312476716936,
,,,-0.557131,0.0195312476716936,
,,,-0.557099,0,
,,,-0.557067,0,
,,,-0.557035,0,
,,,-0.557003,0.0195312476716936,
,,,-0.556971,0,
,,,-0.556939,0.0195312476716936,
,,,-0.556907,0.0195312476716936,
,,,-0.556875,0.0195312476716936,
,,,-0.556843,0,
,,,-0.556811,0,
,,,-0.556779,0.0195312476716936,
,,,-0.556747,0.0195312476716936,
,,,-0.556715,0.0195312476716936,
,,,-0.556683,0.0195312476716936,
,,,-0.556651,0.0390624953433871,
,,,-0.556619,0.0195312476716936,
,,,-0.556587,0.0195312476716936,
,,,-0.556555,0.0195312476716936,
,,,-0.556523,0.0195312476716936,
,,,-0.556491,0,
,,,-0.556459,0.0195312476716936,
,,,-0.556427,0.0195312476716936,
,,,-0.556395,0.0195312476716936,
,,,-0.556363,0.0195312476716936,
,,,-0.556331,0.0195312476716936,
,,,-0.556299,0,
,,,-0.556267,0.0390624953433871,
,,,-0.556235,0.0195312476716936,
,,,-0.556203,0,
,,,-0.556171,0.0195312476716936,
,,,-0.556139,0.0195312476716936,
,,,-0.556107,0,
,,,-0.556075,0,
,,,-0.556043,0.0195312476716936,
,,,-0.556011,0.0195312476716936,
,,,-0.555979,0.0195312476716936,
,,,-0.555947,0,
,,,-0.555915,0,
,,,-0.555883,0,
,,,-0.555851,0,
,,,-0.555819,0,
,,,-0.555787,-0.0214843724388629,
,,,-0.555755,0.0195312476716936,
,,,-0.555723,0,
,,,-0.555691,-0.0214843724388629,
,,,-0.555659,0.0195312476716936,
,,,-0.555627,0.0390624953433871,
,,,-0.555595,0.0585937430150807,
,,,-0.555563,0,
,,,-0.555531,0,
,,,-0.555499,0.0195312476716936,
,,,-0.555467,0.0195312476716936,
,,,-0.555435,0.0195312476716936,
,,,-0.555403,0,
,,,-0.555371,0.0195312476716936,
,,,-0.555339,-0.0214843724388629,
,,,-0.555307,0.0195312476716936,
,,,-0.555275,0,
,,,-0.555243,0,
,,,-0.555211,0.0195312476716936,
,,,-0.555179,-0.0214843724388629,
,,,-0.555147,0.0195312476716936,
,,,-0.555115,0,
,,,-0.555083,0,
,,,-0.555051,0,
,,,-0.555019,0,
,,,-0.554987,0,
,,,-0.554955,0.0195312476716936,
,,,-0.554923,0.0195312476716936,
,,,-0.554891,0,
,,,-0.554859,0,
,,,-0.554827,0.0195312476716936,
,,,-0.554795,0.0195312476716936,
,,,-0.554763,0.0195312476716936,
,,,-0.554731,-0.0214843724388629,
,,,-0.554699,0,
,,,-0.554667,0,
,,,-0.554635,0.0195312476716936,
,,,-0.554603,-0.0214843724388629,
,,,-0.554571,-0.0214843724388629,
,,,-0.554539,0,
,,,-0.554507,0.0195312476716936,
,,,-0.554475,0.0195312476716936,
,,,-0.554443,0,
,,,-0.554411,0,
,,,-0.554379,0.0195312476716936,
,,,-0.554347,0,
,,,-0.554315,0,
,,,-0.554283,0,
,,,-0.554251,0,
,,,-0.554219,-0.0214843724388629,
,,,-0.554187,0.0195312476716936,
,,,-0.554155,0.0195312476716936,
,,,-0.554123,0,
,,,-0.554091,-0.0214843724388629,
,,,-0.554059,0,
,,,-0.554027,-0.0214843724388629,
,,,-0.553995,0,
,,,-0.553963,0,
,,,-0.553931,0,
,,,-0.553899,0.0195312476716936,
,,,-0.553867,0.0195312476716936,
,,,-0.553835,0,
,,,-0.553803,-0.0410156201105565,
,,,-0.553771,0,
,,,-0.553739,0,
,,,-0.553707,0.0195312476716936,
,,,-0.553675,0.0195312476716936,
,,,-0.553643,0.0195312476716936,
,,,-0.553611,0.0195312476716936,
,,,-0.553579,0,
,,,-0.553547,0,
,,,-0.553515,0.0195312476716936,
,,,-0.553483,0,
,,,-0.553451,0.0195312476716936,
,,,-0.553419,0,
,,,-0.553387,0.0195312476716936,
,,,-0.553355,0.0195312476716936,
,,,-0.553323,0.0195312476716936,
,,,-0.553291,0.0195312476716936,
,,,-0.553259,0.0195312476716936,
,,,-0.553227,0.0195312476716936,
,,,-0.553195,0,
,,,-0.553163,0,
,,,-0.553131,0.0195312476716936,
,,,-0.553099,0.0195312476716936,
,,,-0.553067,0.0195312476716936,
,,,-0.553035,0.0195312476716936,
,,,-0.553003,0.0195312476716936,
,,,-0.552971,0.0195312476716936,
,,,-0.552939,-0.0214843724388629,
,,,-0.552907,0.0195312476716936,
,,,-0.552875,0,
,,,-0.552843,0.0195312476716936,
,,,-0.552811,0.0195312476716936,
,,,-0.552779,0.0195312476716936,
,,,-0.552747,0.0195312476716936,
,,,-0.552715,0.0195312476716936,
,,,-0.552683,0.0195312476716936,
,,,-0.552651,0,
,,,-0.552619,0.0195312476716936,
,,,-0.552587,0.0195312476716936,
,,,-0.552555,0,
,,,-0.552523,0,
,,,-0.552491,0.0195312476716936,
,,,-0.552459,0.0195312476716936,
,,,-0.552427,0,
,,,-0.552395,0.0195312476716936,
,,,-0.552363,0.0390624953433871,
,,,-0.552331,0.0195312476716936,
,,,-0.552299,0.0195312476716936,
,,,-0.552267,0,
,,,-0.552235,0.0195312476716936,
,,,-0.552203,0,
,,,-0.552171,0,
,,,-0.552139,0,
,,,-0.552107,0,
,,,-0.552075,0,
,,,-0.552043,0,
,,,-0.552011,0.0195312476716936,
,,,-0.551979,0.0195312476716936,
,,,-0.551947,0.0195312476716936,
,,,-0.551915,0,
,,,-0.551883,0,
,,,-0.551851,0.0195312476716936,
,,,-0.551819,0,
,,,-0.551787,0,
,,,-0.551755,0.0195312476716936,
,,,-0.551723,0.0195312476716936,
,,,-0.551691,0.0195312476716936,
,,,-0.551659,0.0195312476716936,
,,,-0.551627,0.0195312476716936,
,,,-0.551595,0.0195312476716936,
,,,-0.551563,0.0195312476716936,
,,,-0.551531,0,
,,,-0.551499,0,
,,,-0.551467,0.0195312476716936,
,,,-0.551435,0,
,,,-0.551403,0,
,,,-0.551371,0,
,,,-0.551339,0.0195312476716936,
,,,-0.551307,0.0195312476716936,
,,,-0.551275,-0.0214843724388629,
,,,-0.551243,0.0195312476716936,
,,,-0.551211,0,
,,,-0.551179,0,
,,,-0.551147,0,
,,,-0.551115,0,
,,,-0.551083,0.0195312476716936,
,,,-0.551051,0,
,,,-0.551019,0.0195312476716936,
,,,-0.550987,0,
,,,-0.550955,0.0195312476716936,
,,,-0.550923,0.0195312476716936,
,,,-0.550891,0.0195312476716936,
,,,-0.550859,0.0195312476716936,
,,,-0.550827,0.0195312476716936,
,,,-0.550795,0,
,,,-0.550763,0,
,,,-0.550731,0,
,,,-0.550699,0.0195312476716936,
,,,-0.550667,0.0195312476716936,
,,,-0.550635,0,
,,,-0.550603,0.0195312476716936,
,,,-0.550571,0.0195312476716936,
,,,-0.550539,0,
,,,-0.550507,0.0195312476716936,
,,,-0.550475,0.0195312476716936,
,,,-0.550443,0.0195312476716936,
,,,-0.550411,0.0195312476716936,
,,,-0.550379,0,
,,,-0.550347,0,
,,,-0.550315,0,
,,,-0.550283,0.0195312476716936,
,,,-0.550251,0.0195312476716936,
,,,-0.550219,0.0195312476716936,
,,,-0.550187,0,
,,,-0.550155,0,
,,,-0.550123,0.0195312476716936,
,,,-0.550091,0.0195312476716936,
,,,-0.550059,0,
,,,-0.550027,0,
,,,-0.549995,0,
,,,-0.549963,0.0195312476716936,
,,,-0.549931,0.0195312476716936,
,,,-0.549899,0.0195312476716936,
,,,-0.549867,0.0195312476716936,
,,,-0.549835,0,
,,,-0.549803,0.0195312476716936,
,,,-0.549771,0.0195312476716936,
,,,-0.549739,0.0195312476716936,
,,,-0.549707,0.0195312476716936,
,,,-0.549675,-0.0214843724388629,
,,,-0.549643,0,
,,,-0.549611,0.0195312476716936,
,,,-0.549579,0,
,,,-0.549547,0.0195312476716936,
,,,-0.549515,0.0195312476716936,
,,,-0.549483,0.0195312476716936,
,,,-0.549451,0,
,,,-0.549419,0,
,,,-0.549387,0.0195312476716936,
,,,-0.549355,0.0195312476716936,
,,,-0.549323,0,
,,,-0.549291,0.0195312476716936,
,,,-0.549259,0.0195312476716936,
,,,-0.549227,0,
,,,-0.549195,0.0195312476716936,
,,,-0.549163,-0.0214843724388629,
,,,-0.549131,0.0195312476716936,
,,,-0.549099,0,
,,,-0.549067,0.0195312476716936,
,,,-0.549035,0.0195312476716936,
,,,-0.549003,0,
,,,-0.548971,0,
,,,-0.548939,0,
,,,-0.548907,0,
,,,-0.548875,0.0195312476716936,
,,,-0.548843,0.0195312476716936,
,,,-0.548811,0,
,,,-0.548779,0,
,,,-0.548747,0.0390624953433871,
,,,-0.548715,0.0195312476716936,
,,,-0.548683,0,
,,,-0.548651,0.0195312476716936,
,,,-0.548619,0,
,,,-0.548587,0.0195312476716936,
,,,-0.548555,0.0195312476716936,
,,,-0.548523,0.0195312476716936,
,,,-0.548491,0.0585937430150807,
,,,-0.548459,0,
,,,-0.548427,0,
,,,-0.548395,0.0800781154539436,
,,,-0.548363,0.0195312476716936,
,,,-0.548331,0.0390624953433871,
,,,-0.548299,0.0195312476716936,
,,,-0.548267,0.0390624953433871,
,,,-0.548235,0,
,,,-0.548203,0,
,,,-0.548171,0.0195312476716936,
,,,-0.548139,0.0195312476716936,
,,,-0.548107,0.0195312476716936,
,,,-0.548075,0.0195312476716936,
,,,-0.548043,0.0195312476716936,
,,,-0.548011,0.0195312476716936,
,,,-0.547979,0.0195312476716936,
,,,-0.547947,0.0195312476716936,
,,,-0.547915,0.0195312476716936,
,,,-0.547883,0.0195312476716936,
,,,-0.547851,0.0195312476716936,
,,,-0.547819,0.0390624953433871,
,,,-0.547787,0,
,,,-0.547755,-0.0214843724388629,
,,,-0.547723,0,
,,,-0.547691,0,
,,,-0.547659,0.0195312476716936,
,,,-0.547627,0.0195312476716936,
,,,-0.547595,0,
,,,-0.547563,0.0195312476716936,
,,,-0.547531,0.0195312476716936,
,,,-0.547499,0.0195312476716936,
,,,-0.547467,0.0195312476716936,
,,,-0.547435,0.0390624953433871,
,,,-0.547403,0.0195312476716936,
,,,-0.547371,0.0195312476716936,
,,,-0.547339,0,
,,,-0.547307,0.0195312476716936,
,,,-0.547275,0.0195312476716936,
,,,-0.547243,0.0195312476716936,
,,,-0.547211,0,
,,,-0.547179,0.0195312476716936,
,,,-0.547147,0,
,,,-0.547115,0,
,,,-0.547083,0,
,,,-0.547051,0,
,,,-0.547019,0,
,,,-0.546987,0,
,,,-0.546955,0.0195312476716936,
,,,-0.546923,-0.0214843724388629,
,,,-0.546891,0.0195312476716936,
,,,-0.546859,0,
,,,-0.546827,0,
,,,-0.546795,0,
,,,-0.546763,0,
,,,-0.546731,0.0195312476716936,
,,,-0.546699,0,
,,,-0.546667,0.0195312476716936,
,,,-0.546635,0.0195312476716936,
,,,-0.546603,0,
,,,-0.546571,0,
,,,-0.546539,-0.0214843724388629,
,,,-0.546507,0.0195312476716936,
,,,-0.546475,0,
,,,-0.546443,0,
,,,-0.546411,0.0195312476716936,
,,,-0.546379,0,
,,,-0.546347,0,
,,,-0.546315,0.0195312476716936,
,,,-0.546283,0,
,,,-0.546251,0.0195312476716936,
,,,-0.546219,0.0195312476716936,
,,,-0.546187,0,
,,,-0.546155,0,
,,,-0.546123,0,
,,,-0.546091,0,
,,,-0.546059,0.0195312476716936,
,,,-0.546027,0.0195312476716936,
,,,-0.545995,0.0390624953433871,
,,,-0.545963,0.0195312476716936,
,,,-0.545931,-0.0410156201105565,
,,,-0.545899,0,
,,,-0.545867,0,
,,,-0.545835,0,
,,,-0.545803,0,
,,,-0.545771,0,
,,,-0.545739,0,
,,,-0.545707,0,
,,,-0.545675,0.0195312476716936,
,,,-0.545643,0,
,,,-0.545611,-0.0214843724388629,
,,,-0.545579,0.0195312476716936,
,,,-0.545547,0.0195312476716936,
,,,-0.545515,0,
,,,-0.545483,0.0195312476716936,
,,,-0.545451,0,
,,,-0.545419,-0.0214843724388629,
,,,-0.545387,0.0390624953433871,
,,,-0.545355,0,
,,,-0.545323,0.0390624953433871,
,,,-0.545291,0,
,,,-0.545259,0.0195312476716936,
,,,-0.545227,0.0195312476716936,
,,,-0.545195,0,
,,,-0.545163,0.0195312476716936,
,,,-0.545131,0,
,,,-0.545099,0.0195312476716936,
,,,-0.545067,0.0195312476716936,
,,,-0.545035,0,
,,,-0.545003,0,
,,,-0.544971,0.0195312476716936,
,,,-0.544939,0,
,,,-0.544907,0,
,,,-0.544875,0,
,,,-0.544843,0,
,,,-0.544811,0.0195312476716936,
,,,-0.544779,0,
,,,-0.544747,0,
,,,-0.544715,-0.0214843724388629,
,,,-0.544683,0.0195312476716936,
,,,-0.544651,0,
,,,-0.544619,0.0195312476716936,
,,,-0.544587,0,
,,,-0.544555,0,
,,,-0.544523,0,
,,,-0.544491,0,
,,,-0.544459,0,
,,,-0.544427,-0.0214843724388629,
,,,-0.544395,0,
,,,-0.544363,-0.0214843724388629,
,,,-0.544331,0,
,,,-0.544299,-0.0410156201105565,
,,,-0.544267,0,
,,,-0.544235,0,
,,,-0.544203,0.0195312476716936,
,,,-0.544171,0.0195312476716936,
,,,-0.544139,0.0195312476716936,
,,,-0.544107,0,
,,,-0.544075,-0.0214843724388629,
,,,-0.544043,0,
,,,-0.544011,0,
,,,-0.543979,0,
,,,-0.543947,0,
,,,-0.543915,0,
,,,-0.543883,0,
,,,-0.543851,0.0195312476716936,
,,,-0.543819,-0.0214843724388629,
,,,-0.543787,0,
,,,-0.543755,0,
,,,-0.543723,0,
,,,-0.543691,0,
,,,-0.543659,-0.0214843724388629,
,,,-0.543627,0,
,,,-0.543595,0,
,,,-0.543563,0.0195312476716936,
,,,-0.543531,0,
,,,-0.543499,0,
,,,-0.543467,0,
,,,-0.543435,0,
,,,-0.543403,0,
,,,-0.543371,0,
,,,-0.543339,0.0195312476716936,
,,,-0.543307,0.0195312476716936,
,,,-0.543275,0,
,,,-0.543243,0,
,,,-0.543211,0,
,,,-0.543179,0.0195312476716936,
,,,-0.543147,0,
,,,-0.543115,0,
,,,-0.543083,0.0195312476716936,
,,,-0.543051,0.0390624953433871,
,,,-0.543019,0,
,,,-0.542987,0.0195312476716936,
,,,-0.542955,0,
,,,-0.542923,0,
,,,-0.542891,0.0195312476716936,
,,,-0.542859,0.0195312476716936,
,,,-0.542827,0.0195312476716936,
,,,-0.542795,0,
,,,-0.542763,0,
,,,-0.542731,0.0195312476716936,
,,,-0.542699,0,
,,,-0.542667,-0.0214843724388629,
,,,-0.542635,0,
,,,-0.542603,0,
,,,-0.542571,0,
,,,-0.542539,0,
,,,-0.542507,0,
,,,-0.542475,0.0195312476716936,
,,,-0.542443,0.0195312476716936,
,,,-0.542411,0.0195312476716936,
,,,-0.542379,0.0195312476716936,
,,,-0.542347,0.0195312476716936,
,,,-0.542315,0.0195312476716936,
,,,-0.542283,0,
,,,-0.542251,0,
,,,-0.542219,0.0195312476716936,
,,,-0.542187,0.0195312476716936,
,,,-0.542155,0.0195312476716936,
,,,-0.542123,0.0195312476716936,
,,,-0.542091,0.0195312476716936,
,,,-0.542059,0,
,,,-0.542027,0.0195312476716936,
,,,-0.541995,0,
,,,-0.541963,0,
,,,-0.541931,0,
,,,-0.541899,0.0195312476716936,
,,,-0.541867,0.0195312476716936,
,,,-0.541835,0.0195312476716936,
,,,-0.541803,0.0195312476716936,
,,,-0.541771,-0.0214843724388629,
,,,-0.541739,0,
,,,-0.541707,0.0195312476716936,
,,,-0.541675,0,
,,,-0.541643,0.0195312476716936,
,,,-0.541611,0,
,,,-0.541579,0,
,,,-0.541547,0,
,,,-0.541515,0.0195312476716936,
,,,-0.541483,0.0195312476716936,
,,,-0.541451,0.0195312476716936,
,,,-0.541419,0.0195312476716936,
,,,-0.541387,0.0195312476716936,
,,,-0.541355,0.0195312476716936,
,,,-0.541323,0.0195312476716936,
,,,-0.541291,0,
,,,-0.541259,0.0195312476716936,
,,,-0.541227,0.0195312476716936,
,,,-0.541195,0.0195312476716936,
,,,-0.541163,0.0195312476716936,
,,,-0.541131,0.0195312476716936,
,,,-0.541099,0.0195312476716936,
,,,-0.541067,0.0195312476716936,
,,,-0.541035,0.0195312476716936,
,,,-0.541003,0.0195312476716936,
,,,-0.540971,0.0195312476716936,
,,,-0.540939,0.0195312476716936,
,,,-0.540907,0.0195312476716936,
,,,-0.540875,0.0195312476716936,
,,,-0.540843,0.0195312476716936,
,,,-0.540811,0.0195312476716936,
,,,-0.540779,0,
,,,-0.540747,0,
,,,-0.540715,0,
,,,-0.540683,0,
,,,-0.540651,0.0195312476716936,
,,,-0.540619,0.0195312476716936,
,,,-0.540587,0,
,,,-0.540555,0.0195312476716936,
,,,-0.540523,0.0195312476716936,
,,,-0.540491,-0.0410156201105565,
,,,-0.540459,0.0195312476716936,
,,,-0.540427,0,
,,,-0.540395,0.0195312476716936,
,,,-0.540363,-0.0214843724388629,
,,,-0.540331,0.0390624953433871,
,,,-0.540299,0,
,,,-0.540267,0.0195312476716936,
,,,-0.540235,0.0195312476716936,
,,,-0.540203,0,
,,,-0.540171,0.0195312476716936,
,,,-0.540139,-0.0214843724388629,
,,,-0.540107,0.0390624953433871,
,,,-0.540075,0,
,,,-0.540043,-0.0214843724388629,
,,,-0.540011,0.0195312476716936,
,,,-0.539979,0.0195312476716936,
,,,-0.539947,0.0195312476716936,
,,,-0.539915,0.0195312476716936,
,,,-0.539883,0.0195312476716936,
,,,-0.539851,0,
,,,-0.539819,0.0390624953433871,
,,,-0.539787,0,
,,,-0.539755,0,
,,,-0.539723,0,
,,,-0.539691,0,
,,,-0.539659,0.0390624953433871,
,,,-0.539627,0,
,,,-0.539595,0,
,,,-0.539563,0.0195312476716936,
,,,-0.539531,0.0390624953433871,
,,,-0.539499,0,
,,,-0.539467,0,
,,,-0.539435,0.0195312476716936,
,,,-0.539403,0.0195312476716936,
,,,-0.539371,-0.0214843724388629,
,,,-0.539339,0.0195312476716936,
,,,-0.539307,0,
,,,-0.539275,0.0195312476716936,
,,,-0.539243,0,
,,,-0.539211,0.0195312476716936,
,,,-0.539179,0.0390624953433871,
,,,-0.539147,-0.0410156201105565,
,,,-0.539115,0,
,,,-0.539083,0,
,,,-0.539051,0,
,,,-0.539019,0.0195312476716936,
,,,-0.538987,0,
,,,-0.538955,0,
,,,-0.538923,0.0195312476716936,
,,,-0.538891,0.0195312476716936,
,,,-0.538859,0.0195312476716936,
,,,-0.538827,0,
,,,-0.538795,0,
,,,-0.538763,-0.0214843724388629,
,,,-0.538731,0.0195312476716936,
,,,-0.538699,0,
,,,-0.538667,0.0195312476716936,
,,,-0.538635,0.0195312476716936,
,,,-0.538603,0.0195312476716936,
,,,-0.538571,0.0195312476716936,
,,,-0.538539,0.0195312476716936,
,,,-0.538507,0,
,,,-0.538475,0,
,,,-0.538443,0,
,,,-0.538411,0.0195312476716936,
,,,-0.538379,0.0390624953433871,
,,,-0.538347,0.0195312476716936,
,,,-0.538315,0,
,,,-0.538283,0,
,,,-0.538251,-0.0214843724388629,
,,,-0.538219,0.0195312476716936,
,,,-0.538187,0.0195312476716936,
,,,-0.538155,0,
,,,-0.538123,0,
,,,-0.538091,0.0195312476716936,
,,,-0.538059,0,
,,,-0.538027,0,
,,,-0.537995,0,
,,,-0.537963,0,
,,,-0.537931,0,
,,,-0.537899,0,
,,,-0.537867,0,
,,,-0.537835,0,
,,,-0.537803,0.0195312476716936,
,,,-0.537771,0,
,,,-0.537739,0,
,,,-0.537707,0,
,,,-0.537675,-0.0214843724388629,
,,,-0.537643,0.0195312476716936,
,,,-0.537611,0.0390624953433871,
,,,-0.537579,0,
,,,-0.537547,0,
,,,-0.537515,0.0195312476716936,
,,,-0.537483,0.0195312476716936,
,,,-0.537451,0,
,,,-0.537419,0.0195312476716936,
,,,-0.537387,-0.0214843724388629,
,,,-0.537355,-0.0214843724388629,
,,,-0.537323,0,
,,,-0.537291,0,
,,,-0.537259,0.0195312476716936,
,,,-0.537227,0,
,,,-0.537195,0.0390624953433871,
,,,-0.537163,0.0195312476716936,
,,,-0.537131,0,
,,,-0.537099,0.0195312476716936,
,,,-0.537067,0.0195312476716936,
,,,-0.537035,0,
,,,-0.537003,0,
,,,-0.536971,0.0195312476716936,
,,,-0.536939,0.0195312476716936,
,,,-0.536907,-0.0214843724388629,
,,,-0.536875,0.0195312476716936,
,,,-0.536843,0.0195312476716936,
,,,-0.536811,0,
,,,-0.536779,0.0195312476716936,
,,,-0.536747,0.0195312476716936,
,,,-0.536715,0,
,,,-0.536683,0.0195312476716936,
,,,-0.536651,0,
,,,-0.536619,0,
,,,-0.536587,0.0195312476716936,
,,,-0.536555,0,
,,,-0.536523,-0.0410156201105565,
,,,-0.536491,0.0195312476716936,
,,,-0.536459,0.0195312476716936,
,,,-0.536427,0.0195312476716936,
,,,-0.536395,0.0195312476716936,
,,,-0.536363,0.0195312476716936,
,,,-0.536331,0.0195312476716936,
,,,-0.536299,0,
,,,-0.536267,0.0195312476716936,
,,,-0.536235,0.0195312476716936,
,,,-0.536203,0,
,,,-0.536171,0,
,,,-0.536139,0,
,,,-0.536107,0,
,,,-0.536075,-0.0214843724388629,
,,,-0.536043,0,
,,,-0.536011,0.0195312476716936,
,,,-0.535979,0.0195312476716936,
,,,-0.535947,-0.0214843724388629,
,,,-0.535915,0,
,,,-0.535883,0,
,,,-0.535851,0,
,,,-0.535819,0.0195312476716936,
,,,-0.535787,0.0195312476716936,
,,,-0.535755,0.0195312476716936,
,,,-0.535723,0.0195312476716936,
,,,-0.535691,0.0195312476716936,
,,,-0.535659,0,
,,,-0.535627,0,
,,,-0.535595,0.0195312476716936,
,,,-0.535563,0.0195312476716936,
,,,-0.535531,0,
,,,-0.535499,0.0195312476716936,
,,,-0.535467,0.0195312476716936,
,,,-0.535435,0.0195312476716936,
,,,-0.535403,0.0195312476716936,
,,,-0.535371,0.0195312476716936,
,,,-0.535339,0.0195312476716936,
,,,-0.535307,0.0195312476716936,
,,,-0.535275,0,
,,,-0.535243,0.0195312476716936,
,,,-0.535211,0,
,,,-0.535179,0.0195312476716936,
,,,-0.535147,0.0195312476716936,
,,,-0.535115,0.0195312476716936,
,,,-0.535083,0.0195312476716936,
,,,-0.535051,0,
,,,-0.535019,0.0195312476716936,
,,,-0.534987,0.0195312476716936,
,,,-0.534955,0.0195312476716936,
,,,-0.534923,0.0195312476716936,
,,,-0.534891,0.0195312476716936,
,,,-0.534859,0.0195312476716936,
,,,-0.534827,0,
,,,-0.534795,0.0390624953433871,
,,,-0.534763,-0.0214843724388629,
,,,-0.534731,0,
,,,-0.534699,0.0195312476716936,
,,,-0.534667,0,
,,,-0.534635,0.0195312476716936,
,,,-0.534603,0.0195312476716936,
,,,-0.534571,0,
,,,-0.534539,0,
,,,-0.534507,0.0195312476716936,
,,,-0.534475,0,
,,,-0.534443,0,
,,,-0.534411,0.0195312476716936,
,,,-0.534379,0.0195312476716936,
,,,-0.534347,0,
,,,-0.534315,0,
,,,-0.534283,0,
,,,-0.534251,0.0195312476716936,
,,,-0.534219,0.0195312476716936,
,,,-0.534187,0,
,,,-0.534155,0,
,,,-0.534123,0.0195312476716936,
,,,-0.534091,0,
,,,-0.534059,0,
,,,-0.534027,0.0195312476716936,
,,,-0.533995,0,
,,,-0.533963,0.0195312476716936,
,,,-0.533931,-0.0214843724388629,
,,,-0.533899,0.0195312476716936,
,,,-0.533867,0,
,,,-0.533835,0.0195312476716936,
,,,-0.533803,0,
,,,-0.533771,0.0195312476716936,
,,,-0.533739,0.0195312476716936,
,,,-0.533707,0.0195312476716936,
,,,-0.533675,0.0195312476716936,
,,,-0.533643,0.0195312476716936,
,,,-0.533611,0.0195312476716936,
,,,-0.533579,0.0195312476716936,
,,,-0.533547,0.0195312476716936,
,,,-0.533515,0,
,,,-0.533483,0.0195312476716936,
,,,-0.533451,0.0195312476716936,
,,,-0.533419,0,
,,,-0.533387,0.0195312476716936,
,,,-0.533355,0.0195312476716936,
,,,-0.533323,0,
,,,-0.533291,-0.0214843724388629,
,,,-0.533259,0.0195312476716936,
,,,-0.533227,0.0195312476716936,
,,,-0.533195,0,
,,,-0.533163,0.0195312476716936,
,,,-0.533131,0,
,,,-0.533099,0.0195312476716936,
,,,-0.533067,0,
,,,-0.533035,0,
,,,-0.533003,0.0195312476716936,
,,,-0.532971,0,
,,,-0.532939,0.0195312476716936,
,,,-0.532907,0.0195312476716936,
,,,-0.532875,0.0195312476716936,
,,,-0.532843,0.0195312476716936,
,,,-0.532811,0,
,,,-0.532779,0,
,,,-0.532747,0.0195312476716936,
,,,-0.532715,0.0195312476716936,
,,,-0.532683,0.0195312476716936,
,,,-0.532651,0,
,,,-0.532619,0,
,,,-0.532587,0.0195312476716936,
,,,-0.532555,0.0585937430150807,
,,,-0.532523,0.0195312476716936,
,,,-0.532491,0.0195312476716936,
,,,-0.532459,0.0195312476716936,
,,,-0.532427,0.0195312476716936,
,,,-0.532395,0.0195312476716936,
,,,-0.532363,0,
,,,-0.532331,0,
,,,-0.532299,-0.0214843724388629,
,,,-0.532267,0.0195312476716936,
,,,-0.532235,0.0195312476716936,
,,,-0.532203,0.0195312476716936,
,,,-0.532171,0.0195312476716936,
,,,-0.532139,0,
,,,-0.532107,0.0195312476716936,
,,,-0.532075,0.0195312476716936,
,,,-0.532043,0.0195312476716936,
,,,-0.532011,0.0390624953433871,
,,,-0.531979,0.0195312476716936,
,,,-0.531947,0.0195312476716936,
,,,-0.531915,0.0195312476716936,
,,,-0.531883,0,
,,,-0.531851,0,
,,,-0.531819,0.0195312476716936,
,,,-0.531787,0,
,,,-0.531755,0.0195312476716936,
,,,-0.531723,0,
,,,-0.531691,0.0195312476716936,
,,,-0.531659,0,
,,,-0.531627,0,
,,,-0.531595,0.0585937430150807,
,,,-0.531563,0.0195312476716936,
,,,-0.531531,0.0390624953433871,
,,,-0.531499,0.0195312476716936,
,,,-0.531467,-0.0214843724388629,
,,,-0.531435,0.0195312476716936,
,,,-0.531403,0.0195312476716936,
,,,-0.531371,0.0195312476716936,
,,,-0.531339,0.0195312476716936,
,,,-0.531307,0.0195312476716936,
,,,-0.531275,0.0390624953433871,
,,,-0.531243,0.0195312476716936,
,,,-0.531211,0.0195312476716936,
,,,-0.531179,-0.0214843724388629,
,,,-0.531147,0.0195312476716936,
,,,-0.531115,0,
,,,-0.531083,0,
,,,-0.531051,0,
,,,-0.531019,-0.0410156201105565,
,,,-0.530987,0,
,,,-0.530955,0.0195312476716936,
,,,-0.530923,0.0195312476716936,
,,,-0.530891,0.0195312476716936,
,,,-0.530859,0.0195312476716936,
,,,-0.530827,0,
,,,-0.530795,0.0195312476716936,
,,,-0.530763,-0.0214843724388629,
,,,-0.530731,0,
,,,-0.530699,0.0195312476716936,
,,,-0.530667,0,
,,,-0.530635,0,
,,,-0.530603,0.0390624953433871,
,,,-0.530571,0.0390624953433871,
,,,-0.530539,-0.0214843724388629,
,,,-0.530507,0.0195312476716936,
,,,-0.530475,0,
,,,-0.530443,0,
,,,-0.530411,0.0195312476716936,
,,,-0.530379,0.0195312476716936,
,,,-0.530347,0,
,,,-0.530315,0.0195312476716936,
,,,-0.530283,0.0195312476716936,
,,,-0.530251,-0.0214843724388629,
,,,-0.530219,0,
,,,-0.530187,0.0195312476716936,
,,,-0.530155,0.0195312476716936,
,,,-0.530123,0.0195312476716936,
,,,-0.530091,0.0195312476716936,
,,,-0.530059,0.0195312476716936,
,,,-0.530027,-0.0410156201105565,
,,,-0.529995,0.0195312476716936,
,,,-0.529963,0.0195312476716936,
,,,-0.529931,0.0195312476716936,
,,,-0.529899,0.0195312476716936,
,,,-0.529867,0.0195312476716936,
,,,-0.529835,0.0195312476716936,
,,,-0.529803,0.0195312476716936,
,,,-0.529771,0,
,,,-0.529739,0.0195312476716936,
,,,-0.529707,0,
,,,-0.529675,0.0195312476716936,
,,,-0.529643,0.0195312476716936,
,,,-0.529611,-0.0410156201105565,
,,,-0.529579,0.0195312476716936,
,,,-0.529547,0.0195312476716936,
,,,-0.529515,0,
,,,-0.529483,0,
,,,-0.529451,0.0390624953433871,
,,,-0.529419,0,
,,,-0.529387,0.0195312476716936,
,,,-0.529355,-0.0214843724388629,
,,,-0.529323,0,
,,,-0.529291,0,
,,,-0.529259,0,
,,,-0.529227,0,
,,,-0.529195,0.0195312476716936,
,,,-0.529163,0.0195312476716936,
,,,-0.529131,0,
,,,-0.529099,0.0195312476716936,
,,,-0.529067,0,
,,,-0.529035,-0.0214843724388629,
,,,-0.529003,0.0390624953433871,
,,,-0.528971,0,
,,,-0.528939,0,
,,,-0.528907,0.0195312476716936,
,,,-0.528875,0,
,,,-0.528843,0.0195312476716936,
,,,-0.528811,0.0195312476716936,
,,,-0.528779,0,
,,,-0.528747,0.0195312476716936,
,,,-0.528715,-0.0214843724388629,
,,,-0.528683,0,
,,,-0.528651,-0.0214843724388629,
,,,-0.528619,-0.0214843724388629,
,,,-0.528587,0.0195312476716936,
,,,-0.528555,0,
,,,-0.528523,0,
,,,-0.528491,0.0195312476716936,
,,,-0.528459,0.0195312476716936,
,,,-0.528427,0.0195312476716936,
,,,-0.528395,0.0195312476716936,
,,,-0.528363,0.0195312476716936,
,,,-0.528331,0.0195312476716936,
,,,-0.528299,0.0195312476716936,
,,,-0.528267,0.0195312476716936,
,,,-0.528235,0.0195312476716936,
,,,-0.528203,0,
,,,-0.528171,0.0195312476716936,
,,,-0.528139,0.0195312476716936,
,,,-0.528107,0,
,,,-0.528075,-0.0214843724388629,
,,,-0.528043,0,
,,,-0.528011,0,
,,,-0.527979,0,
,,,-0.527947,0.0195312476716936,
,,,-0.527915,0.0195312476716936,
,,,-0.527883,0,
,,,-0.527851,0.0195312476716936,
,,,-0.527819,0,
,,,-0.527787,0,
,,,-0.527755,-0.0214843724388629,
,,,-0.527723,0.0195312476716936,
,,,-0.527691,0.0195312476716936,
,,,-0.527659,0,
,,,-0.527627,0,
,,,-0.527595,-0.0214843724388629,
,,,-0.527563,0,
,,,-0.527531,-0.0214843724388629,
,,,-0.527499,0,
,,,-0.527467,0.0195312476716936,
,,,-0.527435,0,
,,,-0.527403,0,
,,,-0.527371,-0.0214843724388629,
,,,-0.527339,-0.0214843724388629,
,,,-0.527307,0,
,,,-0.527275,0,
,,,-0.527243,0.0195312476716936,
,,,-0.527211,0,
,,,-0.527179,0,
,,,-0.527147,0.0195312476716936,
,,,-0.527115,0,
,,,-0.527083,0,
,,,-0.527051,-0.0214843724388629,
,,,-0.527019,0,
,,,-0.526987,0,
,,,-0.526955,0,
,,,-0.526923,0.0195312476716936,
,,,-0.526891,0,
,,,-0.526859,0,
,,,-0.526827,0,
,,,-0.526795,0,
,,,-0.526763,0,
,,,-0.526731,-0.0214843724388629,
,,,-0.526699,0,
,,,-0.526667,0,
,,,-0.526635,0,
,,,-0.526603,0,
,,,-0.526571,0,
,,,-0.526539,0,
,,,-0.526507,0,
,,,-0.526475,0.0195312476716936,
,,,-0.526443,0,
,,,-0.526411,0,
,,,-0.526379,0,
,,,-0.526347,0.0195312476716936,
,,,-0.526315,0,
,,,-0.526283,0.0195312476716936,
,,,-0.526251,0.0195312476716936,
,,,-0.526219,0.0195312476716936,
,,,-0.526187,0,
,,,-0.526155,0.0195312476716936,
,,,-0.526123,0.0195312476716936,
,,,-0.526091,0,
,,,-0.526059,0,
,,,-0.526027,0,
,,,-0.525995,0.0195312476716936,
,,,-0.525963,0.0195312476716936,
,,,-0.525931,0.0195312476716936,
,,,-0.525899,0.0195312476716936,
,,,-0.525867,0,
,,,-0.525835,0,
,,,-0.525803,0,
,,,-0.525771,-0.0214843724388629,
,,,-0.525739,0.0195312476716936,
,,,-0.525707,0,
,,,-0.525675,0,
,,,-0.525643,0,
,,,-0.525611,0.0195312476716936,
,,,-0.525579,0.0195312476716936,
,,,-0.525547,0,
,,,-0.525515,0,
,,,-0.525483,0,
,,,-0.525451,0.0195312476716936,
,,,-0.525419,0.0195312476716936,
,,,-0.525387,0.0195312476716936,
,,,-0.525355,0,
,,,-0.525323,0.0195312476716936,
,,,-0.525291,0,
,,,-0.525259,0,
,,,-0.525227,0.0195312476716936,
,,,-0.525195,0.0195312476716936,
,,,-0.525163,0.0195312476716936,
,,,-0.525131,0,
,,,-0.525099,0.0390624953433871,
,,,-0.525067,-0.0214843724388629,
,,,-0.525035,0.0195312476716936,
,,,-0.525003,0.0195312476716936,
,,,-0.524971,0,
,,,-0.524939,0,
,,,-0.524907,0,
,,,-0.524875,0.0195312476716936,
,,,-0.524843,0.0390624953433871,
,,,-0.524811,0.0195312476716936,
,,,-0.524779,0,
,,,-0.524747,0,
,,,-0.524715,0.0195312476716936,
,,,-0.524683,0.0195312476716936,
,,,-0.524651,-0.0214843724388629,
,,,-0.524619,-0.0214843724388629,
,,,-0.524587,-0.0214843724388629,
,,,-0.524555,0,
,,,-0.524523,-0.0214843724388629,
,,,-0.524491,0.0195312476716936,
,,,-0.524459,0,
,,,-0.524427,0.0195312476716936,
,,,-0.524395,0.0195312476716936,
,,,-0.524363,0,
,,,-0.524331,0.0195312476716936,
,,,-0.524299,0,
,,,-0.524267,0.0195312476716936,
,,,-0.524235,0.0195312476716936,
,,,-0.524203,0,
,,,-0.524171,0.0195312476716936,
,,,-0.524139,0.0195312476716936,
,,,-0.524107,0.0390624953433871,
,,,-0.524075,0.0195312476716936,
,,,-0.524043,0,
,,,-0.524011,0,
,,,-0.523979,0,
,,,-0.523947,0.0195312476716936,
,,,-0.523915,0,
,,,-0.523883,0.0390624953433871,
,,,-0.523851,0.0195312476716936,
,,,-0.523819,0.0195312476716936,
,,,-0.523787,0,
,,,-0.523755,0,
,,,-0.523723,0.0195312476716936,
,,,-0.523691,0.0195312476716936,
,,,-0.523659,0.0195312476716936,
,,,-0.523627,0.0585937430150807,
,,,-0.523595,0.0195312476716936,
,,,-0.523563,0.0195312476716936,
,,,-0.523531,0,
,,,-0.523499,0,
,,,-0.523467,0.0195312476716936,
,,,-0.523435,0,
,,,-0.523403,0.0195312476716936,
,,,-0.523371,0,
,,,-0.523339,0.0195312476716936,
,,,-0.523307,0.0195312476716936,
,,,-0.523275,0.0195312476716936,
,,,-0.523243,-0.06054686778225,
,,,-0.523211,0.0195312476716936,
,,,-0.523179,0.0195312476716936,
,,,-0.523147,0.0195312476716936,
,,,-0.523115,0,
,,,-0.523083,0.0195312476716936,
,,,-0.523051,0.0195312476716936,
,,,-0.523019,0.0195312476716936,
,,,-0.522987,0.0390624953433871,
,,,-0.522955,0,
,,,-0.522923,0,
,,,-0.522891,0.0390624953433871,
,,,-0.522859,0.0195312476716936,
,,,-0.522827,0.0195312476716936,
,,,-0.522795,0,
,,,-0.522763,0,
,,,-0.522731,0.0195312476716936,
,,,-0.522699,0.0195312476716936,
,,,-0.522667,0,
,,,-0.522635,0,
,,,-0.522603,0,
,,,-0.522571,0,
,,,-0.522539,-0.0214843724388629,
,,,-0.522507,-0.0214843724388629,
,,,-0.522475,0,
,,,-0.522443,0,
,,,-0.522411,0.0195312476716936,
,,,-0.522379,0,
,,,-0.522347,0.0195312476716936,
,,,-0.522315,0,
,,,-0.522283,0,
,,,-0.522251,0,
,,,-0.522219,0.0195312476716936,
,,,-0.522187,0,
,,,-0.522155,0,
,,,-0.522123,0,
,,,-0.522091,-0.0214843724388629,
,,,-0.522059,0.0195312476716936,
,,,-0.522027,0,
,,,-0.521995,0.0195312476716936,
,,,-0.521963,0,
,,,-0.521931,0,
,,,-0.521899,0,
,,,-0.521867,0.0195312476716936,
,,,-0.521835,0,
,,,-0.521803,0,
,,,-0.521771,0.0195312476716936,
,,,-0.521739,0,
,,,-0.521707,0,
,,,-0.521675,-0.0214843724388629,
,,,-0.521643,0,
,,,-0.521611,0.0195312476716936,
,,,-0.521579,0.0390624953433871,
,,,-0.521547,0,
,,,-0.521515,0,
,,,-0.521483,0,
,,,-0.521451,-0.0214843724388629,
,,,-0.521419,0,
,,,-0.521387,0.0195312476716936,
,,,-0.521355,0,
,,,-0.521323,0,
,,,-0.521291,0,
,,,-0.521259,0.0195312476716936,
,,,-0.521227,0.0195312476716936,
,,,-0.521195,0.0195312476716936,
,,,-0.521163,0,
,,,-0.521131,0,
,,,-0.521099,0,
,,,-0.521067,0.0195312476716936,
,,,-0.521035,0,
,,,-0.521003,0,
,,,-0.520971,0,
,,,-0.520939,0.0195312476716936,
,,,-0.520907,0.0195312476716936,
,,,-0.520875,0.0195312476716936,
,,,-0.520843,0,
,,,-0.520811,-0.0214843724388629,
,,,-0.520779,0.0390624953433871,
,,,-0.520747,0,
,,,-0.520715,0,
,,,-0.520683,-0.0214843724388629,
,,,-0.520651,-0.0214843724388629,
,,,-0.520619,0.0195312476716936,
,,,-0.520587,0.0195312476716936,
,,,-0.520555,0.0195312476716936,
,,,-0.520523,0,
,,,-0.520491,0.0195312476716936,
,,,-0.520459,0.0195312476716936,
,,,-0.520427,0,
,,,-0.520395,0,
,,,-0.520363,0.0195312476716936,
,,,-0.520331,0.0195312476716936,
,,,-0.520299,-0.0214843724388629,
,,,-0.520267,-0.0214843724388629,
,,,-0.520235,0,
,,,-0.520203,-0.0214843724388629,
,,,-0.520171,0.0195312476716936,
,,,-0.520139,0.0195312476716936,
,,,-0.520107,0.0195312476716936,
,,,-0.520075,0,
,,,-0.520043,-0.0214843724388629,
,,,-0.520011,-0.0214843724388629,
,,,-0.519979,0.0195312476716936,
,,,-0.519947,0.0195312476716936,
,,,-0.519915,0,
,,,-0.519883,0.0195312476716936,
,,,-0.519851,0.0195312476716936,
,,,-0.519819,-0.0410156201105565,
,,,-0.519787,0,
,,,-0.519755,0,
,,,-0.519723,0,
,,,-0.519691,0.0195312476716936,
,,,-0.519659,0.0195312476716936,
,,,-0.519627,0,
,,,-0.519595,0.0195312476716936,
,,,-0.519563,0,
,,,-0.519531,0.0195312476716936,
,,,-0.519499,0,
,,,-0.519467,0.0195312476716936,
,,,-0.519435,0,
,,,-0.519403,0,
,,,-0.519371,0.0195312476716936,
,,,-0.519339,0,
,,,-0.519307,0.0195312476716936,
,,,-0.519275,0.0195312476716936,
,,,-0.519243,0.0195312476716936,
,,,-0.519211,0.0195312476716936,
,,,-0.519179,0,
,,,-0.519147,0,
,,,-0.519115,0,
,,,-0.519083,0.0195312476716936,
,,,-0.519051,0,
,,,-0.519019,0.0195312476716936,
,,,-0.518987,0.0195312476716936,
,,,-0.518955,0,
,,,-0.518923,0.0195312476716936,
,,,-0.518891,0.0195312476716936,
,,,-0.518859,0,
,,,-0.518827,0.0195312476716936,
,,,-0.518795,0,
,,,-0.518763,0.0195312476716936,
,,,-0.518731,-0.0214843724388629,
,,,-0.518699,0.0195312476716936,
,,,-0.518667,0,
,,,-0.518635,-0.0214843724388629,
,,,-0.518603,0.0195312476716936,
,,,-0.518571,0.0195312476716936,
,,,-0.518539,0.0195312476716936,
,,,-0.518507,-0.0214843724388629,
,,,-0.518475,0.0195312476716936,
,,,-0.518443,0,
,,,-0.518411,0,
,,,-0.518379,0,
,,,-0.518347,0,
,,,-0.518315,0,
,,,-0.518283,0,
,,,-0.518251,0,
,,,-0.518219,0,
,,,-0.518187,0.0195312476716936,
,,,-0.518155,-0.0214843724388629,
,,,-0.518123,0.0195312476716936,
,,,-0.518091,0,
,,,-0.518059,-0.0214843724388629,
,,,-0.518027,0.0195312476716936,
,,,-0.517995,0,
,,,-0.517963,0,
,,,-0.517931,0.0195312476716936,
,,,-0.517899,0,
,,,-0.517867,0.0195312476716936,
,,,-0.517835,0.0195312476716936,
,,,-0.517803,0.0195312476716936,
,,,-0.517771,-0.0214843724388629,
,,,-0.517739,0,
,,,-0.517707,0,
,,,-0.517675,0.0195312476716936,
,,,-0.517643,0,
,,,-0.517611,0,
,,,-0.517579,0.0195312476716936,
,,,-0.517547,0.0195312476716936,
,,,-0.517515,0,
,,,-0.517483,0,
,,,-0.517451,0.0195312476716936,
,,,-0.517419,0,
,,,-0.517387,0,
,,,-0.517355,0,
,,,-0.517323,0,
,,,-0.517291,0.0195312476716936,
,,,-0.517259,0.0195312476716936,
,,,-0.517227,0.0195312476716936,
,,,-0.517195,0.0195312476716936,
,,,-0.517163,0.0195312476716936,
,,,-0.517131,-0.0214843724388629,
,,,-0.517099,0,
,,,-0.517067,0,
,,,-0.517035,0,
,,,-0.517003,0,
,,,-0.516971,0,
,,,-0.516939,0,
,,,-0.516907,0,
,,,-0.516875,0.0195312476716936,
,,,-0.516843,0,
,,,-0.516811,0,
,,,-0.516779,0.0195312476716936,
,,,-0.516747,0,
,,,-0.516715,0,
,,,-0.516683,0.0195312476716936,
,,,-0.516651,0.0390624953433871,
,,,-0.516619,0,
,,,-0.516587,0,
,,,-0.516555,0,
,,,-0.516523,0,
,,,-0.516491,0.0195312476716936,
,,,-0.516459,0,
,,,-0.516427,0,
,,,-0.516395,0.0195312476716936,
,,,-0.516363,0.0195312476716936,
,,,-0.516331,0,
,,,-0.516299,0.0195312476716936,
,,,-0.516267,0.0195312476716936,
,,,-0.516235,-0.0214843724388629,
,,,-0.516203,0,
,,,-0.516171,0.0195312476716936,
,,,-0.516139,0.0195312476716936,
,,,-0.516107,0.0195312476716936,
,,,-0.516075,0,
,,,-0.516043,0.0195312476716936,
,,,-0.516011,0.0195312476716936,
,,,-0.515979,0,
,,,-0.515947,0.0195312476716936,
,,,-0.515915,0,
,,,-0.515883,0.0195312476716936,
,,,-0.515851,0.0195312476716936,
,,,-0.515819,0.0195312476716936,
,,,-0.515787,0,
,,,-0.515755,0.0195312476716936,
,,,-0.515723,0.0195312476716936,
,,,-0.515691,0.0195312476716936,
,,,-0.515659,0,
,,,-0.515627,0,
,,,-0.515595,0.0195312476716936,
,,,-0.515563,0,
,,,-0.515531,0.0195312476716936,
,,,-0.515499,0.0195312476716936,
,,,-0.515467,0.0195312476716936,
,,,-0.515435,0,
,,,-0.515403,0.0195312476716936,
,,,-0.515371,0.0195312476716936,
,,,-0.515339,0,
,,,-0.515307,0,
,,,-0.515275,0,
,,,-0.515243,0,
,,,-0.515211,0,
,,,-0.515179,0.0195312476716936,
,,,-0.515147,0.0390624953433871,
,,,-0.515115,0,
,,,-0.515083,0,
,,,-0.515051,0.0195312476716936,
,,,-0.515019,0,
,,,-0.514987,0.0195312476716936,
,,,-0.514955,0,
,,,-0.514923,0.0195312476716936,
,,,-0.514891,0,
,,,-0.514859,-0.0214843724388629,
,,,-0.514827,0.0195312476716936,
,,,-0.514795,0.0195312476716936,
,,,-0.514763,0,
,,,-0.514731,0.0195312476716936,
,,,-0.514699,-0.0410156201105565,
,,,-0.514667,0,
,,,-0.514635,0.0195312476716936,
,,,-0.514603,0.0195312476716936,
,,,-0.514571,-0.0214843724388629,
,,,-0.514539,0.0195312476716936,
,,,-0.514507,0.0195312476716936,
,,,-0.514475,-0.0214843724388629,
,,,-0.514443,0,
,,,-0.514411,0.0195312476716936,
,,,-0.514379,0,
,,,-0.514347,0.0195312476716936,
,,,-0.514315,0.0195312476716936,
,,,-0.514283,0,
,,,-0.514251,0.0195312476716936,
,,,-0.514219,0,
,,,-0.514187,0,
,,,-0.514155,0,
,,,-0.514123,0.0195312476716936,
,,,-0.514091,0.0195312476716936,
,,,-0.514059,0,
,,,-0.514027,0,
,,,-0.513995,-0.0214843724388629,
,,,-0.513963,0.0195312476716936,
,,,-0.513931,0,
,,,-0.513899,0.0195312476716936,
,,,-0.513867,0.0195312476716936,
,,,-0.513835,0.0195312476716936,
,,,-0.513803,0.0195312476716936,
,,,-0.513771,0,
,,,-0.513739,0.0195312476716936,
,,,-0.513707,-0.0214843724388629,
,,,-0.513675,0.0195312476716936,
,,,-0.513643,0.0195312476716936,
,,,-0.513611,0.0195312476716936,
,,,-0.513579,0.0195312476716936,
,,,-0.513547,0,
,,,-0.513515,0.0195312476716936,
,,,-0.513483,0,
,,,-0.513451,0.0195312476716936,
,,,-0.513419,0,
,,,-0.513387,0,
,,,-0.513355,0.0195312476716936,
,,,-0.513323,0.0390624953433871,
,,,-0.513291,-0.0214843724388629,
,,,-0.513259,0.0195312476716936,
,,,-0.513227,0.0195312476716936,
,,,-0.513195,0,
,,,-0.513163,0.0195312476716936,
,,,-0.513131,0,
,,,-0.513099,0.0195312476716936,
,,,-0.513067,0.0195312476716936,
,,,-0.513035,0,
,,,-0.513003,0,
,,,-0.512971,0,
,,,-0.512939,0,
,,,-0.512907,0.0195312476716936,
,,,-0.512875,0.0195312476716936,
,,,-0.512843,0.0195312476716936,
,,,-0.512811,0.0195312476716936,
,,,-0.512779,0.0195312476716936,
,,,-0.512747,0.0195312476716936,
,,,-0.512715,0.0195312476716936,
,,,-0.512683,0.0195312476716936,
,,,-0.512651,0.0195312476716936,
,,,-0.512619,0.0195312476716936,
,,,-0.512587,0,
,,,-0.512555,0,
,,,-0.512523,0,
,,,-0.512491,0.0195312476716936,
,,,-0.512459,0.0195312476716936,
,,,-0.512427,0,
,,,-0.512395,0.0195312476716936,
,,,-0.512363,0,
,,,-0.512331,0,
,,,-0.512299,0,
,,,-0.512267,0,
,,,-0.512235,0.0195312476716936,
,,,-0.512203,0,
,,,-0.512171,0,
,,,-0.512139,0.0195312476716936,
,,,-0.512107,0,
,,,-0.512075,0.0195312476716936,
,,,-0.512043,0.0195312476716936,
,,,-0.512011,0.0195312476716936,
,,,-0.511979,0,
,,,-0.511947,0.0195312476716936,
,,,-0.511915,0,
,,,-0.511883,0,
,,,-0.511851,0.0195312476716936,
,,,-0.511819,0,
,,,-0.511787,0.0390624953433871,
,,,-0.511755,0,
,,,-0.511723,0.0195312476716936,
,,,-0.511691,0,
,,,-0.511659,0,
,,,-0.511627,0.0195312476716936,
,,,-0.511595,0,
,,,-0.511563,0.0195312476716936,
,,,-0.511531,0.0195312476716936,
,,,-0.511499,0.0195312476716936,
,,,-0.511467,0,
,,,-0.511435,0.0195312476716936,
,,,-0.511403,0,
,,,-0.511371,0,
,,,-0.511339,-0.0214843724388629,
,,,-0.511307,0.0195312476716936,
,,,-0.511275,0,
,,,-0.511243,0,
,,,-0.511211,0.0195312476716936,
,,,-0.511179,0,
,,,-0.511147,0,
,,,-0.511115,-0.0214843724388629,
,,,-0.511083,0,
,,,-0.511051,0,
,,,-0.511019,0.0195312476716936,
,,,-0.510987,0,
,,,-0.510955,0.0195312476716936,
,,,-0.510923,-0.0214843724388629,
,,,-0.510891,-0.0214843724388629,
,,,-0.510859,0.0195312476716936,
,,,-0.510827,-0.0410156201105565,
,,,-0.510795,0,
,,,-0.510763,0.0390624953433871,
,,,-0.510731,0.0195312476716936,
,,,-0.510699,0.0195312476716936,
,,,-0.510667,0,
,,,-0.510635,0,
,,,-0.510603,0,
,,,-0.510571,0.0195312476716936,
,,,-0.510539,0,
,,,-0.510507,0,
,,,-0.510475,0,
,,,-0.510443,0,
,,,-0.510411,0,
,,,-0.510379,0,
,,,-0.510347,0.0195312476716936,
,,,-0.510315,0.0195312476716936,
,,,-0.510283,0,
,,,-0.510251,0,
,,,-0.510219,0,
,,,-0.510187,0,
,,,-0.510155,0,
,,,-0.510123,0.0390624953433871,
,,,-0.510091,0,
,,,-0.510059,0,
,,,-0.510027,0,
,,,-0.509995,0,
,,,-0.509963,-0.0214843724388629,
,,,-0.509931,0,
,,,-0.509899,0,
,,,-0.509867,0.0195312476716936,
,,,-0.509835,0,
,,,-0.509803,0,
,,,-0.509771,0.0195312476716936,
,,,-0.509739,-0.0214843724388629,
,,,-0.509707,0,
,,,-0.509675,0,
,,,-0.509643,0,
,,,-0.509611,-0.0214843724388629,
,,,-0.509579,0,
,,,-0.509547,-0.0214843724388629,
,,,-0.509515,0.0195312476716936,
,,,-0.509483,0.0195312476716936,
,,,-0.509451,0.0195312476716936,
,,,-0.509419,-0.0214843724388629,
,,,-0.509387,0.0195312476716936,
,,,-0.509355,0,
,,,-0.509323,0,
,,,-0.509291,0,
,,,-0.509259,0.0195312476716936,
,,,-0.509227,0,
,,,-0.509195,0,
,,,-0.509163,0,
,,,-0.509131,0.0195312476716936,
,,,-0.509099,0,
,,,-0.509067,0.0195312476716936,
,,,-0.509035,0,
,,,-0.509003,0,
,,,-0.508971,0.0195312476716936,
,,,-0.508939,0,
,,,-0.508907,0,
,,,-0.508875,0,
,,,-0.508843,0,
,,,-0.508811,0,
,,,-0.508779,0,
,,,-0.508747,0,
,,,-0.508715,0,
,,,-0.508683,0.0195312476716936,
,,,-0.508651,0,
,,,-0.508619,0,
,,,-0.508587,0.0195312476716936,
,,,-0.508555,0,
,,,-0.508523,0,
,,,-0.508491,0.0195312476716936,
,,,-0.508459,0.0390624953433871,
,,,-0.508427,0.0195312476716936,
,,,-0.508395,0.0195312476716936,
,,,-0.508363,0.0195312476716936,
,,,-0.508331,0,
,,,-0.508299,0,
,,,-0.508267,0,
,,,-0.508235,0,
,,,-0.508203,0,
,,,-0.508171,0.0195312476716936,
,,,-0.508139,0,
,,,-0.508107,0.0195312476716936,
,,,-0.508075,0,
,,,-0.508043,0,
,,,-0.508011,0.0195312476716936,
,,,-0.507979,0.0195312476716936,
,,,-0.507947,0.0195312476716936,
,,,-0.507915,0,
,,,-0.507883,0.0195312476716936,
,,,-0.507851,0.0390624953433871,
,,,-0.507819,0,
,,,-0.507787,0.0195312476716936,
,,,-0.507755,0.0195312476716936,
,,,-0.507723,0.0195312476716936,
,,,-0.507691,0.0195312476716936,
,,,-0.507659,0.0195312476716936,
,,,-0.507627,0,
,,,-0.507595,0.0195312476716936,
,,,-0.507563,0.0195312476716936,
,,,-0.507531,0,
,,,-0.507499,0,
,,,-0.507467,0.0195312476716936,
,,,-0.507435,0.0195312476716936,
,,,-0.507403,0.0195312476716936,
,,,-0.507371,0,
,,,-0.507339,0.0195312476716936,
,,,-0.507307,0,
,,,-0.507275,-0.0214843724388629,
,,,-0.507243,0,
,,,-0.507211,0.0195312476716936,
,,,-0.507179,-0.0214843724388629,
,,,-0.507147,0.0195312476716936,
,,,-0.507115,0.0195312476716936,
,,,-0.507083,0,
,,,-0.507051,0.0195312476716936,
,,,-0.507019,0,
,,,-0.506987,0.0195312476716936,
,,,-0.506955,-0.0214843724388629,
,,,-0.506923,0.0195312476716936,
,,,-0.506891,0.0195312476716936,
,,,-0.506859,0,
,,,-0.506827,0,
,,,-0.506795,0,
,,,-0.506763,0.0195312476716936,
,,,-0.506731,0,
,,,-0.506699,0.0195312476716936,
,,,-0.506667,0,
,,,-0.506635,0.0195312476716936,
,,,-0.506603,0.0195312476716936,
,,,-0.506571,0.0195312476716936,
,,,-0.506539,0,
,,,-0.506507,0,
,,,-0.506475,-0.0214843724388629,
,,,-0.506443,0,
,,,-0.506411,0.0195312476716936,
,,,-0.506379,0.0195312476716936,
,,,-0.506347,0.0195312476716936,
,,,-0.506315,0,
,,,-0.506283,0.0195312476716936,
,,,-0.506251,0.0195312476716936,
,,,-0.506219,0,
,,,-0.506187,0,
,,,-0.506155,-0.0214843724388629,
,,,-0.506123,0,
,,,-0.506091,0.0195312476716936,
,,,-0.506059,0,
,,,-0.506027,-0.0214843724388629,
,,,-0.505995,0.0195312476716936,
,,,-0.505963,0,
,,,-0.505931,0,
,,,-0.505899,0.0195312476716936,
,,,-0.505867,0.0195312476716936,
,,,-0.505835,0.0195312476716936,
,,,-0.505803,0.0195312476716936,
,,,-0.505771,0.0195312476716936,
,,,-0.505739,-0.0214843724388629,
,,,-0.505707,0.0195312476716936,
,,,-0.505675,0.0195312476716936,
,,,-0.505643,0,
,,,-0.505611,0,
,,,-0.505579,0,
,,,-0.505547,0,
,,,-0.505515,-0.06054686778225,
,,,-0.505483,0,
,,,-0.505451,0.0195312476716936,
,,,-0.505419,0,
,,,-0.505387,0,
,,,-0.505355,0,
,,,-0.505323,0,
,,,-0.505291,0,
,,,-0.505259,0,
,,,-0.505227,-0.06054686778225,
,,,-0.505195,0,
,,,-0.505163,0,
,,,-0.505131,0,
,,,-0.505099,0,
,,,-0.505067,0.0195312476716936,
,,,-0.505035,0,
,,,-0.505003,0,
,,,-0.504971,0,
,,,-0.504939,0,
,,,-0.504907,-0.0214843724388629,
,,,-0.504875,0,
,,,-0.504843,0,
,,,-0.504811,0.0195312476716936,
,,,-0.504779,0,
,,,-0.504747,-0.0410156201105565,
,,,-0.504715,0,
,,,-0.504683,0,
,,,-0.504651,0,
,,,-0.504619,0,
,,,-0.504587,0,
,,,-0.504555,0,
,,,-0.504523,0,
,,,-0.504491,0.0195312476716936,
,,,-0.504459,0,
,,,-0.504427,0,
,,,-0.504395,0,
,,,-0.504363,0,
,,,-0.504331,0,
,,,-0.504299,0.0195312476716936,
,,,-0.504267,0,
,,,-0.504235,0.0195312476716936,
,,,-0.504203,0.0195312476716936,
,,,-0.504171,0.0195312476716936,
,,,-0.504139,0,
,,,-0.504107,0.0195312476716936,
,,,-0.504075,0.0390624953433871,
,,,-0.504043,0.0195312476716936,
,,,-0.504011,0,
,,,-0.503979,0,
,,,-0.503947,0.0195312476716936,
,,,-0.503915,0,
,,,-0.503883,0,
,,,-0.503851,0,
,,,-0.503819,0,
,,,-0.503787,0,
,,,-0.503755,-0.0214843724388629,
,,,-0.503723,-0.0214843724388629,
,,,-0.503691,0.0195312476716936,
,,,-0.503659,0.0195312476716936,
,,,-0.503627,0,
,,,-0.503595,0,
,,,-0.503563,-0.0214843724388629,
,,,-0.503531,0.0195312476716936,
,,,-0.503499,0,
,,,-0.503467,0.0195312476716936,
,,,-0.503435,0.0195312476716936,
,,,-0.503403,0,
,,,-0.503371,0,
,,,-0.503339,0.0195312476716936,
,,,-0.503307,0,
,,,-0.503275,0,
,,,-0.503243,0,
,,,-0.503211,0,
,,,-0.503179,0,
,,,-0.503147,-0.0214843724388629,
,,,-0.503115,0,
,,,-0.503083,0.0195312476716936,
,,,-0.503051,0.0195312476716936,
,,,-0.503019,0.0195312476716936,
,,,-0.502987,0,
,,,-0.502955,0.0195312476716936,
,,,-0.502923,0.0195312476716936,
,,,-0.502891,0.0195312476716936,
,,,-0.502859,0.0195312476716936,
,,,-0.502827,0.0195312476716936,
,,,-0.502795,0.0195312476716936,
,,,-0.502763,0.0195312476716936,
,,,-0.502731,0.0195312476716936,
,,,-0.502699,0.0195312476716936,
,,,-0.502667,0.0195312476716936,
,,,-0.502635,0.0195312476716936,
,,,-0.502603,0,
,,,-0.502571,0,
,,,-0.502539,0.0195312476716936,
,,,-0.502507,0,
,,,-0.502475,0.0195312476716936,
,,,-0.502443,0,
,,,-0.502411,0,
,,,-0.502379,0,
,,,-0.502347,0.0195312476716936,
,,,-0.502315,0.0195312476716936,
,,,-0.502283,-0.0214843724388629,
,,,-0.502251,0,
,,,-0.502219,0.0195312476716936,
,,,-0.502187,0,
,,,-0.502155,0.0195312476716936,
,,,-0.502123,0.0195312476716936,
,,,-0.502091,-0.0214843724388629,
,,,-0.502059,0.0195312476716936,
,,,-0.502027,0,
,,,-0.501995,0.0195312476716936,
,,,-0.501963,0.0195312476716936,
,,,-0.501931,0.0195312476716936,
,,,-0.501899,0.0195312476716936,
,,,-0.501867,0,
,,,-0.501835,0.0195312476716936,
,,,-0.501803,0,
,,,-0.501771,0.0195312476716936,
,,,-0.501739,0.0195312476716936,
,,,-0.501707,0.0195312476716936,
,,,-0.501675,0,
,,,-0.501643,0,
,,,-0.501611,0,
,,,-0.501579,0,
,,,-0.501547,0.0195312476716936,
,,,-0.501515,0,
,,,-0.501483,0.0195312476716936,
,,,-0.501451,0.0195312476716936,
,,,-0.501419,0.0195312476716936,
,,,-0.501387,0.0195312476716936,
,,,-0.501355,0,
,,,-0.501323,0.0195312476716936,
,,,-0.501291,0,
,,,-0.501259,0.0195312476716936,
,,,-0.501227,0.0390624953433871,
,,,-0.501195,0.0195312476716936,
,,,-0.501163,0.0195312476716936,
,,,-0.501131,0,
,,,-0.501099,0.0195312476716936,
,,,-0.501067,0.0195312476716936,
,,,-0.501035,0.0195312476716936,
,,,-0.501003,0.0195312476716936,
,,,-0.500971,0,
,,,-0.500939,0,
,,,-0.500907,0.0195312476716936,
,,,-0.500875,0,
,,,-0.500843,-0.0214843724388629,
,,,-0.500811,0,
,,,-0.500779,0.0195312476716936,
,,,-0.500747,0.0195312476716936,
,,,-0.500715,0.0195312476716936,
,,,-0.500683,0.0195312476716936,
,,,-0.500651,0,
,,,-0.500619,0.0195312476716936,
,,,-0.500587,0,
,,,-0.500555,0,
,,,-0.500523,0.0195312476716936,
,,,-0.500491,0.0195312476716936,
,,,-0.500459,0.0195312476716936,
,,,-0.500427,0.0195312476716936,
,,,-0.500395,0.0195312476716936,
,,,-0.500363,0.0195312476716936,
,,,-0.500331,0.0195312476716936,
,,,-0.500299,0,
,,,-0.500267,0,
,,,-0.500235,0,
,,,-0.500203,0.0195312476716936,
,,,-0.500171,0,
,,,-0.500139,0,
,,,-0.500107,0,
,,,-0.500075,0,
,,,-0.500043,0.0195312476716936,
,,,-0.500011,-0.06054686778225,
,,,-0.499979,0,
,,,-0.499947,0,
,,,-0.499915,0,
,,,-0.499883,0,
,,,-0.499851,0.0195312476716936,
,,,-0.499819,0.0195312476716936,
,,,-0.499787,0.0195312476716936,
,,,-0.499755,0.0195312476716936,
,,,-0.499723,0.0195312476716936,
,,,-0.499691,0.0195312476716936,
,,,-0.499659,0.0195312476716936,
,,,-0.499627,0.0195312476716936,
,,,-0.499595,0.0195312476716936,
,,,-0.499563,0.0195312476716936,
,,,-0.499531,0,
,,,-0.499499,0.0195312476716936,
,,,-0.499467,0.0390624953433871,
,,,-0.499435,0.0195312476716936,
,,,-0.499403,0.0195312476716936,
,,,-0.499371,0,
,,,-0.499339,0.0195312476716936,
,,,-0.499307,0.0195312476716936,
,,,-0.499275,0.0195312476716936,
,,,-0.499243,0.0195312476716936,
,,,-0.499211,0.0195312476716936,
,,,-0.499179,0.0195312476716936,
,,,-0.499147,0,
,,,-0.499115,0.0195312476716936,
,,,-0.499083,0.0195312476716936,
,,,-0.499051,0.0195312476716936,
,,,-0.499019,0.0195312476716936,
,,,-0.498987,0.0195312476716936,
,,,-0.498955,0.0195312476716936,
,,,-0.498923,0,
,,,-0.498891,0.0195312476716936,
,,,-0.498859,0.0195312476716936,
,,,-0.498827,0.0195312476716936,
,,,-0.498795,0.0195312476716936,
,,,-0.498763,0.0390624953433871,
,,,-0.498731,0,
,,,-0.498699,0.0195312476716936,
,,,-0.498667,0.0195312476716936,
,,,-0.498635,-0.0214843724388629,
,,,-0.498603,0.0195312476716936,
,,,-0.498571,0,
,,,-0.498539,0.0195312476716936,
,,,-0.498507,-0.0214843724388629,
,,,-0.498475,0.0195312476716936,
,,,-0.498443,0.0585937430150807,
,,,-0.498411,0,
,,,-0.498379,0,
,,,-0.498347,0,
,,,-0.498315,0.0195312476716936,
,,,-0.498283,0.0195312476716936,
,,,-0.498251,0.0195312476716936,
,,,-0.498219,0,
,,,-0.498187,0,
,,,-0.498155,0.0195312476716936,
,,,-0.498123,0.0195312476716936,
,,,-0.498091,0.0195312476716936,
,,,-0.498059,0.0195312476716936,
,,,-0.498027,0.0195312476716936,
,,,-0.497995,0.0195312476716936,
,,,-0.497963,0.0195312476716936,
,,,-0.497931,0.0195312476716936,
,,,-0.497899,0.0585937430150807,
,,,-0.497867,0.0195312476716936,
,,,-0.497835,0,
,,,-0.497803,0.0195312476716936,
,,,-0.497771,0.0195312476716936,
,,,-0.497739,0.0195312476716936,
,,,-0.497707,0.0195312476716936,
,,,-0.497675,0.0195312476716936,
,,,-0.497643,0.0195312476716936,
,,,-0.497611,0,
,,,-0.497579,0.0195312476716936,
,,,-0.497547,0.0195312476716936,
,,,-0.497515,0.0195312476716936,
,,,-0.497483,0.0195312476716936,
,,,-0.497451,0.0195312476716936,
,,,-0.497419,0,
,,,-0.497387,0,
,,,-0.497355,0,
,,,-0.497323,0,
,,,-0.497291,0,
,,,-0.497259,0,
,,,-0.497227,0.0195312476716936,
,,,-0.497195,0.0195312476716936,
,,,-0.497163,0.0195312476716936,
,,,-0.497131,0,
,,,-0.497099,0.0195312476716936,
,,,-0.497067,0.0195312476716936,
,,,-0.497035,-0.0214843724388629,
,,,-0.497003,0.0195312476716936,
,,,-0.496971,0.0195312476716936,
,,,-0.496939,0.0195312476716936,
,,,-0.496907,0,
,,,-0.496875,0.0195312476716936,
,,,-0.496843,0.0195312476716936,
,,,-0.496811,-0.0410156201105565,
,,,-0.496779,0.0195312476716936,
,,,-0.496747,0.0195312476716936,
,,,-0.496715,0,
,,,-0.496683,0,
,,,-0.496651,0.0195312476716936,
,,,-0.496619,0.0195312476716936,
,,,-0.496587,0.0195312476716936,
,,,-0.496555,0.0195312476716936,
,,,-0.496523,0.0195312476716936,
,,,-0.496491,0,
,,,-0.496459,0.0195312476716936,
,,,-0.496427,0.0195312476716936,
,,,-0.496395,0.0195312476716936,
,,,-0.496363,0,
,,,-0.496331,0,
,,,-0.496299,0.0195312476716936,
,,,-0.496267,0,
,,,-0.496235,0,
,,,-0.496203,0,
,,,-0.496171,0,
,,,-0.496139,0.0195312476716936,
,,,-0.496107,-0.0410156201105565,
,,,-0.496075,0.0195312476716936,
,,,-0.496043,0,
,,,-0.496011,0,
,,,-0.495979,0,
,,,-0.495947,-0.0214843724388629,
,,,-0.495915,0.0195312476716936,
,,,-0.495883,0,
,,,-0.495851,0.0195312476716936,
,,,-0.495819,0.0195312476716936,
,,,-0.495787,0,
,,,-0.495755,0.0195312476716936,
,,,-0.495723,0.0195312476716936,
,,,-0.495691,0,
,,,-0.495659,0,
,,,-0.495627,0.0195312476716936,
,,,-0.495595,0,
,,,-0.495563,0,
,,,-0.495531,0.0390624953433871,
,,,-0.495499,0.0195312476716936,
,,,-0.495467,0,
,,,-0.495435,0.0195312476716936,
,,,-0.495403,0,
,,,-0.495371,0,
,,,-0.495339,0.0195312476716936,
,,,-0.495307,-0.0214843724388629,
,,,-0.495275,0,
,,,-0.495243,0,
,,,-0.495211,0,
,,,-0.495179,0,
,,,-0.495147,0,
,,,-0.495115,0,
,,,-0.495083,0,
,,,-0.495051,0.0195312476716936,
,,,-0.495019,0.0390624953433871,
,,,-0.494987,0,
,,,-0.494955,0,
,,,-0.494923,0,
,,,-0.494891,0.0195312476716936,
,,,-0.494859,0,
,,,-0.494827,0,
,,,-0.494795,0,
,,,-0.494763,0,
,,,-0.494731,0.0195312476716936,
,,,-0.494699,0,
,,,-0.494667,0,
,,,-0.494635,0,
,,,-0.494603,0,
,,,-0.494571,0,
,,,-0.494539,0,
,,,-0.494507,-0.0214843724388629,
,,,-0.494475,0,
,,,-0.494443,0,
,,,-0.494411,0.0195312476716936,
,,,-0.494379,0,
,,,-0.494347,-0.0214843724388629,
,,,-0.494315,0,
,,,-0.494283,0,
,,,-0.494251,0,
,,,-0.494219,0,
,,,-0.494187,-0.0214843724388629,
,,,-0.494155,0,
,,,-0.494123,0.0195312476716936,
,,,-0.494091,0,
,,,-0.494059,0,
,,,-0.494027,0,
,,,-0.493995,0,
,,,-0.493963,0.0195312476716936,
,,,-0.493931,0,
,,,-0.493899,0.0195312476716936,
,,,-0.493867,0.0195312476716936,
,,,-0.493835,0,
,,,-0.493803,0,
,,,-0.493771,0.0195312476716936,
,,,-0.493739,-0.0214843724388629,
,,,-0.493707,0,
,,,-0.493675,0.0195312476716936,
,,,-0.493643,-0.0214843724388629,
,,,-0.493611,0.0195312476716936,
,,,-0.493579,0.0195312476716936,
,,,-0.493547,0,
,,,-0.493515,0,
,,,-0.493483,0,
,,,-0.493451,0.0195312476716936,
,,,-0.493419,0,
,,,-0.493387,0,
,,,-0.493355,0,
,,,-0.493323,0.0195312476716936,
,,,-0.493291,0,
,,,-0.493259,0.0390624953433871,
,,,-0.493227,0,
,,,-0.493195,0.0195312476716936,
,,,-0.493163,0,
,,,-0.493131,0,
,,,-0.493099,0.0195312476716936,
,,,-0.493067,0,
,,,-0.493035,0,
,,,-0.493003,0,
,,,-0.492971,0,
,,,-0.492939,0,
,,,-0.492907,0,
,,,-0.492875,0,
,,,-0.492843,0.0390624953433871,
,,,-0.492811,0,
,,,-0.492779,0.0195312476716936,
,,,-0.492747,0.0195312476716936,
,,,-0.492715,0.0195312476716936,
,,,-0.492683,0.0195312476716936,
,,,-0.492651,0.0195312476716936,
,,,-0.492619,0,
,,,-0.492587,0.0195312476716936,
,,,-0.492555,-0.0214843724388629,
,,,-0.492523,0.0195312476716936,
,,,-0.492491,0,
,,,-0.492459,0.0195312476716936,
,,,-0.492427,0.0195312476716936,
,,,-0.492395,0.0195312476716936,
,,,-0.492363,0.0195312476716936,
,,,-0.492331,0,
,,,-0.492299,0,
,,,-0.492267,0,
,,,-0.492235,0.0195312476716936,
,,,-0.492203,0.0195312476716936,
,,,-0.492171,0.0390624953433871,
,,,-0.492139,0.0195312476716936,
,,,-0.492107,0,
,,,-0.492075,0.0195312476716936,
,,,-0.492043,0.0195312476716936,
,,,-0.492011,-0.0410156201105565,
,,,-0.491979,0.0195312476716936,
,,,-0.491947,0.0195312476716936,
,,,-0.491915,0.0195312476716936,
,,,-0.491883,0,
,,,-0.491851,0,
,,,-0.491819,0.0195312476716936,
,,,-0.491787,0,
,,,-0.491755,0,
,,,-0.491723,0.0195312476716936,
,,,-0.491691,0,
,,,-0.491659,0,
,,,-0.491627,0,
,,,-0.491595,0.0195312476716936,
,,,-0.491563,0.0195312476716936,
,,,-0.491531,0.0195312476716936,
,,,-0.491499,-0.0410156201105565,
,,,-0.491467,0.0195312476716936,
,,,-0.491435,0.0195312476716936,
,,,-0.491403,0,
,,,-0.491371,0,
,,,-0.491339,0.0195312476716936,
,,,-0.491307,0.0195312476716936,
,,,-0.491275,0.0195312476716936,
,,,-0.491243,0.0195312476716936,
,,,-0.491211,0.0195312476716936,
,,,-0.491179,0,
,,,-0.491147,-0.0214843724388629,
,,,-0.491115,0.0195312476716936,
,,,-0.491083,0.0195312476716936,
,,,-0.491051,0.0195312476716936,
,,,-0.491019,0.0195312476716936,
,,,-0.490987,0.0195312476716936,
,,,-0.490955,0.0195312476716936,
,,,-0.490923,0.0195312476716936,
,,,-0.490891,0.0195312476716936,
,,,-0.490859,0.0195312476716936,
,,,-0.490827,0,
,,,-0.490795,0.0195312476716936,
,,,-0.490763,0.0195312476716936,
,,,-0.490731,0,
,,,-0.490699,0.0195312476716936,
,,,-0.490667,0.0195312476716936,
,,,-0.490635,0,
,,,-0.490603,0.0195312476716936,
,,,-0.490571,0.0195312476716936,
,,,-0.490539,0.0195312476716936,
,,,-0.490507,0.0195312476716936,
,,,-0.490475,0.0195312476716936,
,,,-0.490443,0.0195312476716936,
,,,-0.490411,0,
,,,-0.490379,0.0195312476716936,
,,,-0.490347,0,
,,,-0.490315,0,
,,,-0.490283,0,
,,,-0.490251,-0.0214843724388629,
,,,-0.490219,0.0195312476716936,
,,,-0.490187,0,
,,,-0.490155,0.0195312476716936,
,,,-0.490123,0.0195312476716936,
,,,-0.490091,0,
,,,-0.490059,0,
,,,-0.490027,0.0195312476716936,
,,,-0.489995,0,
,,,-0.489963,0,
,,,-0.489931,0.0195312476716936,
,,,-0.489899,0.0195312476716936,
,,,-0.489867,0,
,,,-0.489835,0.0195312476716936,
,,,-0.489803,0.0195312476716936,
,,,-0.489771,0,
,,,-0.489739,0,
,,,-0.489707,0.0195312476716936,
,,,-0.489675,0,
,,,-0.489643,0.0195312476716936,
,,,-0.489611,0,
,,,-0.489579,0.0195312476716936,
,,,-0.489547,0.0195312476716936,
,,,-0.489515,0.0195312476716936,
,,,-0.489483,0.0195312476716936,
,,,-0.489451,0.0195312476716936,
,,,-0.489419,0.0195312476716936,
,,,-0.489387,0.0195312476716936,
,,,-0.489355,0,
,,,-0.489323,0.0195312476716936,
,,,-0.489291,0.0195312476716936,
,,,-0.489259,-0.0214843724388629,
,,,-0.489227,0.0195312476716936,
,,,-0.489195,0,
,,,-0.489163,0.0195312476716936,
,,,-0.489131,0.0195312476716936,
,,,-0.489099,0,
,,,-0.489067,0.0195312476716936,
,,,-0.489035,0,
,,,-0.489003,0,
,,,-0.488971,0.0195312476716936,
,,,-0.488939,0,
,,,-0.488907,-0.0214843724388629,
,,,-0.488875,0,
,,,-0.488843,0.0195312476716936,
,,,-0.488811,0.0195312476716936,
,,,-0.488779,0.0195312476716936,
,,,-0.488747,0.0195312476716936,
,,,-0.488715,-0.0214843724388629,
,,,-0.488683,0,
,,,-0.488651,0,
,,,-0.488619,0,
,,,-0.488587,0.0195312476716936,
,,,-0.488555,0,
,,,-0.488523,0,
,,,-0.488491,0,
,,,-0.488459,0.0195312476716936,
,,,-0.488427,0,
,,,-0.488395,0,
,,,-0.488363,0.0195312476716936,
,,,-0.488331,0.0195312476716936,
,,,-0.488299,0,
,,,-0.488267,-0.0214843724388629,
,,,-0.488235,0,
,,,-0.488203,0.0195312476716936,
,,,-0.488171,0,
,,,-0.488139,0,
,,,-0.488107,0.0390624953433871,
,,,-0.488075,0,
,,,-0.488043,0,
,,,-0.488011,0,
,,,-0.487979,0.0195312476716936,
,,,-0.487947,-0.0214843724388629,
,,,-0.487915,0.0195312476716936,
,,,-0.487883,0.0195312476716936,
,,,-0.487851,0,
,,,-0.487819,0,
,,,-0.487787,0,
,,,-0.487755,0,
,,,-0.487723,0,
,,,-0.487691,0,
,,,-0.487659,0.0195312476716936,
,,,-0.487627,-0.0214843724388629,
,,,-0.487595,0.0195312476716936,
,,,-0.487563,0,
,,,-0.487531,0.0195312476716936,
,,,-0.487499,0,
,,,-0.487467,0.0195312476716936,
,,,-0.487435,0.0195312476716936,
,,,-0.487403,0,
,,,-0.487371,0.0195312476716936,
,,,-0.487339,0.0195312476716936,
,,,-0.487307,0,
,,,-0.487275,0,
,,,-0.487243,0,
,,,-0.487211,0.0195312476716936,
,,,-0.487179,0,
,,,-0.487147,0,
,,,-0.487115,0.0195312476716936,
,,,-0.487083,0,
,,,-0.487051,0,
,,,-0.487019,0.0195312476716936,
,,,-0.486987,0.0195312476716936,
,,,-0.486955,0.0195312476716936,
,,,-0.486923,0,
,,,-0.486891,0.0195312476716936,
,,,-0.486859,0.0195312476716936,
,,,-0.486827,-0.0214843724388629,
,,,-0.486795,0,
,,,-0.486763,0.0195312476716936,
,,,-0.486731,0,
,,,-0.486699,0,
,,,-0.486667,0,
,,,-0.486635,0,
,,,-0.486603,0.0195312476716936,
,,,-0.486571,0,
,,,-0.486539,0,
,,,-0.486507,0.0195312476716936,
,,,-0.486475,-0.0214843724388629,
,,,-0.486443,0,
,,,-0.486411,0,
,,,-0.486379,0,
,,,-0.486347,-0.0214843724388629,
,,,-0.486315,0.0195312476716936,
,,,-0.486283,0,
,,,-0.486251,0,
,,,-0.486219,0.0195312476716936,
,,,-0.486187,0.0195312476716936,
,,,-0.486155,0.0195312476716936,
,,,-0.486123,0,
,,,-0.486091,0.0195312476716936,
,,,-0.486059,0.0195312476716936,
,,,-0.486027,0,
,,,-0.485995,0,
,,,-0.485963,0.0195312476716936,
,,,-0.485931,0.0195312476716936,
,,,-0.485899,-0.0214843724388629,
,,,-0.485867,0.0195312476716936,
,,,-0.485835,-0.0214843724388629,
,,,-0.485803,0.0195312476716936,
,,,-0.485771,0.0195312476716936,
,,,-0.485739,0,
,,,-0.485707,0.0195312476716936,
,,,-0.485675,0.0195312476716936,
,,,-0.485643,-0.0214843724388629,
,,,-0.485611,-0.0214843724388629,
,,,-0.485579,-0.0214843724388629,
,,,-0.485547,0,
,,,-0.485515,0,
,,,-0.485483,0,
,,,-0.485451,0.0195312476716936,
,,,-0.485419,0,
,,,-0.485387,0.0195312476716936,
,,,-0.485355,0.0195312476716936,
,,,-0.485323,0,
,,,-0.485291,0.0195312476716936,
,,,-0.485259,0.0195312476716936,
,,,-0.485227,0.0195312476716936,
,,,-0.485195,0.0195312476716936,
,,,-0.485163,0.0195312476716936,
,,,-0.485131,0.0195312476716936,
,,,-0.485099,0.0195312476716936,
,,,-0.485067,0,
,,,-0.485035,0.0195312476716936,
,,,-0.485003,0.0195312476716936,
,,,-0.484971,0,
,,,-0.484939,0.0195312476716936,
,,,-0.484907,0.0195312476716936,
,,,-0.484875,0.0195312476716936,
,,,-0.484843,0.0195312476716936,
,,,-0.484811,0,
,,,-0.484779,0,
,,,-0.484747,0.0195312476716936,
,,,-0.484715,0.0195312476716936,
,,,-0.484683,0,
,,,-0.484651,0.0195312476716936,
,,,-0.484619,0.0195312476716936,
,,,-0.484587,0,
,,,-0.484555,0,
,,,-0.484523,0.0195312476716936,
,,,-0.484491,0,
,,,-0.484459,0,
,,,-0.484427,0.0195312476716936,
,,,-0.484395,0,
,,,-0.484363,0.0195312476716936,
,,,-0.484331,0.0195312476716936,
,,,-0.484299,0.0195312476716936,
,,,-0.484267,0,
,,,-0.484235,0.0195312476716936,
,,,-0.484203,0,
,,,-0.484171,0.0390624953433871,
,,,-0.484139,0,
,,,-0.484107,0.0195312476716936,
,,,-0.484075,0,
,,,-0.484043,0,
,,,-0.484011,0.0195312476716936,
,,,-0.483979,0.0195312476716936,
,,,-0.483947,0.0195312476716936,
,,,-0.483915,0,
,,,-0.483883,0.0195312476716936,
,,,-0.483851,0.0195312476716936,
,,,-0.483819,-0.0214843724388629,
,,,-0.483787,0.0195312476716936,
,,,-0.483755,0.0195312476716936,
,,,-0.483723,0.0195312476716936,
,,,-0.483691,0,
,,,-0.483659,0,
,,,-0.483627,-0.0214843724388629,
,,,-0.483595,0.0195312476716936,
,,,-0.483563,-0.0214843724388629,
,,,-0.483531,0,
,,,-0.483499,0.0195312476716936,
,,,-0.483467,0,
,,,-0.483435,0.0195312476716936,
,,,-0.483403,0,
,,,-0.483371,0,
,,,-0.483339,0,
,,,-0.483307,0.0195312476716936,
,,,-0.483275,0.0195312476716936,
,,,-0.483243,0.0195312476716936,
,,,-0.483211,0,
,,,-0.483179,0,
,,,-0.483147,0.0195312476716936,
,,,-0.483115,0,
,,,-0.483083,0,
,,,-0.483051,0.0195312476716936,
,,,-0.483019,-0.0410156201105565,
,,,-0.482987,0,
,,,-0.482955,0.0195312476716936,
,,,-0.482923,0,
,,,-0.482891,0,
,,,-0.482859,0,
,,,-0.482827,0.0195312476716936,
,,,-0.482795,0.0195312476716936,
,,,-0.482763,0.0195312476716936,
,,,-0.482731,0,
,,,-0.482699,-0.0214843724388629,
,,,-0.482667,0.0195312476716936,
,,,-0.482635,0,
,,,-0.482603,0.0195312476716936,
,,,-0.482571,0.0195312476716936,
,,,-0.482539,0.0195312476716936,
,,,-0.482507,0.0195312476716936,
,,,-0.482475,0.0390624953433871,
,,,-0.482443,0,
,,,-0.482411,0,
,,,-0.482379,0.0195312476716936,
,,,-0.482347,0,
,,,-0.482315,-0.0214843724388629,
,,,-0.482283,0.0195312476716936,
,,,-0.482251,0,
,,,-0.482219,0.0195312476716936,
,,,-0.482187,0,
,,,-0.482155,0.0195312476716936,
,,,-0.482123,0,
,,,-0.482091,0.0195312476716936,
,,,-0.482059,0,
,,,-0.482027,0.0390624953433871,
,,,-0.481995,0.0195312476716936,
,,,-0.481963,0.0195312476716936,
,,,-0.481931,0,
,,,-0.481899,0,
,,,-0.481867,0,
,,,-0.481835,0.0195312476716936,
,,,-0.481803,0,
,,,-0.481771,0.0195312476716936,
,,,-0.481739,-0.0214843724388629,
,,,-0.481707,0.0195312476716936,
,,,-0.481675,0.0195312476716936,
,,,-0.481643,0,
,,,-0.481611,0.0195312476716936,
,,,-0.481579,0.0195312476716936,
,,,-0.481547,0.0195312476716936,
,,,-0.481515,0.0390624953433871,
,,,-0.481483,-0.0214843724388629,
,,,-0.481451,0,
,,,-0.481419,0,
,,,-0.481387,0.0195312476716936,
,,,-0.481355,0,
,,,-0.481323,-0.0214843724388629,
,,,-0.481291,0,
,,,-0.481259,0.0195312476716936,
,,,-0.481227,0,
,,,-0.481195,-0.0214843724388629,
,,,-0.481163,0,
,,,-0.481131,0.0195312476716936,
,,,-0.481099,0.0195312476716936,
,,,-0.481067,0,
,,,-0.481035,0,
,,,-0.481003,0,
,,,-0.480971,0.0195312476716936,
,,,-0.480939,0.0195312476716936,
,,,-0.480907,0,
,,,-0.480875,0.0390624953433871,
,,,-0.480843,0.0195312476716936,
,,,-0.480811,0.0195312476716936,
,,,-0.480779,0,
,,,-0.480747,0.0195312476716936,
,,,-0.480715,0.0195312476716936,
,,,-0.480683,0.0195312476716936,
,,,-0.480651,0,
,,,-0.480619,0.0195312476716936,
,,,-0.480587,0,
,,,-0.480555,0,
,,,-0.480523,0,
,,,-0.480491,0.0195312476716936,
,,,-0.480459,0.0195312476716936,
,,,-0.480427,0.0195312476716936,
,,,-0.480395,0.0195312476716936,
,,,-0.480363,0.0195312476716936,
,,,-0.480331,0,
,,,-0.480299,0.0195312476716936,
,,,-0.480267,0,
,,,-0.480235,0.0195312476716936,
,,,-0.480203,0.0195312476716936,
,,,-0.480171,0,
,,,-0.480139,0.0195312476716936,
,,,-0.480107,0.0195312476716936,
,,,-0.480075,0.0195312476716936,
,,,-0.480043,0.0195312476716936,
,,,-0.480011,0,
,,,-0.479979,0,
,,,-0.479947,0.0195312476716936,
,,,-0.479915,0.0195312476716936,
,,,-0.479883,0.0195312476716936,
,,,-0.479851,0.0195312476716936,
,,,-0.479819,0.0195312476716936,
,,,-0.479787,0,
,,,-0.479755,0.0195312476716936,
,,,-0.479723,-0.0214843724388629,
,,,-0.479691,0,
,,,-0.479659,0.0195312476716936,
,,,-0.479627,-0.0214843724388629,
,,,-0.479595,0.0195312476716936,
,,,-0.479563,0,
,,,-0.479531,0.0195312476716936,
,,,-0.479499,0.0195312476716936,
,,,-0.479467,0.0195312476716936,
,,,-0.479435,0,
,,,-0.479403,0.0195312476716936,
,,,-0.479371,0,
,,,-0.479339,0,
,,,-0.479307,-0.0214843724388629,
,,,-0.479275,-0.0214843724388629,
,,,-0.479243,0,
,,,-0.479211,0.0195312476716936,
,,,-0.479179,0.0195312476716936,
,,,-0.479147,0,
,,,-0.479115,0.0195312476716936,
,,,-0.479083,-0.0214843724388629,
,,,-0.479051,0.0195312476716936,
,,,-0.479019,0,
,,,-0.478987,0,
,,,-0.478955,0,
,,,-0.478923,0,
,,,-0.478891,0.0195312476716936,
,,,-0.478859,0.0195312476716936,
,,,-0.478827,0,
,,,-0.478795,-0.0214843724388629,
,,,-0.478763,0,
,,,-0.478731,0,
,,,-0.478699,0,
,,,-0.478667,-0.0214843724388629,
,,,-0.478635,0,
,,,-0.478603,0.0195312476716936,
,,,-0.478571,0.0390624953433871,
,,,-0.478539,0,
,,,-0.478507,0,
,,,-0.478475,0.0195312476716936,
,,,-0.478443,0,
,,,-0.478411,0.0195312476716936,
,,,-0.478379,-0.0214843724388629,
,,,-0.478347,0.0390624953433871,
,,,-0.478315,0,
,,,-0.478283,0,
,,,-0.478251,0,
,,,-0.478219,0,
,,,-0.478187,0,
,,,-0.478155,0,
,,,-0.478123,0.0195312476716936,
,,,-0.478091,-0.0214843724388629,
,,,-0.478059,0.0195312476716936,
,,,-0.478027,-0.0214843724388629,
,,,-0.477995,-0.0214843724388629,
,,,-0.477963,-0.0214843724388629,
,,,-0.477931,0,
,,,-0.477899,-0.0214843724388629,
,,,-0.477867,0,
,,,-0.477835,0.0390624953433871,
,,,-0.477803,0,
,,,-0.477771,0,
,,,-0.477739,0.0195312476716936,
,,,-0.477707,0,
,,,-0.477675,0,
,,,-0.477643,-0.0214843724388629,
,,,-0.477611,0,
,,,-0.477579,0,
,,,-0.477547,0.0195312476716936,
,,,-0.477515,0.0195312476716936,
,,,-0.477483,0.0195312476716936,
,,,-0.477451,0,
,,,-0.477419,0,
,,,-0.477387,0,
,,,-0.477355,0.0195312476716936,
,,,-0.477323,0,
,,,-0.477291,0,
,,,-0.477259,0,
,,,-0.477227,0,
,,,-0.477195,0,
,,,-0.477163,0,
,,,-0.477131,0.0390624953433871,
,,,-0.477099,0,
,,,-0.477067,0,
,,,-0.477035,-0.0214843724388629,
,,,-0.477003,0,
,,,-0.476971,0,
,,,-0.476939,0,
,,,-0.476907,0,
,,,-0.476875,0,
,,,-0.476843,0,
,,,-0.476811,0,
,,,-0.476779,0,
,,,-0.476747,0,
,,,-0.476715,0,
,,,-0.476683,-0.0214843724388629,
,,,-0.476651,0.0195312476716936,
,,,-0.476619,0,
,,,-0.476587,0,
,,,-0.476555,0.0195312476716936,
,,,-0.476523,0,
,,,-0.476491,0,
,,,-0.476459,0.0195312476716936,
,,,-0.476427,-0.0214843724388629,
,,,-0.476395,0,
,,,-0.476363,0,
,,,-0.476331,0.0195312476716936,
,,,-0.476299,0,
,,,-0.476267,0,
,,,-0.476235,0.0195312476716936,
,,,-0.476203,0.0195312476716936,
,,,-0.476171,0,
,,,-0.476139,-0.0214843724388629,
,,,-0.476107,0,
,,,-0.476075,0,
,,,-0.476043,0,
,,,-0.476011,0.0195312476716936,
,,,-0.475979,0.0195312476716936,
,,,-0.475947,0.0195312476716936,
,,,-0.475915,0.0195312476716936,
,,,-0.475883,0.0195312476716936,
,,,-0.475851,0,
,,,-0.475819,0.0195312476716936,
,,,-0.475787,0.0195312476716936,
,,,-0.475755,0.0195312476716936,
,,,-0.475723,0.0195312476716936,
,,,-0.475691,0.0195312476716936,
,,,-0.475659,0,
,,,-0.475627,0.0195312476716936,
,,,-0.475595,0.0195312476716936,
,,,-0.475563,0,
,,,-0.475531,-0.0214843724388629,
,,,-0.475499,0.0195312476716936,
,,,-0.475467,0.0195312476716936,
,,,-0.475435,-0.0214843724388629,
,,,-0.475403,0.0195312476716936,
,,,-0.475371,0.0195312476716936,
,,,-0.475339,0.0195312476716936,
,,,-0.475307,0,
,,,-0.475275,0.0195312476716936,
,,,-0.475243,0,
,,,-0.475211,0,
,,,-0.475179,0,
,,,-0.475147,0,
,,,-0.475115,0.0195312476716936,
,,,-0.475083,0.0195312476716936,
,,,-0.475051,-0.0214843724388629,
,,,-0.475019,0.0195312476716936,
,,,-0.474987,0.0195312476716936,
,,,-0.474955,0.0195312476716936,
,,,-0.474923,0.0195312476716936,
,,,-0.474891,0.0195312476716936,
,,,-0.474859,0,
,,,-0.474827,0.0195312476716936,
,,,-0.474795,0,
,,,-0.474763,0.0195312476716936,
,,,-0.474731,0,
,,,-0.474699,0.0195312476716936,
,,,-0.474667,0.0195312476716936,
,,,-0.474635,0.0195312476716936,
,,,-0.474603,0,
,,,-0.474571,0,
,,,-0.474539,0,
,,,-0.474507,0,
,,,-0.474475,0.0195312476716936,
,,,-0.474443,0,
,,,-0.474411,-0.0214843724388629,
,,,-0.474379,0,
,,,-0.474347,0.0195312476716936,
,,,-0.474315,0.0195312476716936,
,,,-0.474283,0.0195312476716936,
,,,-0.474251,0.0195312476716936,
,,,-0.474219,0.0195312476716936,
,,,-0.474187,0.0195312476716936,
,,,-0.474155,0.0195312476716936,
,,,-0.474123,0.0195312476716936,
,,,-0.474091,0.0195312476716936,
,,,-0.474059,0.0195312476716936,
,,,-0.474027,0.0390624953433871,
,,,-0.473995,0.0195312476716936,
,,,-0.473963,0.0195312476716936,
,,,-0.473931,-0.0214843724388629,
,,,-0.473899,0.0195312476716936,
,,,-0.473867,0,
,,,-0.473835,0,
,,,-0.473803,0,
,,,-0.473771,0,
,,,-0.473739,0.0195312476716936,
,,,-0.473707,0,
,,,-0.473675,0.0195312476716936,
,,,-0.473643,0,
,,,-0.473611,-0.0410156201105565,
,,,-0.473579,0,
,,,-0.473547,0.0195312476716936,
,,,-0.473515,0,
,,,-0.473483,0.0195312476716936,
,,,-0.473451,0,
,,,-0.473419,0,
,,,-0.473387,0.0195312476716936,
,,,-0.473355,0,
,,,-0.473323,0,
,,,-0.473291,0.0195312476716936,
,,,-0.473259,0,
,,,-0.473227,0,
,,,-0.473195,0.0195312476716936,
,,,-0.473163,0.0195312476716936,
,,,-0.473131,0.0390624953433871,
,,,-0.473099,0,
,,,-0.473067,-0.0214843724388629,
,,,-0.473035,0,
,,,-0.473003,0,
,,,-0.472971,-0.0214843724388629,
,,,-0.472939,0,
,,,-0.472907,0,
,,,-0.472875,0,
,,,-0.472843,-0.0214843724388629,
,,,-0.472811,0.0195312476716936,
,,,-0.472779,0.0390624953433871,
,,,-0.472747,0.0195312476716936,
,,,-0.472715,0,
,,,-0.472683,-0.0214843724388629,
,,,-0.472651,0.0195312476716936,
,,,-0.472619,0.0195312476716936,
,,,-0.472587,-0.0214843724388629,
,,,-0.472555,0.0195312476716936,
,,,-0.472523,0.0195312476716936,
,,,-0.472491,0,
,,,-0.472459,0.0195312476716936,
,,,-0.472427,0,
,,,-0.472395,0.0195312476716936,
,,,-0.472363,0,
,,,-0.472331,0,
,,,-0.472299,0,
,,,-0.472267,0.0195312476716936,
,,,-0.472235,0.0195312476716936,
,,,-0.472203,0,
,,,-0.472171,0.0195312476716936,
,,,-0.472139,0,
,,,-0.472107,0,
,,,-0.472075,0.0195312476716936,
,,,-0.472043,0,
,,,-0.472011,0,
,,,-0.471979,0,
,,,-0.471947,0.0195312476716936,
,,,-0.471915,0,
,,,-0.471883,0,
,,,-0.471851,0,
,,,-0.471819,0.0390624953433871,
,,,-0.471787,0,
,,,-0.471755,-0.0214843724388629,
,,,-0.471723,0.0195312476716936,
,,,-0.471691,0,
,,,-0.471659,0,
,,,-0.471627,0,
,,,-0.471595,0,
,,,-0.471563,0,
,,,-0.471531,0.0390624953433871,
,,,-0.471499,0.0195312476716936,
,,,-0.471467,0,
,,,-0.471435,0,
,,,-0.471403,0,
,,,-0.471371,0,
,,,-0.471339,0,
,,,-0.471307,0,
,,,-0.471275,-0.0214843724388629,
,,,-0.471243,0.0195312476716936,
,,,-0.471211,0,
,,,-0.471179,-0.0410156201105565,
,,,-0.471147,-0.0214843724388629,
,,,-0.471115,0,
,,,-0.471083,0,
,,,-0.471051,0.0195312476716936,
,,,-0.471019,0,
,,,-0.470987,0,
,,,-0.470955,0,
,,,-0.470923,0.0390624953433871,
,,,-0.470891,0,
,,,-0.470859,-0.0214843724388629,
,,,-0.470827,0.0195312476716936,
,,,-0.470795,0.0195312476716936,
,,,-0.470763,0.0195312476716936,
,,,-0.470731,0,
,,,-0.470699,0,
,,,-0.470667,0,
,,,-0.470635,0,
,,,-0.470603,0,
,,,-0.470571,-0.0214843724388629,
,,,-0.470539,0,
,,,-0.470507,0.0195312476716936,
,,,-0.470475,0.0195312476716936,
,,,-0.470443,-0.0214843724388629,
,,,-0.470411,0.0195312476716936,
,,,-0.470379,0,
,,,-0.470347,0,
,,,-0.470315,-0.0214843724388629,
,,,-0.470283,0,
,,,-0.470251,0.0195312476716936,
,,,-0.470219,0,
,,,-0.470187,0.0195312476716936,
,,,-0.470155,0,
,,,-0.470123,0,
,,,-0.470091,0,
,,,-0.470059,0.0195312476716936,
,,,-0.470027,-0.0214843724388629,
,,,-0.469995,0.0195312476716936,
,,,-0.469963,-0.0214843724388629,
,,,-0.469931,0,
,,,-0.469899,0,
,,,-0.469867,0.0195312476716936,
,,,-0.469835,0.0195312476716936,
,,,-0.469803,0.0195312476716936,
,,,-0.469771,0.0195312476716936,
,,,-0.469739,0.0195312476716936,
,,,-0.469707,0,
,,,-0.469675,0,
,,,-0.469643,0.0195312476716936,
,,,-0.469611,0.0195312476716936,
,,,-0.469579,0,
,,,-0.469547,0,
,,,-0.469515,-0.0214843724388629,
,,,-0.469483,0.0195312476716936,
,,,-0.469451,0.0195312476716936,
,,,-0.469419,0,
,,,-0.469387,0,
,,,-0.469355,0,
,,,-0.469323,0.0195312476716936,
,,,-0.469291,0.0195312476716936,
,,,-0.469259,0.0195312476716936,
,,,-0.469227,0.0195312476716936,
,,,-0.469195,0.0195312476716936,
,,,-0.469163,0,
,,,-0.469131,0,
,,,-0.469099,0.0195312476716936,
,,,-0.469067,0,
,,,-0.469035,0.0195312476716936,
,,,-0.469003,0.0390624953433871,
,,,-0.468971,0.0195312476716936,
,,,-0.468939,0,
,,,-0.468907,0.0195312476716936,
,,,-0.468875,0,
,,,-0.468843,0.0195312476716936,
,,,-0.468811,0.0195312476716936,
,,,-0.468779,0,
,,,-0.468747,0.0195312476716936,
,,,-0.468715,0.0195312476716936,
,,,-0.468683,0.0195312476716936,
,,,-0.468651,0.0195312476716936,
,,,-0.468619,0.0195312476716936,
,,,-0.468587,0,
,,,-0.468555,0,
,,,-0.468523,0.0195312476716936,
,,,-0.468491,0.0195312476716936,
,,,-0.468459,0.0195312476716936,
,,,-0.468427,0.0195312476716936,
,,,-0.468395,0.0195312476716936,
,,,-0.468363,0.0195312476716936,
,,,-0.468331,0,
,,,-0.468299,0,
,,,-0.468267,-0.0214843724388629,
,,,-0.468235,0.0195312476716936,
,,,-0.468203,0,
,,,-0.468171,0.0195312476716936,
,,,-0.468139,0,
,,,-0.468107,0,
,,,-0.468075,0,
,,,-0.468043,0.0195312476716936,
,,,-0.468011,0.0195312476716936,
,,,-0.467979,0.0195312476716936,
,,,-0.467947,0,
,,,-0.467915,0,
,,,-0.467883,0,
,,,-0.467851,0.0195312476716936,
,,,-0.467819,0,
,,,-0.467787,0.0195312476716936,
,,,-0.467755,-0.0214843724388629,
,,,-0.467723,0,
,,,-0.467691,0.0195312476716936,
,,,-0.467659,0,
,,,-0.467627,0,
,,,-0.467595,0.0195312476716936,
,,,-0.467563,0,
,,,-0.467531,0.0195312476716936,
,,,-0.467499,0.0195312476716936,
,,,-0.467467,0.0195312476716936,
,,,-0.467435,0.0195312476716936,
,,,-0.467403,0,
,,,-0.467371,0,
,,,-0.467339,0,
,,,-0.467307,0.0195312476716936,
,,,-0.467275,0,
,,,-0.467243,0,
,,,-0.467211,0,
,,,-0.467179,0.0195312476716936,
,,,-0.467147,0,
,,,-0.467115,0,
,,,-0.467083,0.0195312476716936,
,,,-0.467051,0,
,,,-0.467019,0.0195312476716936,
,,,-0.466987,0.0195312476716936,
,,,-0.466955,0,
,,,-0.466923,0.0195312476716936,
,,,-0.466891,0,
,,,-0.466859,0.0195312476716936,
,,,-0.466827,0,
,,,-0.466795,0,
,,,-0.466763,0.0195312476716936,
,,,-0.466731,0,
,,,-0.466699,0,
,,,-0.466667,0,
,,,-0.466635,0.0195312476716936,
,,,-0.466603,0.0195312476716936,
,,,-0.466571,0,
,,,-0.466539,0.0195312476716936,
,,,-0.466507,0,
,,,-0.466475,0.0390624953433871,
,,,-0.466443,0.0195312476716936,
,,,-0.466411,0,
,,,-0.466379,0.0195312476716936,
,,,-0.466347,0,
,,,-0.466315,0.0195312476716936,
,,,-0.466283,0,
,,,-0.466251,0.0195312476716936,
,,,-0.466219,0.0195312476716936,
,,,-0.466187,0.0195312476716936,
,,,-0.466155,0.0195312476716936,
,,,-0.466123,0,
,,,-0.466091,0.0390624953433871,
,,,-0.466059,0.0195312476716936,
,,,-0.466027,0,
,,,-0.465995,0,
,,,-0.465963,-0.0410156201105565,
,,,-0.465931,0,
,,,-0.465899,0,
,,,-0.465867,0.0195312476716936,
,,,-0.465835,-0.0214843724388629,
,,,-0.465803,0.0195312476716936,
,,,-0.465771,0,
,,,-0.465739,0.0195312476716936,
,,,-0.465707,-0.0214843724388629,
,,,-0.465675,0,
,,,-0.465643,-0.0214843724388629,
,,,-0.465611,0.0195312476716936,
,,,-0.465579,0,
,,,-0.465547,-0.0214843724388629,
,,,-0.465515,0.0195312476716936,
,,,-0.465483,0,
,,,-0.465451,0.0195312476716936,
,,,-0.465419,0.0195312476716936,
,,,-0.465387,0.0195312476716936,
,,,-0.465355,0,
,,,-0.465323,0.0195312476716936,
,,,-0.465291,0,
,,,-0.465259,-0.0214843724388629,
,,,-0.465227,0,
,,,-0.465195,0,
,,,-0.465163,0.0195312476716936,
,,,-0.465131,0,
,,,-0.465099,0.0195312476716936,
,,,-0.465067,0,
,,,-0.465035,0.0195312476716936,
,,,-0.465003,0,
,,,-0.464971,0.0195312476716936,
,,,-0.464939,0.0195312476716936,
,,,-0.464907,-0.0410156201105565,
,,,-0.464875,-0.0214843724388629,
,,,-0.464843,0,
,,,-0.464811,0.0390624953433871,
,,,-0.464779,0.0195312476716936,
,,,-0.464747,0.0195312476716936,
,,,-0.464715,0,
,,,-0.464683,0.0195312476716936,
,,,-0.464651,0,
,,,-0.464619,0,
,,,-0.464587,0.0390624953433871,
,,,-0.464555,0.0390624953433871,
,,,-0.464523,0,
,,,-0.464491,0.0195312476716936,
,,,-0.464459,0,
,,,-0.464427,0.0195312476716936,
,,,-0.464395,0.0195312476716936,
,,,-0.464363,0,
,,,-0.464331,0.0195312476716936,
,,,-0.464299,0.0195312476716936,
,,,-0.464267,0.0195312476716936,
,,,-0.464235,0.0195312476716936,
,,,-0.464203,0,
,,,-0.464171,0,
,,,-0.464139,0.0195312476716936,
,,,-0.464107,0.0195312476716936,
,,,-0.464075,0.0195312476716936,
,,,-0.464043,0,
,,,-0.464011,0,
,,,-0.463979,0.0390624953433871,
,,,-0.463947,0.0195312476716936,
,,,-0.463915,-0.0214843724388629,
,,,-0.463883,-0.0214843724388629,
,,,-0.463851,0.0195312476716936,
,,,-0.463819,0.0195312476716936,
,,,-0.463787,0,
,,,-0.463755,0.0195312476716936,
,,,-0.463723,0,
,,,-0.463691,0,
,,,-0.463659,0.0195312476716936,
,,,-0.463627,0.0195312476716936,
,,,-0.463595,0,
,,,-0.463563,0,
,,,-0.463531,0.0195312476716936,
,,,-0.463499,0.0195312476716936,
,,,-0.463467,0,
,,,-0.463435,0.0195312476716936,
,,,-0.463403,0.0195312476716936,
,,,-0.463371,0.0195312476716936,
,,,-0.463339,0,
,,,-0.463307,0,
,,,-0.463275,0.0195312476716936,
,,,-0.463243,0,
,,,-0.463211,0,
,,,-0.463179,0.0195312476716936,
,,,-0.463147,-0.0214843724388629,
,,,-0.463115,0,
,,,-0.463083,0.0195312476716936,
,,,-0.463051,0,
,,,-0.463019,0.0195312476716936,
,,,-0.462987,0.0195312476716936,
,,,-0.462955,0,
,,,-0.462923,0.0390624953433871,
,,,-0.462891,-0.0214843724388629,
,,,-0.462859,0.0195312476716936,
,,,-0.462827,0,
,,,-0.462795,0,
,,,-0.462763,0,
,,,-0.462731,0.0195312476716936,
,,,-0.462699,0.0195312476716936,
,,,-0.462667,0.0195312476716936,
,,,-0.462635,0.0195312476716936,
,,,-0.462603,0,
,,,-0.462571,0.0195312476716936,
,,,-0.462539,0.0195312476716936,
,,,-0.462507,0.0195312476716936,
,,,-0.462475,-0.0214843724388629,
,,,-0.462443,0.0195312476716936,
,,,-0.462411,-0.0214843724388629,
,,,-0.462379,0.0195312476716936,
,,,-0.462347,0,
,,,-0.462315,0.0195312476716936,
,,,-0.462283,0,
,,,-0.462251,0.0195312476716936,
,,,-0.462219,-0.0214843724388629,
,,,-0.462187,0,
,,,-0.462155,0,
,,,-0.462123,0,
,,,-0.462091,-0.0214843724388629,
,,,-0.462059,0.0390624953433871,
,,,-0.462027,-0.0214843724388629,
,,,-0.461995,0.0195312476716936,
,,,-0.461963,-0.0214843724388629,
,,,-0.461931,-0.0214843724388629,
,,,-0.461899,0.0195312476716936,
,,,-0.461867,0,
,,,-0.461835,0.0195312476716936,
,,,-0.461803,0,
,,,-0.461771,0.0195312476716936,
,,,-0.461739,0,
,,,-0.461707,0.0195312476716936,
,,,-0.461675,-0.0214843724388629,
,,,-0.461643,0.0195312476716936,
,,,-0.461611,0,
,,,-0.461579,0.0390624953433871,
,,,-0.461547,0.0195312476716936,
,,,-0.461515,0.0195312476716936,
,,,-0.461483,0,
,,,-0.461451,0,
,,,-0.461419,-0.0214843724388629,
,,,-0.461387,0.0195312476716936,
,,,-0.461355,0.0195312476716936,
,,,-0.461323,0,
,,,-0.461291,0.0195312476716936,
,,,-0.461259,0.0195312476716936,
,,,-0.461227,0,
,,,-0.461195,0,
,,,-0.461163,0,
,,,-0.461131,0,
,,,-0.461099,0,
,,,-0.461067,0,
,,,-0.461035,0,
,,,-0.461003,0.0195312476716936,
,,,-0.460971,0.0195312476716936,
,,,-0.460939,0,
,,,-0.460907,0,
,,,-0.460875,-0.0214843724388629,
,,,-0.460843,0.0195312476716936,
,,,-0.460811,0,
,,,-0.460779,0,
,,,-0.460747,0,
,,,-0.460715,0,
,,,-0.460683,0.0195312476716936,
,,,-0.460651,0.0195312476716936,
,,,-0.460619,0,
,,,-0.460587,0,
,,,-0.460555,0,
,,,-0.460523,0,
,,,-0.460491,0.0195312476716936,
,,,-0.460459,0,
,,,-0.460427,0,
,,,-0.460395,0,
,,,-0.460363,-0.0214843724388629,
,,,-0.460331,0,
,,,-0.460299,0,
,,,-0.460267,0,
,,,-0.460235,0,
,,,-0.460203,0,
,,,-0.460171,0.0195312476716936,
,,,-0.460139,0,
,,,-0.460107,0,
,,,-0.460075,0,
,,,-0.460043,0,
,,,-0.460011,0,
,,,-0.459979,0,
,,,-0.459947,0,
,,,-0.459915,0.0195312476716936,
,,,-0.459883,0,
,,,-0.459851,0,
,,,-0.459819,0.0195312476716936,
,,,-0.459787,0,
,,,-0.459755,0,
,,,-0.459723,0,
,,,-0.459691,0,
,,,-0.459659,0.0195312476716936,
,,,-0.459627,0,
,,,-0.459595,0.0195312476716936,
,,,-0.459563,0.0195312476716936,
,,,-0.459531,0,
,,,-0.459499,0,
,,,-0.459467,0,
,,,-0.459435,0,
,,,-0.459403,0.0195312476716936,
,,,-0.459371,0,
,,,-0.459339,0,
,,,-0.459307,0,
,,,-0.459275,0.0195312476716936,
,,,-0.459243,0.0195312476716936,
,,,-0.459211,0.0195312476716936,
,,,-0.459179,0.0195312476716936,
,,,-0.459147,0,
,,,-0.459115,0,
,,,-0.459083,0,
,,,-0.459051,0.0195312476716936,
,,,-0.459019,0,
,,,-0.458987,0.0195312476716936,
,,,-0.458955,-0.0214843724388629,
,,,-0.458923,0,
,,,-0.458891,0,
,,,-0.458859,0,
,,,-0.458827,0,
,,,-0.458795,0,
,,,-0.458763,0,
,,,-0.458731,0,
,,,-0.458699,0.0195312476716936,
,,,-0.458667,0.0195312476716936,
,,,-0.458635,0.0195312476716936,
,,,-0.458603,0.0195312476716936,
,,,-0.458571,0.0195312476716936,
,,,-0.458539,0,
,,,-0.458507,0,
,,,-0.458475,0.0195312476716936,
,,,-0.458443,0,
,,,-0.458411,0.0195312476716936,
,,,-0.458379,0,
,,,-0.458347,0.0195312476716936,
,,,-0.458315,0.0195312476716936,
,,,-0.458283,0.0195312476716936,
,,,-0.458251,0,
,,,-0.458219,-0.0214843724388629,
,,,-0.458187,0.0195312476716936,
,,,-0.458155,0.0195312476716936,
,,,-0.458123,0,
,,,-0.458091,0,
,,,-0.458059,0,
,,,-0.458027,0.0195312476716936,
,,,-0.457995,-0.0214843724388629,
,,,-0.457963,0,
,,,-0.457931,0,
,,,-0.457899,-0.0214843724388629,
,,,-0.457867,0.0195312476716936,
,,,-0.457835,0,
,,,-0.457803,0,
,,,-0.457771,0,
,,,-0.457739,0.0390624953433871,
,,,-0.457707,0,
,,,-0.457675,0,
,,,-0.457643,0.0195312476716936,
,,,-0.457611,0.0195312476716936,
,,,-0.457579,0.0195312476716936,
,,,-0.457547,0,
,,,-0.457515,0.0390624953433871,
,,,-0.457483,0.0195312476716936,
,,,-0.457451,0.0195312476716936,
,,,-0.457419,-0.0214843724388629,
,,,-0.457387,0.0195312476716936,
,,,-0.457355,0,
,,,-0.457323,0.0195312476716936,
,,,-0.457291,0.0195312476716936,
,,,-0.457259,0.0195312476716936,
,,,-0.457227,0,
,,,-0.457195,0.0195312476716936,
,,,-0.457163,0,
,,,-0.457131,0,
,,,-0.457099,0.0195312476716936,
,,,-0.457067,0.0195312476716936,
,,,-0.457035,0,
,,,-0.457003,0,
,,,-0.456971,0,
,,,-0.456939,0,
,,,-0.456907,0,
,,,-0.456875,0,
,,,-0.456843,0,
,,,-0.456811,0,
,,,-0.456779,0.0195312476716936,
,,,-0.456747,0,
,,,-0.456715,0.0195312476716936,
,,,-0.456683,0.0195312476716936,
,,,-0.456651,0,
,,,-0.456619,0,
,,,-0.456587,0,
,,,-0.456555,0.0195312476716936,
,,,-0.456523,0,
,,,-0.456491,0,
,,,-0.456459,0,
,,,-0.456427,0.0195312476716936,
,,,-0.456395,0.0195312476716936,
,,,-0.456363,0.0195312476716936,
,,,-0.456331,0,
,,,-0.456299,0.0195312476716936,
,,,-0.456267,0.0195312476716936,
,,,-0.456235,0,
,,,-0.456203,-0.0214843724388629,
,,,-0.456171,0.0195312476716936,
,,,-0.456139,0,
,,,-0.456107,0,
,,,-0.456075,-0.0800781154539436,
,,,-0.456043,0,
,,,-0.456011,0.0195312476716936,
,,,-0.455979,0,
,,,-0.455947,0.0195312476716936,
,,,-0.455915,0,
,,,-0.455883,0.0195312476716936,
,,,-0.455851,0,
,,,-0.455819,0,
,,,-0.455787,0,
,,,-0.455755,-0.0214843724388629,
,,,-0.455723,-0.0214843724388629,
,,,-0.455691,0.0195312476716936,
,,,-0.455659,0,
,,,-0.455627,0,
,,,-0.455595,0,
,,,-0.455563,0,
,,,-0.455531,0,
,,,-0.455499,0.0195312476716936,
,,,-0.455467,0.0195312476716936,
,,,-0.455435,0,
,,,-0.455403,0,
,,,-0.455371,0,
,,,-0.455339,0.0195312476716936,
,,,-0.455307,0,
,,,-0.455275,0,
,,,-0.455243,0,
,,,-0.455211,0,
,,,-0.455179,0,
,,,-0.455147,0,
,,,-0.455115,0,
,,,-0.455083,0,
,,,-0.455051,0.0195312476716936,
,,,-0.455019,0,
,,,-0.454987,-0.0410156201105565,
,,,-0.454955,0,
,,,-0.454923,0,
,,,-0.454891,0,
,,,-0.454859,0,
,,,-0.454827,0.0195312476716936,
,,,-0.454795,0,
,,,-0.454763,0,
,,,-0.454731,0,
,,,-0.454699,0.0195312476716936,
,,,-0.454667,0.0195312476716936,
,,,-0.454635,0.0195312476716936,
,,,-0.454603,0,
,,,-0.454571,0.0195312476716936,
,,,-0.454539,0,
,,,-0.454507,0,
,,,-0.454475,0,
,,,-0.454443,0,
,,,-0.454411,0,
,,,-0.454379,0,
,,,-0.454347,-0.0214843724388629,
,,,-0.454315,-0.0214843724388629,
,,,-0.454283,0,
,,,-0.454251,0,
,,,-0.454219,0.0195312476716936,
,,,-0.454187,0,
,,,-0.454155,0,
,,,-0.454123,-0.0214843724388629,
,,,-0.454091,0,
,,,-0.454059,0,
,,,-0.454027,0.0195312476716936,
,,,-0.453995,0.0195312476716936,
,,,-0.453963,-0.0214843724388629,
,,,-0.453931,0,
,,,-0.453899,0.0195312476716936,
,,,-0.453867,-0.0214843724388629,
,,,-0.453835,0,
,,,-0.453803,0.0195312476716936,
,,,-0.453771,0,
,,,-0.453739,0,
,,,-0.453707,0,
,,,-0.453675,0.0195312476716936,
,,,-0.453643,0.0195312476716936,
,,,-0.453611,0,
,,,-0.453579,0.0195312476716936,
,,,-0.453547,0,
,,,-0.453515,0.0195312476716936,
,,,-0.453483,0.0195312476716936,
,,,-0.453451,0,
,,,-0.453419,0.0195312476716936,
,,,-0.453387,0,
,,,-0.453355,-0.0214843724388629,
,,,-0.453323,0.0195312476716936,
,,,-0.453291,0,
,,,-0.453259,0.0195312476716936,
,,,-0.453227,0.0195312476716936,
,,,-0.453195,-0.0214843724388629,
,,,-0.453163,0,
,,,-0.453131,0.0195312476716936,
,,,-0.453099,-0.0214843724388629,
,,,-0.453067,0.0195312476716936,
,,,-0.453035,0,
,,,-0.453003,0.0195312476716936,
,,,-0.452971,0.0195312476716936,
,,,-0.452939,0.0195312476716936,
,,,-0.452907,0,
,,,-0.452875,0,
,,,-0.452843,0.0195312476716936,
,,,-0.452811,0.0195312476716936,
,,,-0.452779,0.0195312476716936,
,,,-0.452747,0.0195312476716936,
,,,-0.452715,0,
,,,-0.452683,0,
,,,-0.452651,0,
,,,-0.452619,0.0195312476716936,
,,,-0.452587,0.0195312476716936,
,,,-0.452555,0.0390624953433871,
,,,-0.452523,0.0195312476716936,
,,,-0.452491,0.0195312476716936,
,,,-0.452459,0.0195312476716936,
,,,-0.452427,0.0195312476716936,
,,,-0.452395,0,
,,,-0.452363,0,
,,,-0.452331,0.0195312476716936,
,,,-0.452299,0.0195312476716936,
,,,-0.452267,-0.0214843724388629,
,,,-0.452235,-0.0214843724388629,
,,,-0.452203,0,
,,,-0.452171,0,
,,,-0.452139,0,
,,,-0.452107,0,
,,,-0.452075,0.0195312476716936,
,,,-0.452043,0,
,,,-0.452011,0,
,,,-0.451979,-0.0214843724388629,
,,,-0.451947,0,
,,,-0.451915,0.0195312476716936,
,,,-0.451883,0,
,,,-0.451851,0.0195312476716936,
,,,-0.451819,0.0195312476716936,
,,,-0.451787,0.0195312476716936,
,,,-0.451755,0,
,,,-0.451723,0.0195312476716936,
,,,-0.451691,0,
,,,-0.451659,0,
,,,-0.451627,0,
,,,-0.451595,0,
,,,-0.451563,0,
,,,-0.451531,0,
,,,-0.451499,0,
,,,-0.451467,0.0195312476716936,
,,,-0.451435,0.0195312476716936,
,,,-0.451403,-0.0214843724388629,
,,,-0.451371,0,
,,,-0.451339,0,
,,,-0.451307,0.0195312476716936,
,,,-0.451275,-0.0214843724388629,
,,,-0.451243,0,
,,,-0.451211,0.0195312476716936,
,,,-0.451179,0,
,,,-0.451147,0,
,,,-0.451115,-0.0214843724388629,
,,,-0.451083,0.0195312476716936,
,,,-0.451051,0,
,,,-0.451019,0,
,,,-0.450987,0,
,,,-0.450955,0,
,,,-0.450923,-0.0214843724388629,
,,,-0.450891,0,
,,,-0.450859,0.0195312476716936,
,,,-0.450827,0,
,,,-0.450795,0,
,,,-0.450763,0,
,,,-0.450731,0.0195312476716936,
,,,-0.450699,0,
,,,-0.450667,0.0195312476716936,
,,,-0.450635,0,
,,,-0.450603,0,
,,,-0.450571,0,
,,,-0.450539,0,
,,,-0.450507,0,
,,,-0.450475,0.0195312476716936,
,,,-0.450443,0,
,,,-0.450411,0.0195312476716936,
,,,-0.450379,0.0195312476716936,
,,,-0.450347,0.0195312476716936,
,,,-0.450315,0,
,,,-0.450283,0,
,,,-0.450251,0,
,,,-0.450219,0,
,,,-0.450187,0,
,,,-0.450155,0.0195312476716936,
,,,-0.450123,0.0195312476716936,
,,,-0.450091,0,
,,,-0.450059,0,
,,,-0.450027,0.0195312476716936,
,,,-0.449995,0,
,,,-0.449963,0,
,,,-0.449931,0,
,,,-0.449899,-0.0214843724388629,
,,,-0.449867,0.0195312476716936,
,,,-0.449835,0,
,,,-0.449803,0.0195312476716936,
,,,-0.449771,0,
,,,-0.449739,0.0195312476716936,
,,,-0.449707,0,
,,,-0.449675,0.0195312476716936,
,,,-0.449643,0,
,,,-0.449611,0,
,,,-0.449579,0.0195312476716936,
,,,-0.449547,0.0195312476716936,
,,,-0.449515,-0.0410156201105565,
,,,-0.449483,0,
,,,-0.449451,0.0195312476716936,
,,,-0.449419,0.0195312476716936,
,,,-0.449387,0,
,,,-0.449355,0.0195312476716936,
,,,-0.449323,0,
,,,-0.449291,0,
,,,-0.449259,0.0195312476716936,
,,,-0.449227,0,
,,,-0.449195,0.0195312476716936,
,,,-0.449163,0.0195312476716936,
,,,-0.449131,-0.0410156201105565,
,,,-0.449099,0,
,,,-0.449067,0,
,,,-0.449035,0,
,,,-0.449003,0.0195312476716936,
,,,-0.448971,0.0195312476716936,
,,,-0.448939,0,
,,,-0.448907,0.0195312476716936,
,,,-0.448875,0.0195312476716936,
,,,-0.448843,0.0195312476716936,
,,,-0.448811,0.0195312476716936,
,,,-0.448779,0,
,,,-0.448747,0.0195312476716936,
,,,-0.448715,0.0195312476716936,
,,,-0.448683,-0.06054686778225,
,,,-0.448651,0.0195312476716936,
,,,-0.448619,0.0195312476716936,
,,,-0.448587,0.0195312476716936,
,,,-0.448555,0.0195312476716936,
,,,-0.448523,0.0195312476716936,
,,,-0.448491,-0.0214843724388629,
,,,-0.448459,0.0195312476716936,
,,,-0.448427,0.0195312476716936,
,,,-0.448395,0.0195312476716936,
,,,-0.448363,0.0195312476716936,
,,,-0.448331,0.0195312476716936,
,,,-0.448299,0.0195312476716936,
,,,-0.448267,0.0195312476716936,
,,,-0.448235,0,
,,,-0.448203,0,
,,,-0.448171,0.0195312476716936,
,,,-0.448139,0,
,,,-0.448107,0.0195312476716936,
,,,-0.448075,0,
,,,-0.448043,0,
,,,-0.448011,0,
,,,-0.447979,0,
,,,-0.447947,-0.06054686778225,
,,,-0.447915,0,
,,,-0.447883,0.0195312476716936,
,,,-0.447851,0.0195312476716936,
,,,-0.447819,0,
,,,-0.447787,0.0390624953433871,
,,,-0.447755,0,
,,,-0.447723,0.0195312476716936,
,,,-0.447691,0.0195312476716936,
,,,-0.447659,0,
,,,-0.447627,0.0195312476716936,
,,,-0.447595,0.0195312476716936,
,,,-0.447563,0.0390624953433871,
,,,-0.447531,0.0195312476716936,
,,,-0.447499,0.0195312476716936,
,,,-0.447467,0.0195312476716936,
,,,-0.447435,0.0195312476716936,
,,,-0.447403,0.0195312476716936,
,,,-0.447371,0,
,,,-0.447339,0.0195312476716936,
,,,-0.447307,0,
,,,-0.447275,0.0585937430150807,
,,,-0.447243,-0.0214843724388629,
,,,-0.447211,0.0195312476716936,
,,,-0.447179,0,
,,,-0.447147,0,
,,,-0.447115,0.0195312476716936,
,,,-0.447083,0.0195312476716936,
,,,-0.447051,0,
,,,-0.447019,0.0195312476716936,
,,,-0.446987,0.0195312476716936,
,,,-0.446955,-0.0214843724388629,
,,,-0.446923,0,
,,,-0.446891,-0.0214843724388629,
,,,-0.446859,0.0195312476716936,
,,,-0.446827,0,
,,,-0.446795,0.0195312476716936,
,,,-0.446763,0,
,,,-0.446731,-0.06054686778225,
,,,-0.446699,0.0195312476716936,
,,,-0.446667,0.0195312476716936,
,,,-0.446635,0,
,,,-0.446603,0.0195312476716936,
,,,-0.446571,0.0195312476716936,
,,,-0.446539,0.0195312476716936,
,,,-0.446507,0,
,,,-0.446475,0.0195312476716936,
,,,-0.446443,0,
,,,-0.446411,-0.0214843724388629,
,,,-0.446379,0,
,,,-0.446347,0.0195312476716936,
,,,-0.446315,0.0195312476716936,
,,,-0.446283,0,
,,,-0.446251,0.0195312476716936,
,,,-0.446219,0.0195312476716936,
,,,-0.446187,0,
,,,-0.446155,0,
,,,-0.446123,0,
,,,-0.446091,0,
,,,-0.446059,0,
,,,-0.446027,0,
,,,-0.445995,0,
,,,-0.445963,0.0195312476716936,
,,,-0.445931,0.0195312476716936,
,,,-0.445899,0,
,,,-0.445867,0,
,,,-0.445835,0.0195312476716936,
,,,-0.445803,0.0195312476716936,
,,,-0.445771,0.0195312476716936,
,,,-0.445739,0.0390624953433871,
,,,-0.445707,0,
,,,-0.445675,0.0195312476716936,
,,,-0.445643,-0.0214843724388629,
,,,-0.445611,0,
,,,-0.445579,0,
,,,-0.445547,-0.0214843724388629,
,,,-0.445515,0.0195312476716936,
,,,-0.445483,0,
,,,-0.445451,0.0195312476716936,
,,,-0.445419,0,
,,,-0.445387,0.0390624953433871,
,,,-0.445355,0,
,,,-0.445323,0.0195312476716936,
,,,-0.445291,0.0195312476716936,
,,,-0.445259,-0.0214843724388629,
,,,-0.445227,0.0195312476716936,
,,,-0.445195,0,
,,,-0.445163,0.0195312476716936,
,,,-0.445131,-0.0214843724388629,
,,,-0.445099,0.0195312476716936,
,,,-0.445067,0.0195312476716936,
,,,-0.445035,-0.0214843724388629,
,,,-0.445003,-0.0214843724388629,
,,,-0.444971,-0.0214843724388629,
,,,-0.444939,0,
,,,-0.444907,-0.0214843724388629,
,,,-0.444875,0,
,,,-0.444843,0,
,,,-0.444811,-0.0214843724388629,
,,,-0.444779,0.0390624953433871,
,,,-0.444747,-0.0214843724388629,
,,,-0.444715,0,
,,,-0.444683,0.0195312476716936,
,,,-0.444651,0.0195312476716936,
,,,-0.444619,0.0195312476716936,
,,,-0.444587,-0.0214843724388629,
,,,-0.444555,0.0195312476716936,
,,,-0.444523,0,
,,,-0.444491,-0.0214843724388629,
,,,-0.444459,0,
,,,-0.444427,0,
,,,-0.444395,0.0195312476716936,
,,,-0.444363,0,
,,,-0.444331,0,
,,,-0.444299,0,
,,,-0.444267,0,
,,,-0.444235,-0.0214843724388629,
,,,-0.444203,0,
,,,-0.444171,0,
,,,-0.444139,0,
,,,-0.444107,0,
,,,-0.444075,0,
,,,-0.444043,0.0195312476716936,
,,,-0.444011,0,
,,,-0.443979,0.0195312476716936,
,,,-0.443947,-0.0214843724388629,
,,,-0.443915,0,
,,,-0.443883,0,
,,,-0.443851,0,
,,,-0.443819,0,
,,,-0.443787,0,
,,,-0.443755,0,
,,,-0.443723,0,
,,,-0.443691,0,
,,,-0.443659,0,
,,,-0.443627,-0.0214843724388629,
,,,-0.443595,0,
,,,-0.443563,0,
,,,-0.443531,0.0195312476716936,
,,,-0.443499,0,
,,,-0.443467,0,
,,,-0.443435,0,
,,,-0.443403,0.0195312476716936,
,,,-0.443371,0,
,,,-0.443339,0.0195312476716936,
,,,-0.443307,0,
,,,-0.443275,0,
,,,-0.443243,0,
,,,-0.443211,0,
,,,-0.443179,0,
,,,-0.443147,0,
,,,-0.443115,0,
,,,-0.443083,0,
,,,-0.443051,0.0195312476716936,
,,,-0.443019,0.0195312476716936,
,,,-0.442987,0,
,,,-0.442955,0,
,,,-0.442923,0.0195312476716936,
,,,-0.442891,0.0195312476716936,
,,,-0.442859,0,
,,,-0.442827,0,
,,,-0.442795,0.0195312476716936,
,,,-0.442763,0,
,,,-0.442731,-0.0214843724388629,
,,,-0.442699,0,
,,,-0.442667,0.0195312476716936,
,,,-0.442635,0,
,,,-0.442603,0,
,,,-0.442571,0,
,,,-0.442539,0.0195312476716936,
,,,-0.442507,0,
,,,-0.442475,0.0195312476716936,
,,,-0.442443,0,
,,,-0.442411,-0.0214843724388629,
,,,-0.442379,0,
,,,-0.442347,0,
,,,-0.442315,0,
,,,-0.442283,0.0195312476716936,
,,,-0.442251,0.0195312476716936,
,,,-0.442219,0,
,,,-0.442187,0.0195312476716936,
,,,-0.442155,-0.0214843724388629,
,,,-0.442123,0.0195312476716936,
,,,-0.442091,-0.0214843724388629,
,,,-0.442059,0,
,,,-0.442027,0.0195312476716936,
,,,-0.441995,-0.0214843724388629,
,,,-0.441963,0,
,,,-0.441931,0,
,,,-0.441899,0,
,,,-0.441867,0,
,,,-0.441835,0,
,,,-0.441803,0.0195312476716936,
,,,-0.441771,0.0195312476716936,
,,,-0.441739,0,
,,,-0.441707,0.0195312476716936,
,,,-0.441675,-0.0214843724388629,
,,,-0.441643,0.0195312476716936,
,,,-0.441611,0.0195312476716936,
,,,-0.441579,0,
,,,-0.441547,0,
,,,-0.441515,0,
,,,-0.441483,0.0195312476716936,
,,,-0.441451,0,
,,,-0.441419,0.0195312476716936,
,,,-0.441387,0.0195312476716936,
,,,-0.441355,0.0195312476716936,
,,,-0.441323,0,
,,,-0.441291,0.0195312476716936,
,,,-0.441259,0.0195312476716936,
,,,-0.441227,0.0195312476716936,
,,,-0.441195,0,
,,,-0.441163,0,
,,,-0.441131,0.0195312476716936,
,,,-0.441099,0.0195312476716936,
,,,-0.441067,-0.0214843724388629,
,,,-0.441035,0,
,,,-0.441003,0,
,,,-0.440971,0.0195312476716936,
,,,-0.440939,0,
,,,-0.440907,0.0195312476716936,
,,,-0.440875,0.0195312476716936,
,,,-0.440843,0.0195312476716936,
,,,-0.440811,0,
,,,-0.440779,0.0195312476716936,
,,,-0.440747,0.0195312476716936,
,,,-0.440715,0,
,,,-0.440683,0.0195312476716936,
,,,-0.440651,0.0195312476716936,
,,,-0.440619,0,
,,,-0.440587,0.0195312476716936,
,,,-0.440555,0,
,,,-0.440523,0.0195312476716936,
,,,-0.440491,0.0195312476716936,
,,,-0.440459,0.0195312476716936,
,,,-0.440427,0,
,,,-0.440395,0,
,,,-0.440363,-0.0214843724388629,
,,,-0.440331,0.0195312476716936,
,,,-0.440299,0.0195312476716936,
,,,-0.440267,0.0195312476716936,
,,,-0.440235,0,
,,,-0.440203,0.0195312476716936,
,,,-0.440171,0,
,,,-0.440139,0.0195312476716936,
,,,-0.440107,-0.0214843724388629,
,,,-0.440075,0,
,,,-0.440043,0.0195312476716936,
,,,-0.440011,0.0195312476716936,
,,,-0.439979,0,
,,,-0.439947,0,
,,,-0.439915,0.0390624953433871,
,,,-0.439883,0.0195312476716936,
,,,-0.439851,0.0195312476716936,
,,,-0.439819,0.0195312476716936,
,,,-0.439787,0.0195312476716936,
,,,-0.439755,0.0195312476716936,
,,,-0.439723,0.0195312476716936,
,,,-0.439691,0,
,,,-0.439659,-0.0214843724388629,
,,,-0.439627,0,
,,,-0.439595,-0.06054686778225,
,,,-0.439563,0,
,,,-0.439531,0.0195312476716936,
,,,-0.439499,0,
,,,-0.439467,0,
,,,-0.439435,0.0800781154539436,
,,,-0.439403,0,
,,,-0.439371,-0.0410156201105565,
,,,-0.439339,0.0195312476716936,
,,,-0.439307,0,
,,,-0.439275,0,
,,,-0.439243,0.0195312476716936,
,,,-0.439211,0.0195312476716936,
,,,-0.439179,0,
,,,-0.439147,0,
,,,-0.439115,0,
,,,-0.439083,-0.0214843724388629,
,,,-0.439051,0.0195312476716936,
,,,-0.439019,-0.0214843724388629,
,,,-0.438987,0,
,,,-0.438955,0,
,,,-0.438923,0,
,,,-0.438891,0,
,,,-0.438859,0.0195312476716936,
,,,-0.438827,0.0195312476716936,
,,,-0.438795,0.0195312476716936,
,,,-0.438763,0,
,,,-0.438731,0,
,,,-0.438699,0,
,,,-0.438667,0.0390624953433871,
,,,-0.438635,0,
,,,-0.438603,-0.0214843724388629,
,,,-0.438571,0.0195312476716936,
,,,-0.438539,0,
,,,-0.438507,0,
,,,-0.438475,0,
,,,-0.438443,0,
,,,-0.438411,0,
,,,-0.438379,0.0195312476716936,
,,,-0.438347,-0.0214843724388629,
,,,-0.438315,0.0390624953433871,
,,,-0.438283,0,
,,,-0.438251,0,
,,,-0.438219,0,
,,,-0.438187,0,
,,,-0.438155,-0.0214843724388629,
,,,-0.438123,0,
,,,-0.438091,0,
,,,-0.438059,0,
,,,-0.438027,0,
,,,-0.437995,0,
,,,-0.437963,0,
,,,-0.437931,0,
,,,-0.437899,0,
,,,-0.437867,0,
,,,-0.437835,0,
,,,-0.437803,0,
,,,-0.437771,0,
,,,-0.437739,0,
,,,-0.437707,0,
,,,-0.437675,0,
,,,-0.437643,0,
,,,-0.437611,0,
,,,-0.437579,0.0195312476716936,
,,,-0.437547,0,
,,,-0.437515,0.0195312476716936,
,,,-0.437483,-0.0214843724388629,
,,,-0.437451,0.0195312476716936,
,,,-0.437419,0.0195312476716936,
,,,-0.437387,0.0195312476716936,
,,,-0.437355,-0.0410156201105565,
,,,-0.437323,0,
,,,-0.437291,0.0195312476716936,
,,,-0.437259,0,
,,,-0.437227,0.0195312476716936,
,,,-0.437195,0.0195312476716936,
,,,-0.437163,0,
,,,-0.437131,0,
,,,-0.437099,0,
,,,-0.437067,-0.0214843724388629,
,,,-0.437035,0.0195312476716936,
,,,-0.437003,0.0195312476716936,
,,,-0.436971,0.0195312476716936,
,,,-0.436939,0.0195312476716936,
,,,-0.436907,0,
,,,-0.436875,0.0195312476716936,
,,,-0.436843,0.0195312476716936,
,,,-0.436811,0,
,,,-0.436779,0.0195312476716936,
,,,-0.436747,0.0195312476716936,
,,,-0.436715,0,
,,,-0.436683,0.0195312476716936,
,,,-0.436651,-0.0214843724388629,
,,,-0.436619,0.0195312476716936,
,,,-0.436587,0.0195312476716936,
,,,-0.436555,-0.0214843724388629,
,,,-0.436523,0.0195312476716936,
,,,-0.436491,0.0195312476716936,
,,,-0.436459,0,
,,,-0.436427,0.0195312476716936,
,,,-0.436395,0,
,,,-0.436363,0.0195312476716936,
,,,-0.436331,0.0195312476716936,
,,,-0.436299,0,
,,,-0.436267,0,
,,,-0.436235,0.0195312476716936,
,,,-0.436203,0.0195312476716936,
,,,-0.436171,0.0195312476716936,
,,,-0.436139,0.0390624953433871,
,,,-0.436107,0.0195312476716936,
,,,-0.436075,0,
,,,-0.436043,0,
,,,-0.436011,0.0195312476716936,
,,,-0.435979,0.0195312476716936,
,,,-0.435947,-0.0214843724388629,
,,,-0.435915,0,
,,,-0.435883,0,
,,,-0.435851,0.0195312476716936,
,,,-0.435819,0,
,,,-0.435787,0,
,,,-0.435755,0,
,,,-0.435723,0,
,,,-0.435691,0,
,,,-0.435659,0,
,,,-0.435627,0.0195312476716936,
,,,-0.435595,0.0195312476716936,
,,,-0.435563,0.0195312476716936,
,,,-0.435531,0,
,,,-0.435499,0.0195312476716936,
,,,-0.435467,0.0195312476716936,
,,,-0.435435,0,
,,,-0.435403,0,
,,,-0.435371,0.0390624953433871,
,,,-0.435339,0.0195312476716936,
,,,-0.435307,0.0195312476716936,
,,,-0.435275,0,
,,,-0.435243,0.0195312476716936,
,,,-0.435211,0.0195312476716936,
,,,-0.435179,0,
,,,-0.435147,0,
,,,-0.435115,0.0195312476716936,
,,,-0.435083,0.0195312476716936,
,,,-0.435051,0,
,,,-0.435019,0.0195312476716936,
,,,-0.434987,0.0195312476716936,
,,,-0.434955,0.0195312476716936,
,,,-0.434923,0,
,,,-0.434891,0,
,,,-0.434859,0,
,,,-0.434827,0,
,,,-0.434795,0.0195312476716936,
,,,-0.434763,0.0195312476716936,
,,,-0.434731,0,
,,,-0.434699,0.0195312476716936,
,,,-0.434667,0,
,,,-0.434635,0,
,,,-0.434603,0.0195312476716936,
,,,-0.434571,0,
,,,-0.434539,0,
,,,-0.434507,0,
,,,-0.434475,0.0195312476716936,
,,,-0.434443,-0.0214843724388629,
,,,-0.434411,0.0195312476716936,
,,,-0.434379,0,
,,,-0.434347,0.0195312476716936,
,,,-0.434315,0.0195312476716936,
,,,-0.434283,0.0195312476716936,
,,,-0.434251,0.0195312476716936,
,,,-0.434219,0,
,,,-0.434187,0.0195312476716936,
,,,-0.434155,-0.0214843724388629,
,,,-0.434123,0,
,,,-0.434091,0,
,,,-0.434059,0,
,,,-0.434027,0,
,,,-0.433995,0.0195312476716936,
,,,-0.433963,0,
,,,-0.433931,0,
,,,-0.433899,0.0195312476716936,
,,,-0.433867,-0.0214843724388629,
,,,-0.433835,0.0195312476716936,
,,,-0.433803,0.0195312476716936,
,,,-0.433771,0,
,,,-0.433739,0,
,,,-0.433707,0,
,,,-0.433675,0.0195312476716936,
,,,-0.433643,0.0195312476716936,
,,,-0.433611,0.0195312476716936,
,,,-0.433579,0.0195312476716936,
,,,-0.433547,0.0195312476716936,
,,,-0.433515,0.0195312476716936,
,,,-0.433483,0.0195312476716936,
,,,-0.433451,0.0195312476716936,
,,,-0.433419,0,
,,,-0.433387,0.0195312476716936,
,,,-0.433355,0,
,,,-0.433323,-0.0214843724388629,
,,,-0.433291,0.0195312476716936,
,,,-0.433259,0,
,,,-0.433227,0.0390624953433871,
,,,-0.433195,0.0195312476716936,
,,,-0.433163,0.0195312476716936,
,,,-0.433131,0.0195312476716936,
,,,-0.433099,0,
,,,-0.433067,0.0390624953433871,
,,,-0.433035,0,
,,,-0.433003,0.0195312476716936,
,,,-0.432971,0.0390624953433871,
,,,-0.432939,0.0195312476716936,
,,,-0.432907,0,
,,,-0.432875,0.0195312476716936,
,,,-0.432843,0.0390624953433871,
,,,-0.432811,0.0195312476716936,
,,,-0.432779,0.0195312476716936,
,,,-0.432747,0.0195312476716936,
,,,-0.432715,0.0195312476716936,
,,,-0.432683,0.0195312476716936,
,,,-0.432651,0,
,,,-0.432619,0.0195312476716936,
,,,-0.432587,0.0195312476716936,
,,,-0.432555,0.0390624953433871,
,,,-0.432523,0.0195312476716936,
,,,-0.432491,0.0195312476716936,
,,,-0.432459,0,
,,,-0.432427,0.0390624953433871,
,,,-0.432395,0.0195312476716936,
,,,-0.432363,0.0195312476716936,
,,,-0.432331,0,
,,,-0.432299,0,
,,,-0.432267,0.0195312476716936,
,,,-0.432235,0,
,,,-0.432203,0.0390624953433871,
,,,-0.432171,0,
,,,-0.432139,0.0195312476716936,
,,,-0.432107,0.0195312476716936,
,,,-0.432075,0.0390624953433871,
,,,-0.432043,0,
,,,-0.432011,0.0195312476716936,
,,,-0.431979,0.0195312476716936,
,,,-0.431947,0.0195312476716936,
,,,-0.431915,0.0195312476716936,
,,,-0.431883,0.0195312476716936,
,,,-0.431851,0.0195312476716936,
,,,-0.431819,0.0195312476716936,
,,,-0.431787,0.0195312476716936,
,,,-0.431755,0.0195312476716936,
,,,-0.431723,0.0195312476716936,
,,,-0.431691,0.0195312476716936,
,,,-0.431659,0.0195312476716936,
,,,-0.431627,0,
,,,-0.431595,0.0195312476716936,
,,,-0.431563,0,
,,,-0.431531,0.0195312476716936,
,,,-0.431499,0.0195312476716936,
,,,-0.431467,0.0195312476716936,
,,,-0.431435,0.0195312476716936,
,,,-0.431403,0.0195312476716936,
,,,-0.431371,0.0195312476716936,
,,,-0.431339,0.0195312476716936,
,,,-0.431307,0.0585937430150807,
,,,-0.431275,0,
,,,-0.431243,0.0195312476716936,
,,,-0.431211,0,
,,,-0.431179,0,
,,,-0.431147,0,
,,,-0.431115,0,
,,,-0.431083,0.0195312476716936,
,,,-0.431051,0,
,,,-0.431019,0.0195312476716936,
,,,-0.430987,0,
,,,-0.430955,0.0195312476716936,
,,,-0.430923,0,
,,,-0.430891,0.0195312476716936,
,,,-0.430859,0,
,,,-0.430827,0.0195312476716936,
,,,-0.430795,0,
,,,-0.430763,0.0195312476716936,
,,,-0.430731,0.0195312476716936,
,,,-0.430699,0.0390624953433871,
,,,-0.430667,0.0195312476716936,
,,,-0.430635,0.0195312476716936,
,,,-0.430603,0.0195312476716936,
,,,-0.430571,0.0195312476716936,
,,,-0.430539,0,
,,,-0.430507,0.0195312476716936,
,,,-0.430475,0,
,,,-0.430443,0,
,,,-0.430411,0,
,,,-0.430379,0.0195312476716936,
,,,-0.430347,0.0195312476716936,
,,,-0.430315,0.0195312476716936,
,,,-0.430283,0,
,,,-0.430251,0.0195312476716936,
,,,-0.430219,0.0195312476716936,
,,,-0.430187,0.0195312476716936,
,,,-0.430155,-0.0214843724388629,
,,,-0.430123,0,
,,,-0.430091,0.0195312476716936,
,,,-0.430059,0,
,,,-0.430027,0,
,,,-0.429995,0,
,,,-0.429963,0.0195312476716936,
,,,-0.429931,0.0195312476716936,
,,,-0.429899,0,
,,,-0.429867,-0.0214843724388629,
,,,-0.429835,-0.0214843724388629,
,,,-0.429803,0,
,,,-0.429771,-0.0214843724388629,
,,,-0.429739,0.0195312476716936,
,,,-0.429707,0,
,,,-0.429675,0,
,,,-0.429643,0.0195312476716936,
,,,-0.429611,0.0195312476716936,
,,,-0.429579,0,
,,,-0.429547,0.0195312476716936,
,,,-0.429515,0.0195312476716936,
,,,-0.429483,0,
,,,-0.429451,0.0195312476716936,
,,,-0.429419,0.0195312476716936,
,,,-0.429387,0,
,,,-0.429355,0.0195312476716936,
,,,-0.429323,-0.0214843724388629,
,,,-0.429291,0,
,,,-0.429259,0,
,,,-0.429227,0.0195312476716936,
,,,-0.429195,0,
,,,-0.429163,0.0195312476716936,
,,,-0.429131,0.0195312476716936,
,,,-0.429099,0.0195312476716936,
,,,-0.429067,0,
,,,-0.429035,0.0195312476716936,
,,,-0.429003,0.0195312476716936,
,,,-0.428971,0,
,,,-0.428939,0,
,,,-0.428907,0.0195312476716936,
,,,-0.428875,0.0195312476716936,
,,,-0.428843,0.0195312476716936,
,,,-0.428811,0.0195312476716936,
,,,-0.428779,0.0195312476716936,
,,,-0.428747,0,
,,,-0.428715,0.0195312476716936,
,,,-0.428683,0,
,,,-0.428651,0.0195312476716936,
,,,-0.428619,0.0195312476716936,
,,,-0.428587,0,
,,,-0.428555,0,
,,,-0.428523,-0.0214843724388629,
,,,-0.428491,0.0390624953433871,
,,,-0.428459,0,
,,,-0.428427,0.0390624953433871,
,,,-0.428395,0.0195312476716936,
,,,-0.428363,-0.0214843724388629,
,,,-0.428331,0,
,,,-0.428299,0.0195312476716936,
,,,-0.428267,0.0195312476716936,
,,,-0.428235,0,
,,,-0.428203,0,
,,,-0.428171,0.0195312476716936,
,,,-0.428139,0.0195312476716936,
,,,-0.428107,-0.0214843724388629,
,,,-0.428075,0,
,,,-0.428043,0,
,,,-0.428011,-0.0214843724388629,
,,,-0.427979,0.0195312476716936,
,,,-0.427947,0,
,,,-0.427915,0,
,,,-0.427883,0.0195312476716936,
,,,-0.427851,-0.0214843724388629,
,,,-0.427819,0,
,,,-0.427787,0.0195312476716936,
,,,-0.427755,0,
,,,-0.427723,0.0195312476716936,
,,,-0.427691,0,
,,,-0.427659,0,
,,,-0.427627,0,
,,,-0.427595,-0.0214843724388629,
,,,-0.427563,0.0195312476716936,
,,,-0.427531,0,
,,,-0.427499,0,
,,,-0.427467,0,
,,,-0.427435,0.0390624953433871,
,,,-0.427403,0,
,,,-0.427371,0,
,,,-0.427339,0.0195312476716936,
,,,-0.427307,0,
,,,-0.427275,0,
,,,-0.427243,0,
,,,-0.427211,0,
,,,-0.427179,0,
,,,-0.427147,0,
,,,-0.427115,0.0195312476716936,
,,,-0.427083,0,
,,,-0.427051,0.0390624953433871,
,,,-0.427019,0,
,,,-0.426987,0,
,,,-0.426955,0,
,,,-0.426923,0.0195312476716936,
,,,-0.426891,0,
,,,-0.426859,0,
,,,-0.426827,0,
,,,-0.426795,-0.0214843724388629,
,,,-0.426763,0,
,,,-0.426731,0,
,,,-0.426699,0.0195312476716936,
,,,-0.426667,0,
,,,-0.426635,0.0195312476716936,
,,,-0.426603,0,
,,,-0.426571,0.0195312476716936,
,,,-0.426539,0.0195312476716936,
,,,-0.426507,0,
,,,-0.426475,0,
,,,-0.426443,-0.0214843724388629,
,,,-0.426411,0,
,,,-0.426379,0,
,,,-0.426347,0,
,,,-0.426315,0,
,,,-0.426283,0,
,,,-0.426251,0,
,,,-0.426219,0,
,,,-0.426187,0,
,,,-0.426155,0,
,,,-0.426123,0.0195312476716936,
,,,-0.426091,0.0195312476716936,
,,,-0.426059,0,
,,,-0.426027,0,
,,,-0.425995,0.0195312476716936,
,,,-0.425963,0.0195312476716936,
,,,-0.425931,0.0195312476716936,
,,,-0.425899,0.0195312476716936,
,,,-0.425867,0,
,,,-0.425835,0,
,,,-0.425803,0,
,,,-0.425771,0,
,,,-0.425739,0,
,,,-0.425707,0.0195312476716936,
,,,-0.425675,0,
,,,-0.425643,-0.0410156201105565,
,,,-0.425611,0,
,,,-0.425579,0.0195312476716936,
,,,-0.425547,-0.0214843724388629,
,,,-0.425515,0.0195312476716936,
,,,-0.425483,0,
,,,-0.425451,0,
,,,-0.425419,0.0195312476716936,
,,,-0.425387,0.0195312476716936,
,,,-0.425355,0.0195312476716936,
,,,-0.425323,0.0195312476716936,
,,,-0.425291,0.0195312476716936,
,,,-0.425259,-0.0214843724388629,
,,,-0.425227,0,
,,,-0.425195,0,
,,,-0.425163,0,
,,,-0.425131,0,
,,,-0.425099,0.0195312476716936,
,,,-0.425067,0.0195312476716936,
,,,-0.425035,0,
,,,-0.425003,0.0195312476716936,
,,,-0.424971,0.0195312476716936,
,,,-0.424939,0,
,,,-0.424907,0.0195312476716936,
,,,-0.424875,0.0195312476716936,
,,,-0.424843,0.0195312476716936,
,,,-0.424811,0,
,,,-0.424779,0.0195312476716936,
,,,-0.424747,0,
,,,-0.424715,0.0195312476716936,
,,,-0.424683,0.0195312476716936,
,,,-0.424651,0.0195312476716936,
,,,-0.424619,0,
,,,-0.424587,0,
,,,-0.424555,0.0195312476716936,
,,,-0.424523,0,
,,,-0.424491,0.0195312476716936,
,,,-0.424459,0,
,,,-0.424427,-0.0214843724388629,
,,,-0.424395,-0.0214843724388629,
,,,-0.424363,0.0195312476716936,
,,,-0.424331,0.0390624953433871,
,,,-0.424299,0,
,,,-0.424267,0,
,,,-0.424235,0,
,,,-0.424203,0.0195312476716936,
,,,-0.424171,0.0195312476716936,
,,,-0.424139,0.0195312476716936,
,,,-0.424107,0,
,,,-0.424075,0.0195312476716936,
,,,-0.424043,0,
,,,-0.424011,0.0195312476716936,
,,,-0.423979,0.0195312476716936,
,,,-0.423947,0.0195312476716936,
,,,-0.423915,0,
,,,-0.423883,0.0195312476716936,
,,,-0.423851,0,
,,,-0.423819,0.0195312476716936,
,,,-0.423787,0.0195312476716936,
,,,-0.423755,0.0195312476716936,
,,,-0.423723,0.0195312476716936,
,,,-0.423691,0,
,,,-0.423659,0,
,,,-0.423627,0.0195312476716936,
,,,-0.423595,0,
,,,-0.423563,0.0195312476716936,
,,,-0.423531,0,
,,,-0.423499,0,
,,,-0.423467,0.0195312476716936,
,,,-0.423435,0.0195312476716936,
,,,-0.423403,0,
,,,-0.423371,0.0195312476716936,
,,,-0.423339,0.0195312476716936,
,,,-0.423307,0,
,,,-0.423275,0.0390624953433871,
,,,-0.423243,0,
,,,-0.423211,0,
,,,-0.423179,0.0195312476716936,
,,,-0.423147,0.0195312476716936,
,,,-0.423115,0,
,,,-0.423083,0,
,,,-0.423051,0,
,,,-0.423019,0,
,,,-0.422987,0.0195312476716936,
,,,-0.422955,0.0585937430150807,
,,,-0.422923,0.0195312476716936,
,,,-0.422891,0,
,,,-0.422859,0,
,,,-0.422827,0,
,,,-0.422795,0.0195312476716936,
,,,-0.422763,0,
,,,-0.422731,0.0195312476716936,
,,,-0.422699,0.0195312476716936,
,,,-0.422667,0.0585937430150807,
,,,-0.422635,0.0195312476716936,
,,,-0.422603,0,
,,,-0.422571,0.0195312476716936,
,,,-0.422539,0,
,,,-0.422507,0,
,,,-0.422475,0,
,,,-0.422443,0.0195312476716936,
,,,-0.422411,0,
,,,-0.422379,0,
,,,-0.422347,0.0390624953433871,
,,,-0.422315,0.0195312476716936,
,,,-0.422283,-0.0214843724388629,
,,,-0.422251,0,
,,,-0.422219,-0.0214843724388629,
,,,-0.422187,0,
,,,-0.422155,0,
,,,-0.422123,0.0195312476716936,
,,,-0.422091,0,
,,,-0.422059,0,
,,,-0.422027,-0.0214843724388629,
,,,-0.421995,0.0390624953433871,
,,,-0.421963,0,
,,,-0.421931,-0.0214843724388629,
,,,-0.421899,0,
,,,-0.421867,0.0195312476716936,
,,,-0.421835,0.0390624953433871,
,,,-0.421803,0,
,,,-0.421771,0,
,,,-0.421739,0,
,,,-0.421707,-0.06054686778225,
,,,-0.421675,0,
,,,-0.421643,0.0195312476716936,
,,,-0.421611,0,
,,,-0.421579,0,
,,,-0.421547,0,
,,,-0.421515,0.0195312476716936,
,,,-0.421483,0.0195312476716936,
,,,-0.421451,-0.0214843724388629,
,,,-0.421419,0,
,,,-0.421387,0,
,,,-0.421355,0,
,,,-0.421323,0,
,,,-0.421291,0,
,,,-0.421259,0.0195312476716936,
,,,-0.421227,0,
,,,-0.421195,0,
,,,-0.421163,0.0195312476716936,
,,,-0.421131,0,
,,,-0.421099,0.0195312476716936,
,,,-0.421067,0,
,,,-0.421035,0,
,,,-0.421003,0,
,,,-0.420971,0,
,,,-0.420939,-0.0214843724388629,
,,,-0.420907,-0.0214843724388629,
,,,-0.420875,0,
,,,-0.420843,0,
,,,-0.420811,0.0390624953433871,
,,,-0.420779,0.0195312476716936,
,,,-0.420747,0,
,,,-0.420715,0,
,,,-0.420683,0,
,,,-0.420651,0,
,,,-0.420619,0.0195312476716936,
,,,-0.420587,0.0195312476716936,
,,,-0.420555,-0.0214843724388629,
,,,-0.420523,0.0195312476716936,
,,,-0.420491,0.0195312476716936,
,,,-0.420459,0,
,,,-0.420427,0.0195312476716936,
,,,-0.420395,0.0195312476716936,
,,,-0.420363,0,
,,,-0.420331,0,
,,,-0.420299,0,
,,,-0.420267,0,
,,,-0.420235,0,
,,,-0.420203,0,
,,,-0.420171,0,
,,,-0.420139,0.0195312476716936,
,,,-0.420107,0,
,,,-0.420075,0.0195312476716936,
,,,-0.420043,0.0195312476716936,
,,,-0.420011,0,
,,,-0.419979,0,
,,,-0.419947,-0.0214843724388629,
,,,-0.419915,0,
,,,-0.419883,-0.0214843724388629,
,,,-0.419851,0,
,,,-0.419819,0.0195312476716936,
,,,-0.419787,0.0195312476716936,
,,,-0.419755,-0.0214843724388629,
,,,-0.419723,0.0195312476716936,
,,,-0.419691,0.0195312476716936,
,,,-0.419659,0.0195312476716936,
,,,-0.419627,0.0195312476716936,
,,,-0.419595,0.0195312476716936,
,,,-0.419563,0,
,,,-0.419531,0,
,,,-0.419499,0.0195312476716936,
,,,-0.419467,0,
,,,-0.419435,0.0195312476716936,
,,,-0.419403,0,
,,,-0.419371,0.0195312476716936,
,,,-0.419339,0,
,,,-0.419307,0.0195312476716936,
,,,-0.419275,0,
,,,-0.419243,0.0195312476716936,
,,,-0.419211,0,
,,,-0.419179,-0.0214843724388629,
,,,-0.419147,-0.0214843724388629,
,,,-0.419115,-0.0214843724388629,
,,,-0.419083,0.0195312476716936,
,,,-0.419051,0,
,,,-0.419019,0,
,,,-0.418987,0.0195312476716936,
,,,-0.418955,0.0195312476716936,
,,,-0.418923,0.0195312476716936,
,,,-0.418891,0,
,,,-0.418859,0,
,,,-0.418827,0,
,,,-0.418795,0.0195312476716936,
,,,-0.418763,0.0195312476716936,
,,,-0.418731,0,
,,,-0.418699,0.0195312476716936,
,,,-0.418667,0,
,,,-0.418635,0.0195312476716936,
,,,-0.418603,0,
,,,-0.418571,0.0195312476716936,
,,,-0.418539,0.0195312476716936,
,,,-0.418507,0.0195312476716936,
,,,-0.418475,0.0195312476716936,
,,,-0.418443,0.0195312476716936,
,,,-0.418411,0.0195312476716936,
,,,-0.418379,0,
,,,-0.418347,0.0195312476716936,
,,,-0.418315,0,
,,,-0.418283,0,
,,,-0.418251,0,
,,,-0.418219,0.0195312476716936,
,,,-0.418187,0.0195312476716936,
,,,-0.418155,0.0195312476716936,
,,,-0.418123,0,
,,,-0.418091,-0.0214843724388629,
,,,-0.418059,0.0195312476716936,
,,,-0.418027,0.0195312476716936,
,,,-0.417995,0,
,,,-0.417963,0,
,,,-0.417931,0.0195312476716936,
,,,-0.417899,0.0195312476716936,
,,,-0.417867,0.0195312476716936,
,,,-0.417835,0,
,,,-0.417803,0,
,,,-0.417771,0.0195312476716936,
,,,-0.417739,0.0195312476716936,
,,,-0.417707,0,
,,,-0.417675,0.0195312476716936,
,,,-0.417643,0,
,,,-0.417611,0,
,,,-0.417579,0.0195312476716936,
,,,-0.417547,-0.0214843724388629,
,,,-0.417515,0,
,,,-0.417483,0,
,,,-0.417451,0.0195312476716936,
,,,-0.417419,0.0195312476716936,
,,,-0.417387,0,
,,,-0.417355,0.0195312476716936,
,,,-0.417323,0,
,,,-0.417291,0.0195312476716936,
,,,-0.417259,0.0195312476716936,
,,,-0.417227,0,
,,,-0.417195,0.0195312476716936,
,,,-0.417163,0.0195312476716936,
,,,-0.417131,-0.0214843724388629,
,,,-0.417099,0.0195312476716936,
,,,-0.417067,0.0195312476716936,
,,,-0.417035,0.0195312476716936,
,,,-0.417003,0.0195312476716936,
,,,-0.416971,0,
,,,-0.416939,0.0195312476716936,
,,,-0.416907,0,
,,,-0.416875,0.0195312476716936,
,,,-0.416843,0.0195312476716936,
,,,-0.416811,0.0195312476716936,
,,,-0.416779,0,
,,,-0.416747,0.0195312476716936,
,,,-0.416715,0.0195312476716936,
,,,-0.416683,0.0195312476716936,
,,,-0.416651,-0.0214843724388629,
,,,-0.416619,0.0195312476716936,
,,,-0.416587,0,
,,,-0.416555,0.0195312476716936,
,,,-0.416523,0.0195312476716936,
,,,-0.416491,0.0390624953433871,
,,,-0.416459,-0.06054686778225,
,,,-0.416427,0.0195312476716936,
,,,-0.416395,0.0195312476716936,
,,,-0.416363,0.0195312476716936,
,,,-0.416331,0,
,,,-0.416299,0.0195312476716936,
,,,-0.416267,0.0195312476716936,
,,,-0.416235,0.0195312476716936,
,,,-0.416203,0.0195312476716936,
,,,-0.416171,-0.0214843724388629,
,,,-0.416139,0,
,,,-0.416107,0.0195312476716936,
,,,-0.416075,0.0195312476716936,
,,,-0.416043,0.0195312476716936,
,,,-0.416011,-0.0214843724388629,
,,,-0.415979,0.0195312476716936,
,,,-0.415947,0.0195312476716936,
,,,-0.415915,0.0390624953433871,
,,,-0.415883,-0.0800781154539436,
,,,-0.415851,0.0585937430150807,
,,,-0.415819,0.0195312476716936,
,,,-0.415787,-0.0214843724388629,
,,,-0.415755,0.0585937430150807,
,,,-0.415723,0,
,,,-0.415691,0,
,,,-0.415659,0,
,,,-0.415627,0.0195312476716936,
,,,-0.415595,0.0195312476716936,
,,,-0.415563,0.0195312476716936,
,,,-0.415531,0.0195312476716936,
,,,-0.415499,0,
,,,-0.415467,0.0195312476716936,
,,,-0.415435,-0.0214843724388629,
,,,-0.415403,0,
,,,-0.415371,-0.0214843724388629,
,,,-0.415339,0,
,,,-0.415307,0.0195312476716936,
,,,-0.415275,0,
,,,-0.415243,0.0585937430150807,
,,,-0.415211,0.0195312476716936,
,,,-0.415179,0.0195312476716936,
,,,-0.415147,0.0195312476716936,
,,,-0.415115,0.0195312476716936,
,,,-0.415083,0,
,,,-0.415051,0.0390624953433871,
,,,-0.415019,0.0195312476716936,
,,,-0.414987,0,
,,,-0.414955,0,
,,,-0.414923,0.0195312476716936,
,,,-0.414891,0,
,,,-0.414859,0.0195312476716936,
,,,-0.414827,-0.0214843724388629,
,,,-0.414795,-0.0214843724388629,
,,,-0.414763,0.0195312476716936,
,,,-0.414731,0,
,,,-0.414699,0.0195312476716936,
,,,-0.414667,0,
,,,-0.414635,0.0195312476716936,
,,,-0.414603,0,
,,,-0.414571,0,
,,,-0.414539,0.0195312476716936,
,,,-0.414507,-0.0214843724388629,
,,,-0.414475,0,
,,,-0.414443,0.0195312476716936,
,,,-0.414411,0,
,,,-0.414379,0.0195312476716936,
,,,-0.414347,0.0195312476716936,
,,,-0.414315,0.0195312476716936,
,,,-0.414283,0.0195312476716936,
,,,-0.414251,0.0195312476716936,
,,,-0.414219,0.0195312476716936,
,,,-0.414187,0,
,,,-0.414155,0.0195312476716936,
,,,-0.414123,0.0195312476716936,
,,,-0.414091,0.0195312476716936,
,,,-0.414059,0.0195312476716936,
,,,-0.414027,0.0195312476716936,
,,,-0.413995,0.0390624953433871,
,,,-0.413963,0.0195312476716936,
,,,-0.413931,0,
,,,-0.413899,0.0195312476716936,
,,,-0.413867,0,
,,,-0.413835,0,
,,,-0.413803,0,
,,,-0.413771,0.0195312476716936,
,,,-0.413739,0,
,,,-0.413707,0.0195312476716936,
,,,-0.413675,0.0195312476716936,
,,,-0.413643,0,
,,,-0.413611,0,
,,,-0.413579,0,
,,,-0.413547,0,
,,,-0.413515,-0.0214843724388629,
,,,-0.413483,0,
,,,-0.413451,0.0195312476716936,
,,,-0.413419,0,
,,,-0.413387,0.0195312476716936,
,,,-0.413355,0.0195312476716936,
,,,-0.413323,0,
,,,-0.413291,0.0195312476716936,
,,,-0.413259,0.0195312476716936,
,,,-0.413227,0.0195312476716936,
,,,-0.413195,0.0195312476716936,
,,,-0.413163,0.0195312476716936,
,,,-0.413131,0.0195312476716936,
,,,-0.413099,0.0195312476716936,
,,,-0.413067,0.0195312476716936,
,,,-0.413035,0.0195312476716936,
,,,-0.413003,0.0195312476716936,
,,,-0.412971,0,
,,,-0.412939,-0.0214843724388629,
,,,-0.412907,0.0195312476716936,
,,,-0.412875,0.0195312476716936,
,,,-0.412843,0.0195312476716936,
,,,-0.412811,0,
,,,-0.412779,0.0195312476716936,
,,,-0.412747,0.0195312476716936,
,,,-0.412715,0,
,,,-0.412683,0,
,,,-0.412651,-0.0214843724388629,
,,,-0.412619,0,
,,,-0.412587,0.0195312476716936,
,,,-0.412555,0.0195312476716936,
,,,-0.412523,0,
,,,-0.412491,0.0195312476716936,
,,,-0.412459,0,
,,,-0.412427,0,
,,,-0.412395,0,
,,,-0.412363,0.0195312476716936,
,,,-0.412331,0.0195312476716936,
,,,-0.412299,0.0195312476716936,
,,,-0.412267,0.0195312476716936,
,,,-0.412235,0,
,,,-0.412203,0.0390624953433871,
,,,-0.412171,0.0195312476716936,
,,,-0.412139,-0.0214843724388629,
,,,-0.412107,0,
,,,-0.412075,0.0195312476716936,
,,,-0.412043,0,
,,,-0.412011,0.0390624953433871,
,,,-0.411979,0.0195312476716936,
,,,-0.411947,-0.0214843724388629,
,,,-0.411915,0.0195312476716936,
,,,-0.411883,0,
,,,-0.411851,0,
,,,-0.411819,0,
,,,-0.411787,0.0195312476716936,
,,,-0.411755,0.0195312476716936,
,,,-0.411723,0,
,,,-0.411691,0,
,,,-0.411659,0,
,,,-0.411627,0.0195312476716936,
,,,-0.411595,-0.0214843724388629,
,,,-0.411563,0,
,,,-0.411531,0.0195312476716936,
,,,-0.411499,0,
,,,-0.411467,0,
,,,-0.411435,0.0195312476716936,
,,,-0.411403,0.0195312476716936,
,,,-0.411371,0,
,,,-0.411339,0,
,,,-0.411307,0,
,,,-0.411275,0,
,,,-0.411243,-0.0214843724388629,
,,,-0.411211,0.0195312476716936,
,,,-0.411179,0,
,,,-0.411147,0,
,,,-0.411115,-0.0214843724388629,
,,,-0.411083,0,
,,,-0.411051,0,
,,,-0.411019,0,
,,,-0.410987,0,
,,,-0.410955,0.0195312476716936,
,,,-0.410923,0,
,,,-0.410891,0,
,,,-0.410859,0,
,,,-0.410827,0,
,,,-0.410795,-0.0214843724388629,
,,,-0.410763,0,
,,,-0.410731,0,
,,,-0.410699,0,
,,,-0.410667,0.0195312476716936,
,,,-0.410635,0,
,,,-0.410603,0,
,,,-0.410571,0,
,,,-0.410539,0,
,,,-0.410507,0,
,,,-0.410475,0.0195312476716936,
,,,-0.410443,0,
,,,-0.410411,0,
,,,-0.410379,0,
,,,-0.410347,0,
,,,-0.410315,0,
,,,-0.410283,0,
,,,-0.410251,0,
,,,-0.410219,0,
,,,-0.410187,0.0195312476716936,
,,,-0.410155,-0.0214843724388629,
,,,-0.410123,0,
,,,-0.410091,0.0195312476716936,
,,,-0.410059,0,
,,,-0.410027,0,
,,,-0.409995,0,
,,,-0.409963,0,
,,,-0.409931,0.0195312476716936,
,,,-0.409899,0.0195312476716936,
,,,-0.409867,0.0195312476716936,
,,,-0.409835,0,
,,,-0.409803,0,
,,,-0.409771,0,
,,,-0.409739,0,
,,,-0.409707,0,
,,,-0.409675,-0.0214843724388629,
,,,-0.409643,0,
,,,-0.409611,0,
,,,-0.409579,0.0195312476716936,
,,,-0.409547,0,
,,,-0.409515,0,
,,,-0.409483,0,
,,,-0.409451,0.0195312476716936,
,,,-0.409419,0.0195312476716936,
,,,-0.409387,0.0195312476716936,
,,,-0.409355,0.0195312476716936,
,,,-0.409323,0.0195312476716936,
,,,-0.409291,0.0195312476716936,
,,,-0.409259,0.0195312476716936,
,,,-0.409227,0,
,,,-0.409195,0,
,,,-0.409163,0.0195312476716936,
,,,-0.409131,0.0195312476716936,
,,,-0.409099,0.0195312476716936,
,,,-0.409067,0.0195312476716936,
,,,-0.409035,0.0195312476716936,
,,,-0.409003,0,
,,,-0.408971,0.0195312476716936,
,,,-0.408939,0.0195312476716936,
,,,-0.408907,0,
,,,-0.408875,0.0195312476716936,
,,,-0.408843,0,
,,,-0.408811,0.0195312476716936,
,,,-0.408779,0.0195312476716936,
,,,-0.408747,0,
,,,-0.408715,0,
,,,-0.408683,0.0195312476716936,
,,,-0.408651,0,
,,,-0.408619,0.0195312476716936,
,,,-0.408587,0.0195312476716936,
,,,-0.408555,0,
,,,-0.408523,0.0390624953433871,
,,,-0.408491,0,
,,,-0.408459,0.0195312476716936,
,,,-0.408427,0.0195312476716936,
,,,-0.408395,0.0195312476716936,
,,,-0.408363,0,
,,,-0.408331,0,
,,,-0.408299,0,
,,,-0.408267,0.0195312476716936,
,,,-0.408235,0.0195312476716936,
,,,-0.408203,0.0195312476716936,
,,,-0.408171,0,
,,,-0.408139,0,
,,,-0.408107,0.0195312476716936,
,,,-0.408075,0,
,,,-0.408043,0.0195312476716936,
,,,-0.408011,0,
,,,-0.407979,0.0195312476716936,
,,,-0.407947,0.0195312476716936,
,,,-0.407915,0.0195312476716936,
,,,-0.407883,0.0195312476716936,
,,,-0.407851,0,
,,,-0.407819,0,
,,,-0.407787,0,
,,,-0.407755,-0.0800781154539436,
,,,-0.407723,0.0195312476716936,
,,,-0.407691,0.0195312476716936,
,,,-0.407659,0.0195312476716936,
,,,-0.407627,0.0195312476716936,
,,,-0.407595,0.0195312476716936,
,,,-0.407563,0.0390624953433871,
,,,-0.407531,-0.0214843724388629,
,,,-0.407499,0.0195312476716936,
,,,-0.407467,0.0195312476716936,
,,,-0.407435,0,
,,,-0.407403,0,
,,,-0.407371,0,
,,,-0.407339,0.0195312476716936,
,,,-0.407307,0.0195312476716936,
,,,-0.407275,-0.0800781154539436,
,,,-0.407243,0.0195312476716936,
,,,-0.407211,0.0195312476716936,
,,,-0.407179,-0.0214843724388629,
,,,-0.407147,0,
,,,-0.407115,0,
,,,-0.407083,0.0195312476716936,
,,,-0.407051,0.0195312476716936,
,,,-0.407019,0.0390624953433871,
,,,-0.406987,0,
,,,-0.406955,0,
,,,-0.406923,0.0195312476716936,
,,,-0.406891,0,
,,,-0.406859,-0.0214843724388629,
,,,-0.406827,0.0195312476716936,
,,,-0.406795,0.0195312476716936,
,,,-0.406763,0,
,,,-0.406731,0,
,,,-0.406699,0.0195312476716936,
,,,-0.406667,-0.0214843724388629,
,,,-0.406635,0.0195312476716936,
,,,-0.406603,0.0195312476716936,
,,,-0.406571,0.0195312476716936,
,,,-0.406539,0.0195312476716936,
,,,-0.406507,0.0195312476716936,
,,,-0.406475,0.0195312476716936,
,,,-0.406443,0,
,,,-0.406411,0.0195312476716936,
,,,-0.406379,0.0585937430150807,
,,,-0.406347,0.0195312476716936,
,,,-0.406315,0.0195312476716936,
,,,-0.406283,0,
,,,-0.406251,0.0195312476716936,
,,,-0.406219,0,
,,,-0.406187,0,
,,,-0.406155,0.0585937430150807,
,,,-0.406123,0.0195312476716936,
,,,-0.406091,0,
,,,-0.406059,0,
,,,-0.406027,0.0195312476716936,
,,,-0.405995,0.0195312476716936,
,,,-0.405963,0.0195312476716936,
,,,-0.405931,0,
,,,-0.405899,0,
,,,-0.405867,0.0195312476716936,
,,,-0.405835,0.0195312476716936,
,,,-0.405803,0.0195312476716936,
,,,-0.405771,0,
,,,-0.405739,0,
,,,-0.405707,0,
,,,-0.405675,0.0195312476716936,
,,,-0.405643,0.0195312476716936,
,,,-0.405611,0,
,,,-0.405579,0,
,,,-0.405547,0,
,,,-0.405515,-0.0214843724388629,
,,,-0.405483,0,
,,,-0.405451,0.0195312476716936,
,,,-0.405419,0,
,,,-0.405387,0.0195312476716936,
,,,-0.405355,0.0195312476716936,
,,,-0.405323,0,
,,,-0.405291,0,
,,,-0.405259,0,
,,,-0.405227,-0.0214843724388629,
,,,-0.405195,0,
,,,-0.405163,0.0195312476716936,
,,,-0.405131,0,
,,,-0.405099,0,
,,,-0.405067,0,
,,,-0.405035,0,
,,,-0.405003,0,
,,,-0.404971,0,
,,,-0.404939,0.0195312476716936,
,,,-0.404907,0.0195312476716936,
,,,-0.404875,0,
,,,-0.404843,0.0195312476716936,
,,,-0.404811,0,
,,,-0.404779,0,
,,,-0.404747,0,
,,,-0.404715,0,
,,,-0.404683,0.0195312476716936,
,,,-0.404651,0.0195312476716936,
,,,-0.404619,0,
,,,-0.404587,0.0195312476716936,
,,,-0.404555,0,
,,,-0.404523,0,
,,,-0.404491,0.0195312476716936,
,,,-0.404459,0.0195312476716936,
,,,-0.404427,0,
,,,-0.404395,-0.0214843724388629,
,,,-0.404363,0,
,,,-0.404331,0,
,,,-0.404299,0.0195312476716936,
,,,-0.404267,0.0195312476716936,
,,,-0.404235,0,
,,,-0.404203,0,
,,,-0.404171,-0.0214843724388629,
,,,-0.404139,0,
,,,-0.404107,0,
,,,-0.404075,0,
,,,-0.404043,0,
,,,-0.404011,0,
,,,-0.403979,0.0195312476716936,
,,,-0.403947,0.0195312476716936,
,,,-0.403915,0,
,,,-0.403883,0.0195312476716936,
,,,-0.403851,-0.0214843724388629,
,,,-0.403819,0,
,,,-0.403787,0,
,,,-0.403755,0.0195312476716936,
,,,-0.403723,-0.0214843724388629,
,,,-0.403691,0.0390624953433871,
,,,-0.403659,0.0195312476716936,
,,,-0.403627,0.0195312476716936,
,,,-0.403595,0.0195312476716936,
,,,-0.403563,0,
,,,-0.403531,0,
,,,-0.403499,0,
,,,-0.403467,0,
,,,-0.403435,0.0195312476716936,
,,,-0.403403,0.0195312476716936,
,,,-0.403371,-0.0214843724388629,
,,,-0.403339,0.0195312476716936,
,,,-0.403307,0,
,,,-0.403275,0.0195312476716936,
,,,-0.403243,0.0195312476716936,
,,,-0.403211,0.0195312476716936,
,,,-0.403179,0.0195312476716936,
,,,-0.403147,-0.0214843724388629,
,,,-0.403115,0.0195312476716936,
,,,-0.403083,0.0195312476716936,
,,,-0.403051,-0.0214843724388629,
,,,-0.403019,0,
,,,-0.402987,0.0195312476716936,
,,,-0.402955,0,
,,,-0.402923,0.0390624953433871,
,,,-0.402891,0.0195312476716936,
,,,-0.402859,0.0195312476716936,
,,,-0.402827,0.0195312476716936,
,,,-0.402795,0,
,,,-0.402763,0,
,,,-0.402731,0,
,,,-0.402699,0,
,,,-0.402667,0.0195312476716936,
,,,-0.402635,0,
,,,-0.402603,0.0195312476716936,
,,,-0.402571,0.0195312476716936,
,,,-0.402539,0.0195312476716936,
,,,-0.402507,0.0195312476716936,
,,,-0.402475,0.0195312476716936,
,,,-0.402443,-0.0214843724388629,
,,,-0.402411,0.0195312476716936,
,,,-0.402379,0.0195312476716936,
,,,-0.402347,0.0195312476716936,
,,,-0.402315,0.0195312476716936,
,,,-0.402283,0,
,,,-0.402251,0,
,,,-0.402219,0,
,,,-0.402187,0.0195312476716936,
,,,-0.402155,0.0195312476716936,
,,,-0.402123,0,
,,,-0.402091,0,
,,,-0.402059,0,
,,,-0.402027,0.0195312476716936,
,,,-0.401995,0.0195312476716936,
,,,-0.401963,0,
,,,-0.401931,0,
,,,-0.401899,0.0195312476716936,
,,,-0.401867,0.0195312476716936,
,,,-0.401835,0.0195312476716936,
,,,-0.401803,0,
,,,-0.401771,0.0195312476716936,
,,,-0.401739,0,
,,,-0.401707,0.0195312476716936,
,,,-0.401675,0.0195312476716936,
,,,-0.401643,0.0195312476716936,
,,,-0.401611,0,
,,,-0.401579,-0.0214843724388629,
,,,-0.401547,0.0195312476716936,
,,,-0.401515,0.0195312476716936,
,,,-0.401483,0.0195312476716936,
,,,-0.401451,0.0195312476716936,
,,,-0.401419,0.0195312476716936,
,,,-0.401387,0,
,,,-0.401355,0,
,,,-0.401323,-0.0214843724388629,
,,,-0.401291,0.0195312476716936,
,,,-0.401259,0,
,,,-0.401227,0,
,,,-0.401195,0.0195312476716936,
,,,-0.401163,0,
,,,-0.401131,0.0195312476716936,
,,,-0.401099,0.0195312476716936,
,,,-0.401067,0,
,,,-0.401035,0,
,,,-0.401003,-0.0214843724388629,
,,,-0.400971,-0.0214843724388629,
,,,-0.400939,0.0195312476716936,
,,,-0.400907,0,
,,,-0.400875,0,
,,,-0.400843,0,
,,,-0.400811,0.0195312476716936,
,,,-0.400779,0,
,,,-0.400747,0.0195312476716936,
,,,-0.400715,0,
,,,-0.400683,0.0195312476716936,
,,,-0.400651,0.0195312476716936,
,,,-0.400619,0.0195312476716936,
,,,-0.400587,0,
,,,-0.400555,0.0195312476716936,
,,,-0.400523,0.0195312476716936,
,,,-0.400491,0.0195312476716936,
,,,-0.400459,0,
,,,-0.400427,0.0195312476716936,
,,,-0.400395,0.0195312476716936,
,,,-0.400363,0.0195312476716936,
,,,-0.400331,0,
,,,-0.400299,0,
,,,-0.400267,0,
,,,-0.400235,0,
,,,-0.400203,-0.0214843724388629,
,,,-0.400171,0.0195312476716936,
,,,-0.400139,0.0195312476716936,
,,,-0.400107,0,
,,,-0.400075,0.0195312476716936,
,,,-0.400043,0,
,,,-0.400011,0.0195312476716936,
,,,-0.399979,0,
,,,-0.399947,0.0195312476716936,
,,,-0.399915,0,
,,,-0.399883,0.0195312476716936,
,,,-0.399851,0.0195312476716936,
,,,-0.399819,0.0195312476716936,
,,,-0.399787,0,
,,,-0.399755,0,
,,,-0.399723,0.0195312476716936,
,,,-0.399691,0.0195312476716936,
,,,-0.399659,0.0195312476716936,
,,,-0.399627,0.0195312476716936,
,,,-0.399595,0,
,,,-0.399563,0,
,,,-0.399531,0,
,,,-0.399499,-0.0214843724388629,
,,,-0.399467,0.0195312476716936,
,,,-0.399435,0.0195312476716936,
,,,-0.399403,0,
,,,-0.399371,0.0195312476716936,
,,,-0.399339,0,
,,,-0.399307,0.0195312476716936,
,,,-0.399275,0,
,,,-0.399243,0.0195312476716936,
,,,-0.399211,0.0195312476716936,
,,,-0.399179,0.0195312476716936,
,,,-0.399147,0.0195312476716936,
,,,-0.399115,0.0195312476716936,
,,,-0.399083,0.0195312476716936,
,,,-0.399051,-0.06054686778225,
,,,-0.399019,0.0195312476716936,
,,,-0.398987,-0.0214843724388629,
,,,-0.398955,0.0195312476716936,
,,,-0.398923,0.0195312476716936,
,,,-0.398891,0.0195312476716936,
,,,-0.398859,-0.0214843724388629,
,,,-0.398827,0,
,,,-0.398795,0.0195312476716936,
,,,-0.398763,0.0195312476716936,
,,,-0.398731,-0.0214843724388629,
,,,-0.398699,0.0195312476716936,
,,,-0.398667,0.0195312476716936,
,,,-0.398635,0.0390624953433871,
,,,-0.398603,0,
,,,-0.398571,0.0195312476716936,
,,,-0.398539,0.0195312476716936,
,,,-0.398507,0.0195312476716936,
,,,-0.398475,0.0195312476716936,
,,,-0.398443,0.0195312476716936,
,,,-0.398411,0.0390624953433871,
,,,-0.398379,0.0195312476716936,
,,,-0.398347,0,
,,,-0.398315,-0.0214843724388629,
,,,-0.398283,0.0195312476716936,
,,,-0.398251,0.0195312476716936,
,,,-0.398219,0.0195312476716936,
,,,-0.398187,0,
,,,-0.398155,0.0195312476716936,
,,,-0.398123,0.0195312476716936,
,,,-0.398091,0.0195312476716936,
,,,-0.398059,0,
,,,-0.398027,0,
,,,-0.397995,0.0195312476716936,
,,,-0.397963,0.0195312476716936,
,,,-0.397931,0,
,,,-0.397899,0.0195312476716936,
,,,-0.397867,0.0195312476716936,
,,,-0.397835,0.0195312476716936,
,,,-0.397803,0.0195312476716936,
,,,-0.397771,0.0195312476716936,
,,,-0.397739,0,
,,,-0.397707,0,
,,,-0.397675,0,
,,,-0.397643,0,
,,,-0.397611,0.0195312476716936,
,,,-0.397579,-0.0410156201105565,
,,,-0.397547,0,
,,,-0.397515,0.0195312476716936,
,,,-0.397483,0.0195312476716936,
,,,-0.397451,0.0195312476716936,
,,,-0.397419,0.0195312476716936,
,,,-0.397387,0.0195312476716936,
,,,-0.397355,0.0390624953433871,
,,,-0.397323,0,
,,,-0.397291,0,
,,,-0.397259,0.0195312476716936,
,,,-0.397227,0.0195312476716936,
,,,-0.397195,0,
,,,-0.397163,0,
,,,-0.397131,0.0195312476716936,
,,,-0.397099,0.0195312476716936,
,,,-0.397067,0,
,,,-0.397035,0,
,,,-0.397003,0,
,,,-0.396971,0,
,,,-0.396939,0,
,,,-0.396907,0,
,,,-0.396875,0.0195312476716936,
,,,-0.396843,0.0195312476716936,
,,,-0.396811,-0.0214843724388629,
,,,-0.396779,-0.0214843724388629,
,,,-0.396747,0.0195312476716936,
,,,-0.396715,0,
,,,-0.396683,0.0195312476716936,
,,,-0.396651,0.0195312476716936,
,,,-0.396619,0.0195312476716936,
,,,-0.396587,0.0195312476716936,
,,,-0.396555,0.0195312476716936,
,,,-0.396523,0.0195312476716936,
,,,-0.396491,0.0390624953433871,
,,,-0.396459,0,
,,,-0.396427,0.0195312476716936,
,,,-0.396395,0.0195312476716936,
,,,-0.396363,0,
,,,-0.396331,0.0195312476716936,
,,,-0.396299,0.0195312476716936,
,,,-0.396267,0.0195312476716936,
,,,-0.396235,0.0195312476716936,
,,,-0.396203,0,
,,,-0.396171,0,
,,,-0.396139,0,
,,,-0.396107,0.0195312476716936,
,,,-0.396075,0.0195312476716936,
,,,-0.396043,0,
,,,-0.396011,-0.0214843724388629,
,,,-0.395979,0.0195312476716936,
,,,-0.395947,0.0195312476716936,
,,,-0.395915,0,
,,,-0.395883,0.0195312476716936,
,,,-0.395851,0.0195312476716936,
,,,-0.395819,0,
,,,-0.395787,0.0195312476716936,
,,,-0.395755,0.0195312476716936,
,,,-0.395723,0,
,,,-0.395691,0.0195312476716936,
,,,-0.395659,0.0390624953433871,
,,,-0.395627,0.0195312476716936,
,,,-0.395595,0.0390624953433871,
,,,-0.395563,0.0195312476716936,
,,,-0.395531,0,
,,,-0.395499,-0.0214843724388629,
,,,-0.395467,0,
,,,-0.395435,0.0195312476716936,
,,,-0.395403,0.0195312476716936,
,,,-0.395371,0,
,,,-0.395339,0,
,,,-0.395307,0.0195312476716936,
,,,-0.395275,0,
,,,-0.395243,-0.0214843724388629,
,,,-0.395211,-0.0214843724388629,
,,,-0.395179,-0.0214843724388629,
,,,-0.395147,0,
,,,-0.395115,0.0195312476716936,
,,,-0.395083,0.0195312476716936,
,,,-0.395051,-0.0214843724388629,
,,,-0.395019,0.0195312476716936,
,,,-0.394987,0.0195312476716936,
,,,-0.394955,0.0195312476716936,
,,,-0.394923,0,
,,,-0.394891,0,
,,,-0.394859,0,
,,,-0.394827,0,
,,,-0.394795,0,
,,,-0.394763,0,
,,,-0.394731,0.0390624953433871,
,,,-0.394699,0,
,,,-0.394667,0.0195312476716936,
,,,-0.394635,0,
,,,-0.394603,0,
,,,-0.394571,0,
,,,-0.394539,0,
,,,-0.394507,-0.0214843724388629,
,,,-0.394475,0.0195312476716936,
,,,-0.394443,0,
,,,-0.394411,0,
,,,-0.394379,-0.0214843724388629,
,,,-0.394347,0,
,,,-0.394315,0,
,,,-0.394283,0,
,,,-0.394251,0.0195312476716936,
,,,-0.394219,0.0195312476716936,
,,,-0.394187,0,
,,,-0.394155,0,
,,,-0.394123,0,
,,,-0.394091,0,
,,,-0.394059,0,
,,,-0.394027,0,
,,,-0.393995,0.0195312476716936,
,,,-0.393963,0,
,,,-0.393931,0.0195312476716936,
,,,-0.393899,0,
,,,-0.393867,0,
,,,-0.393835,-0.0214843724388629,
,,,-0.393803,0.0195312476716936,
,,,-0.393771,-0.0214843724388629,
,,,-0.393739,0.0195312476716936,
,,,-0.393707,0.0195312476716936,
,,,-0.393675,0,
,,,-0.393643,0.0195312476716936,
,,,-0.393611,0.0195312476716936,
,,,-0.393579,0.0195312476716936,
,,,-0.393547,0,
,,,-0.393515,0.0195312476716936,
,,,-0.393483,0.0195312476716936,
,,,-0.393451,0,
,,,-0.393419,0.0195312476716936,
,,,-0.393387,0.0195312476716936,
,,,-0.393355,0,
,,,-0.393323,0,
,,,-0.393291,0,
,,,-0.393259,0,
,,,-0.393227,0.0195312476716936,
,,,-0.393195,0.0195312476716936,
,,,-0.393163,0.0195312476716936,
,,,-0.393131,0.0195312476716936,
,,,-0.393099,0,
,,,-0.393067,0.0195312476716936,
,,,-0.393035,0,
,,,-0.393003,0,
,,,-0.392971,0,
,,,-0.392939,0,
,,,-0.392907,0,
,,,-0.392875,-0.0214843724388629,
,,,-0.392843,0,
,,,-0.392811,0,
,,,-0.392779,0.0195312476716936,
,,,-0.392747,0,
,,,-0.392715,0.0195312476716936,
,,,-0.392683,0.0195312476716936,
,,,-0.392651,0,
,,,-0.392619,0,
,,,-0.392587,0,
,,,-0.392555,0.0195312476716936,
,,,-0.392523,0,
,,,-0.392491,0,
,,,-0.392459,-0.0214843724388629,
,,,-0.392427,0.0195312476716936,
,,,-0.392395,0,
,,,-0.392363,0.0195312476716936,
,,,-0.392331,0.0195312476716936,
,,,-0.392299,0.0195312476716936,
,,,-0.392267,0,
,,,-0.392235,0.0195312476716936,
,,,-0.392203,0,
,,,-0.392171,0.0195312476716936,
,,,-0.392139,0,
,,,-0.392107,0,
,,,-0.392075,0,
,,,-0.392043,0.0195312476716936,
,,,-0.392011,0.0195312476716936,
,,,-0.391979,0,
,,,-0.391947,0.0195312476716936,
,,,-0.391915,0,
,,,-0.391883,0,
,,,-0.391851,0,
,,,-0.391819,0.0195312476716936,
,,,-0.391787,0.0195312476716936,
,,,-0.391755,0,
,,,-0.391723,0,
,,,-0.391691,0.0195312476716936,
,,,-0.391659,0.0195312476716936,
,,,-0.391627,0,
,,,-0.391595,0.0195312476716936,
,,,-0.391563,0.0195312476716936,
,,,-0.391531,0,
,,,-0.391499,-0.0214843724388629,
,,,-0.391467,0.0195312476716936,
,,,-0.391435,0.0195312476716936,
,,,-0.391403,0.0195312476716936,
,,,-0.391371,0,
,,,-0.391339,0,
,,,-0.391307,0.0195312476716936,
,,,-0.391275,0.0195312476716936,
,,,-0.391243,0.0195312476716936,
,,,-0.391211,0,
,,,-0.391179,0.0195312476716936,
,,,-0.391147,-0.0214843724388629,
,,,-0.391115,0,
,,,-0.391083,0,
,,,-0.391051,0,
,,,-0.391019,0.0195312476716936,
,,,-0.390987,0.0195312476716936,
,,,-0.390955,0,
,,,-0.390923,0.0195312476716936,
,,,-0.390891,0.0195312476716936,
,,,-0.390859,0.0195312476716936,
,,,-0.390827,0.0195312476716936,
,,,-0.390795,0,
,,,-0.390763,0.0195312476716936,
,,,-0.390731,0.0195312476716936,
,,,-0.390699,0.0195312476716936,
,,,-0.390667,0.0195312476716936,
,,,-0.390635,0.0195312476716936,
,,,-0.390603,0.0195312476716936,
,,,-0.390571,0.0195312476716936,
,,,-0.390539,0.0195312476716936,
,,,-0.390507,0,
,,,-0.390475,0.0195312476716936,
,,,-0.390443,-0.0214843724388629,
,,,-0.390411,0.0390624953433871,
,,,-0.390379,0.0195312476716936,
,,,-0.390347,0.0195312476716936,
,,,-0.390315,0.0195312476716936,
,,,-0.390283,0.0195312476716936,
,,,-0.390251,0,
,,,-0.390219,-0.0214843724388629,
,,,-0.390187,0,
,,,-0.390155,0.0195312476716936,
,,,-0.390123,0,
,,,-0.390091,0,
,,,-0.390059,0.0195312476716936,
,,,-0.390027,0.0195312476716936,
,,,-0.389995,0,
,,,-0.389963,0,
,,,-0.389931,0.0195312476716936,
,,,-0.389899,0.0195312476716936,
,,,-0.389867,0,
,,,-0.389835,0,
,,,-0.389803,0,
,,,-0.389771,0.0195312476716936,
,,,-0.389739,0,
,,,-0.389707,0.0195312476716936,
,,,-0.389675,0.0195312476716936,
,,,-0.389643,0,
,,,-0.389611,-0.0214843724388629,
,,,-0.389579,0,
,,,-0.389547,0.0195312476716936,
,,,-0.389515,0,
,,,-0.389483,0.0195312476716936,
,,,-0.389451,-0.0214843724388629,
,,,-0.389419,0,
,,,-0.389387,0,
,,,-0.389355,0.0195312476716936,
,,,-0.389323,0,
,,,-0.389291,0.0195312476716936,
,,,-0.389259,0,
,,,-0.389227,0.0195312476716936,
,,,-0.389195,0.0195312476716936,
,,,-0.389163,-0.06054686778225,
,,,-0.389131,0,
,,,-0.389099,0.0195312476716936,
,,,-0.389067,0.0195312476716936,
,,,-0.389035,0.0195312476716936,
,,,-0.389003,0,
,,,-0.388971,0.0195312476716936,
,,,-0.388939,0,
,,,-0.388907,0,
,,,-0.388875,0,
,,,-0.388843,0,
,,,-0.388811,0.0390624953433871,
,,,-0.388779,0,
,,,-0.388747,0,
,,,-0.388715,0.0195312476716936,
,,,-0.388683,0,
,,,-0.388651,0.0195312476716936,
,,,-0.388619,0,
,,,-0.388587,0,
,,,-0.388555,0.0195312476716936,
,,,-0.388523,0,
,,,-0.388491,0,
,,,-0.388459,0.0195312476716936,
,,,-0.388427,0.0195312476716936,
,,,-0.388395,0,
,,,-0.388363,0.0195312476716936,
,,,-0.388331,0.0195312476716936,
,,,-0.388299,0,
,,,-0.388267,0.0195312476716936,
,,,-0.388235,0.0195312476716936,
,,,-0.388203,0.0390624953433871,
,,,-0.388171,0,
,,,-0.388139,0,
,,,-0.388107,0,
,,,-0.388075,0,
,,,-0.388043,0,
,,,-0.388011,0,
,,,-0.387979,-0.0214843724388629,
,,,-0.387947,0,
,,,-0.387915,0.0195312476716936,
,,,-0.387883,0.0585937430150807,
,,,-0.387851,0,
,,,-0.387819,-0.06054686778225,
,,,-0.387787,0,
,,,-0.387755,0,
,,,-0.387723,0,
,,,-0.387691,0,
,,,-0.387659,0,
,,,-0.387627,0.0195312476716936,
,,,-0.387595,0.0195312476716936,
,,,-0.387563,-0.0214843724388629,
,,,-0.387531,0,
,,,-0.387499,0.0195312476716936,
,,,-0.387467,-0.0410156201105565,
,,,-0.387435,0.0195312476716936,
,,,-0.387403,0,
,,,-0.387371,0,
,,,-0.387339,0.0195312476716936,
,,,-0.387307,0,
,,,-0.387275,0.0195312476716936,
,,,-0.387243,0,
,,,-0.387211,0,
,,,-0.387179,0,
,,,-0.387147,0,
,,,-0.387115,0,
,,,-0.387083,0,
,,,-0.387051,0,
,,,-0.387019,0.0195312476716936,
,,,-0.386987,0.0195312476716936,
,,,-0.386955,0.0390624953433871,
,,,-0.386923,0.0195312476716936,
,,,-0.386891,-0.0214843724388629,
,,,-0.386859,0,
,,,-0.386827,0,
,,,-0.386795,0.0195312476716936,
,,,-0.386763,0.0195312476716936,
,,,-0.386731,0.0195312476716936,
,,,-0.386699,0.0195312476716936,
,,,-0.386667,0.0195312476716936,
,,,-0.386635,0.0195312476716936,
,,,-0.386603,0.0195312476716936,
,,,-0.386571,0.0195312476716936,
,,,-0.386539,0.0195312476716936,
,,,-0.386507,0.0195312476716936,
,,,-0.386475,0,
,,,-0.386443,-0.0214843724388629,
,,,-0.386411,0.0195312476716936,
,,,-0.386379,0,
,,,-0.386347,0.0195312476716936,
,,,-0.386315,0.0195312476716936,
,,,-0.386283,0.0390624953433871,
,,,-0.386251,0,
,,,-0.386219,0.0195312476716936,
,,,-0.386187,0.0195312476716936,
,,,-0.386155,0.0195312476716936,
,,,-0.386123,0.0195312476716936,
,,,-0.386091,0,
,,,-0.386059,0,
,,,-0.386027,0,
,,,-0.385995,0,
,,,-0.385963,0,
,,,-0.385931,0.0195312476716936,
,,,-0.385899,0.0195312476716936,
,,,-0.385867,0.0195312476716936,
,,,-0.385835,0.0195312476716936,
,,,-0.385803,0,
,,,-0.385771,0.0195312476716936,
,,,-0.385739,0.0195312476716936,
,,,-0.385707,0.0195312476716936,
,,,-0.385675,0.0195312476716936,
,,,-0.385643,-0.0214843724388629,
,,,-0.385611,0.0195312476716936,
,,,-0.385579,-0.0410156201105565,
,,,-0.385547,0,
,,,-0.385515,0.0195312476716936,
,,,-0.385483,0,
,,,-0.385451,0.0195312476716936,
,,,-0.385419,0.0195312476716936,
,,,-0.385387,0.0195312476716936,
,,,-0.385355,0,
,,,-0.385323,0.0195312476716936,
,,,-0.385291,0.0195312476716936,
,,,-0.385259,0.0195312476716936,
,,,-0.385227,0.0195312476716936,
,,,-0.385195,0.0195312476716936,
,,,-0.385163,0,
,,,-0.385131,0,
,,,-0.385099,0.0195312476716936,
,,,-0.385067,0,
,,,-0.385035,0,
,,,-0.385003,0.0195312476716936,
,,,-0.384971,0.0195312476716936,
,,,-0.384939,0,
,,,-0.384907,-0.0214843724388629,
,,,-0.384875,0,
,,,-0.384843,0.0195312476716936,
,,,-0.384811,0.0195312476716936,
,,,-0.384779,0,
,,,-0.384747,0,
,,,-0.384715,0,
,,,-0.384683,0.0390624953433871,
,,,-0.384651,0,
,,,-0.384619,0,
,,,-0.384587,0,
,,,-0.384555,0,
,,,-0.384523,0,
,,,-0.384491,0,
,,,-0.384459,0,
,,,-0.384427,0,
,,,-0.384395,0.0195312476716936,
,,,-0.384363,0.0195312476716936,
,,,-0.384331,0.0195312476716936,
,,,-0.384299,0.0195312476716936,
,,,-0.384267,0.0195312476716936,
,,,-0.384235,0.0195312476716936,
,,,-0.384203,0.0195312476716936,
,,,-0.384171,0,
,,,-0.384139,0.0195312476716936,
,,,-0.384107,0.0195312476716936,
,,,-0.384075,0,
,,,-0.384043,0.0195312476716936,
,,,-0.384011,0.0195312476716936,
,,,-0.383979,0.0195312476716936,
,,,-0.383947,0.0195312476716936,
,,,-0.383915,0,
,,,-0.383883,0.0195312476716936,
,,,-0.383851,0.0195312476716936,
,,,-0.383819,0.0195312476716936,
,,,-0.383787,0,
,,,-0.383755,0,
,,,-0.383723,0,
,,,-0.383691,0,
,,,-0.383659,0.0195312476716936,
,,,-0.383627,0.0195312476716936,
,,,-0.383595,0,
,,,-0.383563,0.0195312476716936,
,,,-0.383531,0,
,,,-0.383499,0,
,,,-0.383467,0.0195312476716936,
,,,-0.383435,0,
,,,-0.383403,0,
,,,-0.383371,0.0195312476716936,
,,,-0.383339,-0.0214843724388629,
,,,-0.383307,0.0195312476716936,
,,,-0.383275,0,
,,,-0.383243,0,
,,,-0.383211,0.0195312476716936,
,,,-0.383179,0.0195312476716936,
,,,-0.383147,0.0195312476716936,
,,,-0.383115,0,
,,,-0.383083,0,
,,,-0.383051,0,
,,,-0.383019,0.0195312476716936,
,,,-0.382987,0,
,,,-0.382955,0.0195312476716936,
,,,-0.382923,0,
,,,-0.382891,0.0195312476716936,
,,,-0.382859,0,
,,,-0.382827,0.0195312476716936,
,,,-0.382795,0.0195312476716936,
,,,-0.382763,0.0195312476716936,
,,,-0.382731,0,
,,,-0.382699,0.0195312476716936,
,,,-0.382667,0.0195312476716936,
,,,-0.382635,0,
,,,-0.382603,0,
,,,-0.382571,0.0195312476716936,
,,,-0.382539,0.0195312476716936,
,,,-0.382507,0.0195312476716936,
,,,-0.382475,-0.06054686778225,
,,,-0.382443,0.0195312476716936,
,,,-0.382411,0.0195312476716936,
,,,-0.382379,0.0195312476716936,
,,,-0.382347,0.0195312476716936,
,,,-0.382315,0.0195312476716936,
,,,-0.382283,0.0195312476716936,
,,,-0.382251,0,
,,,-0.382219,-0.0214843724388629,
,,,-0.382187,0.0195312476716936,
,,,-0.382155,0.0195312476716936,
,,,-0.382123,0,
,,,-0.382091,0.0390624953433871,
,,,-0.382059,0.0195312476716936,
,,,-0.382027,0.0195312476716936,
,,,-0.381995,0.0195312476716936,
,,,-0.381963,0.0195312476716936,
,,,-0.381931,0.0195312476716936,
,,,-0.381899,0.0195312476716936,
,,,-0.381867,0,
,,,-0.381835,0,
,,,-0.381803,0.0195312476716936,
,,,-0.381771,0.0195312476716936,
,,,-0.381739,0.0195312476716936,
,,,-0.381707,0,
,,,-0.381675,-0.06054686778225,
,,,-0.381643,0.0195312476716936,
,,,-0.381611,0.0195312476716936,
,,,-0.381579,0.0195312476716936,
,,,-0.381547,0.0195312476716936,
,,,-0.381515,0,
,,,-0.381483,0,
,,,-0.381451,0.0195312476716936,
,,,-0.381419,0,
,,,-0.381387,0.0195312476716936,
,,,-0.381355,0.0390624953433871,
,,,-0.381323,0.0195312476716936,
,,,-0.381291,0.0195312476716936,
,,,-0.381259,0.0195312476716936,
,,,-0.381227,0,
,,,-0.381195,0.0390624953433871,
,,,-0.381163,0.0195312476716936,
,,,-0.381131,0.0195312476716936,
,,,-0.381099,0.0390624953433871,
,,,-0.381067,0,
,,,-0.381035,0.0195312476716936,
,,,-0.381003,0.0195312476716936,
,,,-0.380971,0,
,,,-0.380939,0.0195312476716936,
,,,-0.380907,0.0195312476716936,
,,,-0.380875,0,
,,,-0.380843,0.0195312476716936,
,,,-0.380811,0,
,,,-0.380779,0.0195312476716936,
,,,-0.380747,0,
,,,-0.380715,0,
,,,-0.380683,-0.0214843724388629,
,,,-0.380651,0.0195312476716936,
,,,-0.380619,0.0195312476716936,
,,,-0.380587,0.0195312476716936,
,,,-0.380555,0.0195312476716936,
,,,-0.380523,0.0195312476716936,
,,,-0.380491,0.0195312476716936,
,,,-0.380459,0.0195312476716936,
,,,-0.380427,0.0195312476716936,
,,,-0.380395,0,
,,,-0.380363,0.0195312476716936,
,,,-0.380331,0.0195312476716936,
,,,-0.380299,0.0195312476716936,
,,,-0.380267,0.0195312476716936,
,,,-0.380235,0,
,,,-0.380203,0.0195312476716936,
,,,-0.380171,0,
,,,-0.380139,0.0195312476716936,
,,,-0.380107,0.0195312476716936,
,,,-0.380075,0.0195312476716936,
,,,-0.380043,0,
,,,-0.380011,0,
,,,-0.379979,-0.0214843724388629,
,,,-0.379947,0.0195312476716936,
,,,-0.379915,0,
,,,-0.379883,0.0195312476716936,
,,,-0.379851,0.0195312476716936,
,,,-0.379819,0.0195312476716936,
,,,-0.379787,0.0195312476716936,
,,,-0.379755,0.0195312476716936,
,,,-0.379723,0.0195312476716936,
,,,-0.379691,0,
,,,-0.379659,0.0585937430150807,
,,,-0.379627,0,
,,,-0.379595,0,
,,,-0.379563,0,
,,,-0.379531,0.0195312476716936,
,,,-0.379499,0.0195312476716936,
,,,-0.379467,0,
,,,-0.379435,0.0195312476716936,
,,,-0.379403,-0.0214843724388629,
,,,-0.379371,0,
,,,-0.379339,0.0195312476716936,
,,,-0.379307,0.0195312476716936,
,,,-0.379275,-0.0214843724388629,
,,,-0.379243,0,
,,,-0.379211,0,
,,,-0.379179,0,
,,,-0.379147,0,
,,,-0.379115,0,
,,,-0.379083,0,
,,,-0.379051,0.0195312476716936,
,,,-0.379019,-0.0214843724388629,
,,,-0.378987,0,
,,,-0.378955,-0.0214843724388629,
,,,-0.378923,0,
,,,-0.378891,0,
,,,-0.378859,0,
,,,-0.378827,0.0195312476716936,
,,,-0.378795,0,
,,,-0.378763,0,
,,,-0.378731,-0.0214843724388629,
,,,-0.378699,0.0195312476716936,
,,,-0.378667,0.0195312476716936,
,,,-0.378635,0.0195312476716936,
,,,-0.378603,0,
,,,-0.378571,0,
,,,-0.378539,0.0195312476716936,
,,,-0.378507,0.0195312476716936,
,,,-0.378475,0.0195312476716936,
,,,-0.378443,-0.0214843724388629,
,,,-0.378411,0.0195312476716936,
,,,-0.378379,0,
,,,-0.378347,0.0195312476716936,
,,,-0.378315,0.0195312476716936,
,,,-0.378283,0,
,,,-0.378251,0.0195312476716936,
,,,-0.378219,0.0195312476716936,
,,,-0.378187,0,
,,,-0.378155,0.0195312476716936,
,,,-0.378123,0,
,,,-0.378091,0.0195312476716936,
,,,-0.378059,0,
,,,-0.378027,0,
,,,-0.377995,0,
,,,-0.377963,0.0195312476716936,
,,,-0.377931,0,
,,,-0.377899,0,
,,,-0.377867,0,
,,,-0.377835,0,
,,,-0.377803,0,
,,,-0.377771,0,
,,,-0.377739,0,
,,,-0.377707,0.0195312476716936,
,,,-0.377675,0,
,,,-0.377643,0,
,,,-0.377611,0.0195312476716936,
,,,-0.377579,0,
,,,-0.377547,0,
,,,-0.377515,0.0195312476716936,
,,,-0.377483,0,
,,,-0.377451,0,
,,,-0.377419,0,
,,,-0.377387,0,
,,,-0.377355,0,
,,,-0.377323,0,
,,,-0.377291,0,
,,,-0.377259,0,
,,,-0.377227,0,
,,,-0.377195,0,
,,,-0.377163,0,
,,,-0.377131,0,
,,,-0.377099,0,
,,,-0.377067,0,
,,,-0.377035,0.0195312476716936,
,,,-0.377003,0.0195312476716936,
,,,-0.376971,0,
,,,-0.376939,0,
,,,-0.376907,0,
,,,-0.376875,0,
,,,-0.376843,-0.0214843724388629,
,,,-0.376811,0,
,,,-0.376779,0,
,,,-0.376747,0,
,,,-0.376715,0.0195312476716936,
,,,-0.376683,0,
,,,-0.376651,0,
,,,-0.376619,0,
,,,-0.376587,0,
,,,-0.376555,-0.0214843724388629,
,,,-0.376523,0,
,,,-0.376491,0.0195312476716936,
,,,-0.376459,0.0195312476716936,
,,,-0.376427,-0.0214843724388629,
,,,-0.376395,0.0195312476716936,
,,,-0.376363,0,
,,,-0.376331,0,
,,,-0.376299,0,
,,,-0.376267,0,
,,,-0.376235,0,
,,,-0.376203,0.0195312476716936,
,,,-0.376171,0.0195312476716936,
,,,-0.376139,0.0195312476716936,
,,,-0.376107,0,
,,,-0.376075,0,
,,,-0.376043,0.0195312476716936,
,,,-0.376011,-0.0214843724388629,
,,,-0.375979,0,
,,,-0.375947,0,
,,,-0.375915,0,
,,,-0.375883,0,
,,,-0.375851,0.0195312476716936,
,,,-0.375819,0,
,,,-0.375787,0.0195312476716936,
,,,-0.375755,0.0195312476716936,
,,,-0.375723,0,
,,,-0.375691,0.0195312476716936,
,,,-0.375659,0,
,,,-0.375627,-0.0214843724388629,
,,,-0.375595,-0.0214843724388629,
,,,-0.375563,0.0195312476716936,
,,,-0.375531,0,
,,,-0.375499,0.0195312476716936,
,,,-0.375467,0.0195312476716936,
,,,-0.375435,0.0195312476716936,
,,,-0.375403,0,
,,,-0.375371,0,
,,,-0.375339,0,
,,,-0.375307,0,
,,,-0.375275,0.0195312476716936,
,,,-0.375243,0.0195312476716936,
,,,-0.375211,0.0195312476716936,
,,,-0.375179,0,
,,,-0.375147,0.0195312476716936,
,,,-0.375115,0.0195312476716936,
,,,-0.375083,0.0195312476716936,
,,,-0.375051,-0.0214843724388629,
,,,-0.375019,0,
,,,-0.374987,0.0195312476716936,
,,,-0.374955,0.0195312476716936,
,,,-0.374923,0,
,,,-0.374891,0,
,,,-0.374859,0.0195312476716936,
,,,-0.374827,0.0195312476716936,
,,,-0.374795,0.0195312476716936,
,,,-0.374763,0,
,,,-0.374731,0,
,,,-0.374699,0,
,,,-0.374667,0.0195312476716936,
,,,-0.374635,0,
,,,-0.374603,0,
,,,-0.374571,0.0195312476716936,
,,,-0.374539,0,
,,,-0.374507,0.0195312476716936,
,,,-0.374475,0.0195312476716936,
,,,-0.374443,0,
,,,-0.374411,0.0195312476716936,
,,,-0.374379,0.0195312476716936,
,,,-0.374347,0.0390624953433871,
,,,-0.374315,-0.0410156201105565,
,,,-0.374283,0,
,,,-0.374251,0.0195312476716936,
,,,-0.374219,0.0195312476716936,
,,,-0.374187,0.0195312476716936,
,,,-0.374155,0,
,,,-0.374123,0,
,,,-0.374091,0.0195312476716936,
,,,-0.374059,0.0195312476716936,
,,,-0.374027,0,
,,,-0.373995,0,
,,,-0.373963,0.0390624953433871,
,,,-0.373931,0.0195312476716936,
,,,-0.373899,0,
,,,-0.373867,0.0195312476716936,
,,,-0.373835,-0.06054686778225,
,,,-0.373803,0.0195312476716936,
,,,-0.373771,-0.0214843724388629,
,,,-0.373739,0.0195312476716936,
,,,-0.373707,0.0390624953433871,
,,,-0.373675,0,
,,,-0.373643,0.0195312476716936,
,,,-0.373611,-0.0410156201105565,
,,,-0.373579,0.0195312476716936,
,,,-0.373547,0.0195312476716936,
,,,-0.373515,0,
,,,-0.373483,0.0195312476716936,
,,,-0.373451,0.0195312476716936,
,,,-0.373419,0.0195312476716936,
,,,-0.373387,0.0195312476716936,
,,,-0.373355,0.0195312476716936,
,,,-0.373323,0.0195312476716936,
,,,-0.373291,0,
,,,-0.373259,0,
,,,-0.373227,0,
,,,-0.373195,0.0195312476716936,
,,,-0.373163,0.0195312476716936,
,,,-0.373131,0,
,,,-0.373099,0,
,,,-0.373067,0,
,,,-0.373035,0,
,,,-0.373003,-0.0214843724388629,
,,,-0.372971,0.0195312476716936,
,,,-0.372939,0.0195312476716936,
,,,-0.372907,0.0195312476716936,
,,,-0.372875,0,
,,,-0.372843,0,
,,,-0.372811,0,
,,,-0.372779,0,
,,,-0.372747,0.0195312476716936,
,,,-0.372715,0.0195312476716936,
,,,-0.372683,0.0585937430150807,
,,,-0.372651,0,
,,,-0.372619,0,
,,,-0.372587,0,
,,,-0.372555,0.0195312476716936,
,,,-0.372523,-0.06054686778225,
,,,-0.372491,0,
,,,-0.372459,0,
,,,-0.372427,-0.0214843724388629,
,,,-0.372395,0,
,,,-0.372363,0,
,,,-0.372331,0.0195312476716936,
,,,-0.372299,0,
,,,-0.372267,0,
,,,-0.372235,-0.0214843724388629,
,,,-0.372203,0,
,,,-0.372171,-0.0214843724388629,
,,,-0.372139,0.0195312476716936,
,,,-0.372107,0,
,,,-0.372075,0.0195312476716936,
,,,-0.372043,0,
,,,-0.372011,0.0195312476716936,
,,,-0.371979,0,
,,,-0.371947,0,
,,,-0.371915,0,
,,,-0.371883,0,
,,,-0.371851,0,
,,,-0.371819,-0.0214843724388629,
,,,-0.371787,0.0195312476716936,
,,,-0.371755,0,
,,,-0.371723,-0.0214843724388629,
,,,-0.371691,0.0195312476716936,
,,,-0.371659,-0.0214843724388629,
,,,-0.371627,0.0195312476716936,
,,,-0.371595,0,
,,,-0.371563,0.0390624953433871,
,,,-0.371531,0.0195312476716936,
,,,-0.371499,0,
,,,-0.371467,0,
,,,-0.371435,0.0195312476716936,
,,,-0.371403,0,
,,,-0.371371,-0.0214843724388629,
,,,-0.371339,0,
,,,-0.371307,0,
,,,-0.371275,0,
,,,-0.371243,0,
,,,-0.371211,0,
,,,-0.371179,0,
,,,-0.371147,0,
,,,-0.371115,0,
,,,-0.371083,-0.06054686778225,
,,,-0.371051,0,
,,,-0.371019,0.0390624953433871,
,,,-0.370987,-0.0214843724388629,
,,,-0.370955,0,
,,,-0.370923,0.0195312476716936,
,,,-0.370891,0,
,,,-0.370859,-0.0214843724388629,
,,,-0.370827,0.0195312476716936,
,,,-0.370795,0,
,,,-0.370763,0.0195312476716936,
,,,-0.370731,0,
,,,-0.370699,0.0195312476716936,
,,,-0.370667,0,
,,,-0.370635,0.0195312476716936,
,,,-0.370603,0.0195312476716936,
,,,-0.370571,0,
,,,-0.370539,0,
,,,-0.370507,0.0195312476716936,
,,,-0.370475,0,
,,,-0.370443,0,
,,,-0.370411,0.0195312476716936,
,,,-0.370379,-0.0214843724388629,
,,,-0.370347,0.0195312476716936,
,,,-0.370315,0,
,,,-0.370283,0.0195312476716936,
,,,-0.370251,0.0195312476716936,
,,,-0.370219,0,
,,,-0.370187,0,
,,,-0.370155,0,
,,,-0.370123,0.0195312476716936,
,,,-0.370091,0.0195312476716936,
,,,-0.370059,0.0195312476716936,
,,,-0.370027,0,
,,,-0.369995,0,
,,,-0.369963,0.0195312476716936,
,,,-0.369931,0.0195312476716936,
,,,-0.369899,0.0195312476716936,
,,,-0.369867,0.0195312476716936,
,,,-0.369835,0,
,,,-0.369803,0,
,,,-0.369771,0.0195312476716936,
,,,-0.369739,0.0195312476716936,
,,,-0.369707,0,
,,,-0.369675,0,
,,,-0.369643,0,
,,,-0.369611,0.0195312476716936,
,,,-0.369579,0,
,,,-0.369547,0.0195312476716936,
,,,-0.369515,0.0195312476716936,
,,,-0.369483,0,
,,,-0.369451,0,
,,,-0.369419,0,
,,,-0.369387,0,
,,,-0.369355,0.0195312476716936,
,,,-0.369323,0,
,,,-0.369291,0,
,,,-0.369259,0.0195312476716936,
,,,-0.369227,0,
,,,-0.369195,0,
,,,-0.369163,0,
,,,-0.369131,0,
,,,-0.369099,0,
,,,-0.369067,0.0195312476716936,
,,,-0.369035,0.0195312476716936,
,,,-0.369003,0.0195312476716936,
,,,-0.368971,0,
,,,-0.368939,0.0195312476716936,
,,,-0.368907,0.0195312476716936,
,,,-0.368875,0.0195312476716936,
,,,-0.368843,0.0195312476716936,
,,,-0.368811,0,
,,,-0.368779,0,
,,,-0.368747,0.0195312476716936,
,,,-0.368715,0.0195312476716936,
,,,-0.368683,0,
,,,-0.368651,0.0195312476716936,
,,,-0.368619,0,
,,,-0.368587,0,
,,,-0.368555,0,
,,,-0.368523,0.0195312476716936,
,,,-0.368491,0,
,,,-0.368459,0.0195312476716936,
,,,-0.368427,0,
,,,-0.368395,0,
,,,-0.368363,0.0195312476716936,
,,,-0.368331,0.0195312476716936,
,,,-0.368299,0,
,,,-0.368267,0.0195312476716936,
,,,-0.368235,0,
,,,-0.368203,0,
,,,-0.368171,0.0195312476716936,
,,,-0.368139,0,
,,,-0.368107,0.0195312476716936,
,,,-0.368075,0.0195312476716936,
,,,-0.368043,0,
,,,-0.368011,0,
,,,-0.367979,0.0195312476716936,
,,,-0.367947,0,
,,,-0.367915,0,
,,,-0.367883,0.0195312476716936,
,,,-0.367851,0.0195312476716936,
,,,-0.367819,0,
,,,-0.367787,0.0195312476716936,
,,,-0.367755,0,
,,,-0.367723,0,
,,,-0.367691,0.0195312476716936,
,,,-0.367659,0,
,,,-0.367627,-0.0214843724388629,
,,,-0.367595,0.0195312476716936,
,,,-0.367563,-0.0214843724388629,
,,,-0.367531,-0.0214843724388629,
,,,-0.367499,0,
,,,-0.367467,0,
,,,-0.367435,0,
,,,-0.367403,0.0195312476716936,
,,,-0.367371,0,
,,,-0.367339,0.0195312476716936,
,,,-0.367307,0.0195312476716936,
,,,-0.367275,0,
,,,-0.367243,0,
,,,-0.367211,0,
,,,-0.367179,0.0195312476716936,
,,,-0.367147,0.0195312476716936,
,,,-0.367115,0.0195312476716936,
,,,-0.367083,0,
,,,-0.367051,0,
,,,-0.367019,0.0195312476716936,
,,,-0.366987,0,
,,,-0.366955,0.0195312476716936,
,,,-0.366923,0.0195312476716936,
,,,-0.366891,0.0195312476716936,
,,,-0.366859,0.0195312476716936,
,,,-0.366827,0.0195312476716936,
,,,-0.366795,0.0195312476716936,
,,,-0.366763,0,
,,,-0.366731,0,
,,,-0.366699,0.0195312476716936,
,,,-0.366667,0.0195312476716936,
,,,-0.366635,0,
,,,-0.366603,0.0195312476716936,
,,,-0.366571,0,
,,,-0.366539,0.0195312476716936,
,,,-0.366507,0,
,,,-0.366475,0,
,,,-0.366443,-0.0410156201105565,
,,,-0.366411,0,
,,,-0.366379,0.0195312476716936,
,,,-0.366347,0.0585937430150807,
,,,-0.366315,0.0195312476716936,
,,,-0.366283,0.0195312476716936,
,,,-0.366251,0.0195312476716936,
,,,-0.366219,0.0195312476716936,
,,,-0.366187,0,
,,,-0.366155,0.0195312476716936,
,,,-0.366123,-0.0214843724388629,
,,,-0.366091,0,
,,,-0.366059,0.0195312476716936,
,,,-0.366027,0,
,,,-0.365995,0,
,,,-0.365963,0,
,,,-0.365931,0,
,,,-0.365899,0,
,,,-0.365867,0,
,,,-0.365835,0.0390624953433871,
,,,-0.365803,0.0195312476716936,
,,,-0.365771,0.0195312476716936,
,,,-0.365739,0.0195312476716936,
,,,-0.365707,0.0195312476716936,
,,,-0.365675,0.0195312476716936,
,,,-0.365643,0,
,,,-0.365611,0.0195312476716936,
,,,-0.365579,0,
,,,-0.365547,0,
,,,-0.365515,-0.0214843724388629,
,,,-0.365483,0,
,,,-0.365451,0,
,,,-0.365419,0.0195312476716936,
,,,-0.365387,0.0195312476716936,
,,,-0.365355,0,
,,,-0.365323,0,
,,,-0.365291,0.0195312476716936,
,,,-0.365259,0,
,,,-0.365227,0.0195312476716936,
,,,-0.365195,0,
,,,-0.365163,0,
,,,-0.365131,0.0195312476716936,
,,,-0.365099,0.0195312476716936,
,,,-0.365067,0.0195312476716936,
,,,-0.365035,0,
,,,-0.365003,0.0195312476716936,
,,,-0.364971,-0.0214843724388629,
,,,-0.364939,0,
,,,-0.364907,0.0195312476716936,
,,,-0.364875,0.0195312476716936,
,,,-0.364843,0.0195312476716936,
,,,-0.364811,0.0195312476716936,
,,,-0.364779,0,
,,,-0.364747,0,
,,,-0.364715,0.0195312476716936,
,,,-0.364683,0.0195312476716936,
,,,-0.364651,0.0195312476716936,
,,,-0.364619,0.0195312476716936,
,,,-0.364587,0,
,,,-0.364555,0,
,,,-0.364523,0.0195312476716936,
,,,-0.364491,0.0195312476716936,
,,,-0.364459,0.0195312476716936,
,,,-0.364427,0,
,,,-0.364395,0,
,,,-0.364363,0,
,,,-0.364331,0.0195312476716936,
,,,-0.364299,0.0195312476716936,
,,,-0.364267,0,
,,,-0.364235,-0.0214843724388629,
,,,-0.364203,0.0195312476716936,
,,,-0.364171,0.0195312476716936,
,,,-0.364139,0,
,,,-0.364107,0.0195312476716936,
,,,-0.364075,-0.0214843724388629,
,,,-0.364043,0.0195312476716936,
,,,-0.364011,0.0195312476716936,
,,,-0.363979,0.0195312476716936,
,,,-0.363947,0.0195312476716936,
,,,-0.363915,0,
,,,-0.363883,0.0195312476716936,
,,,-0.363851,0,
,,,-0.363819,0.0195312476716936,
,,,-0.363787,0,
,,,-0.363755,0,
,,,-0.363723,0.0195312476716936,
,,,-0.363691,0,
,,,-0.363659,0,
,,,-0.363627,0.0195312476716936,
,,,-0.363595,-0.0214843724388629,
,,,-0.363563,0.0195312476716936,
,,,-0.363531,0.0195312476716936,
,,,-0.363499,0,
,,,-0.363467,0.0195312476716936,
,,,-0.363435,0,
,,,-0.363403,0,
,,,-0.363371,-0.0214843724388629,
,,,-0.363339,0.0390624953433871,
,,,-0.363307,0.0195312476716936,
,,,-0.363275,0.0195312476716936,
,,,-0.363243,0.0195312476716936,
,,,-0.363211,0.0195312476716936,
,,,-0.363179,0.0195312476716936,
,,,-0.363147,0.0195312476716936,
,,,-0.363115,0,
,,,-0.363083,0,
,,,-0.363051,0,
,,,-0.363019,0,
,,,-0.362987,0,
,,,-0.362955,0,
,,,-0.362923,0.0390624953433871,
,,,-0.362891,0,
,,,-0.362859,-0.0214843724388629,
,,,-0.362827,0.0195312476716936,
,,,-0.362795,0.0195312476716936,
,,,-0.362763,0.0390624953433871,
,,,-0.362731,0,
,,,-0.362699,0,
,,,-0.362667,0.0195312476716936,
,,,-0.362635,0,
,,,-0.362603,0.0195312476716936,
,,,-0.362571,0,
,,,-0.362539,0,
,,,-0.362507,0,
,,,-0.362475,0.0195312476716936,
,,,-0.362443,-0.0214843724388629,
,,,-0.362411,0.0195312476716936,
,,,-0.362379,0,
,,,-0.362347,0,
,,,-0.362315,-0.0214843724388629,
,,,-0.362283,0.0195312476716936,
,,,-0.362251,0.0195312476716936,
,,,-0.362219,0,
,,,-0.362187,0,
,,,-0.362155,0,
,,,-0.362123,0.0195312476716936,
,,,-0.362091,0,
,,,-0.362059,0,
,,,-0.362027,0.0195312476716936,
,,,-0.361995,0,
,,,-0.361963,0,
,,,-0.361931,-0.0214843724388629,
,,,-0.361899,0.0195312476716936,
,,,-0.361867,0.0390624953433871,
,,,-0.361835,0,
,,,-0.361803,0.0195312476716936,
,,,-0.361771,0.0195312476716936,
,,,-0.361739,0.0195312476716936,
,,,-0.361707,0,
,,,-0.361675,-0.0214843724388629,
,,,-0.361643,0,
,,,-0.361611,0,
,,,-0.361579,-0.0214843724388629,
,,,-0.361547,0,
,,,-0.361515,0,
,,,-0.361483,0,
,,,-0.361451,0.0195312476716936,
,,,-0.361419,0,
,,,-0.361387,0,
,,,-0.361355,0,
,,,-0.361323,0.0195312476716936,
,,,-0.361291,0,
,,,-0.361259,0,
,,,-0.361227,0.0195312476716936,
,,,-0.361195,0.0195312476716936,
,,,-0.361163,0,
,,,-0.361131,0,
,,,-0.361099,0,
,,,-0.361067,0,
,,,-0.361035,0,
,,,-0.361003,0.0195312476716936,
,,,-0.360971,0,
,,,-0.360939,-0.0214843724388629,
,,,-0.360907,0.0195312476716936,
,,,-0.360875,0,
,,,-0.360843,0,
,,,-0.360811,0,
,,,-0.360779,0.0195312476716936,
,,,-0.360747,0,
,,,-0.360715,-0.0214843724388629,
,,,-0.360683,-0.0214843724388629,
,,,-0.360651,0,
,,,-0.360619,0,
,,,-0.360587,0,
,,,-0.360555,0,
,,,-0.360523,0,
,,,-0.360491,0,
,,,-0.360459,0,
,,,-0.360427,0,
,,,-0.360395,-0.0214843724388629,
,,,-0.360363,0,
,,,-0.360331,-0.0214843724388629,
,,,-0.360299,0,
,,,-0.360267,0.0195312476716936,
,,,-0.360235,0,
,,,-0.360203,0,
,,,-0.360171,0,
,,,-0.360139,-0.0214843724388629,
,,,-0.360107,0,
,,,-0.360075,-0.0214843724388629,
,,,-0.360043,0,
,,,-0.360011,0,
,,,-0.359979,-0.0214843724388629,
,,,-0.359947,0,
,,,-0.359915,0,
,,,-0.359883,0,
,,,-0.359851,0,
,,,-0.359819,0.0195312476716936,
,,,-0.359787,0,
,,,-0.359755,0,
,,,-0.359723,0,
,,,-0.359691,0,
,,,-0.359659,0,
,,,-0.359627,0,
,,,-0.359595,0.0195312476716936,
,,,-0.359563,0,
,,,-0.359531,0.0195312476716936,
,,,-0.359499,-0.0214843724388629,
,,,-0.359467,-0.0214843724388629,
,,,-0.359435,0.0195312476716936,
,,,-0.359403,0,
,,,-0.359371,0,
,,,-0.359339,0,
,,,-0.359307,0.0195312476716936,
,,,-0.359275,0.0195312476716936,
,,,-0.359243,0,
,,,-0.359211,0.0195312476716936,
,,,-0.359179,0,
,,,-0.359147,0,
,,,-0.359115,0.0195312476716936,
,,,-0.359083,0.0390624953433871,
,,,-0.359051,0.0195312476716936,
,,,-0.359019,0.0195312476716936,
,,,-0.358987,0.0195312476716936,
,,,-0.358955,0,
,,,-0.358923,0.0195312476716936,
,,,-0.358891,0,
,,,-0.358859,0,
,,,-0.358827,0,
,,,-0.358795,0.0195312476716936,
,,,-0.358763,0.0195312476716936,
,,,-0.358731,0.0195312476716936,
,,,-0.358699,0,
,,,-0.358667,0,
,,,-0.358635,0,
,,,-0.358603,0,
,,,-0.358571,0.0195312476716936,
,,,-0.358539,0.0195312476716936,
,,,-0.358507,0,
,,,-0.358475,0.0195312476716936,
,,,-0.358443,0.0195312476716936,
,,,-0.358411,0.0195312476716936,
,,,-0.358379,0.0195312476716936,
,,,-0.358347,0,
,,,-0.358315,0,
,,,-0.358283,0.0195312476716936,
,,,-0.358251,0,
,,,-0.358219,0,
,,,-0.358187,0.0195312476716936,
,,,-0.358155,0,
,,,-0.358123,0,
,,,-0.358091,0.0195312476716936,
,,,-0.358059,0,
,,,-0.358027,0.0195312476716936,
,,,-0.357995,0,
,,,-0.357963,-0.0214843724388629,
,,,-0.357931,0,
,,,-0.357899,0.0195312476716936,
,,,-0.357867,0,
,,,-0.357835,0.0195312476716936,
,,,-0.357803,0.0195312476716936,
,,,-0.357771,0.0195312476716936,
,,,-0.357739,0,
,,,-0.357707,0,
,,,-0.357675,0,
,,,-0.357643,0,
,,,-0.357611,0.0195312476716936,
,,,-0.357579,0.0195312476716936,
,,,-0.357547,-0.0214843724388629,
,,,-0.357515,0.0195312476716936,
,,,-0.357483,0.0390624953433871,
,,,-0.357451,0.0195312476716936,
,,,-0.357419,0.0195312476716936,
,,,-0.357387,0.0195312476716936,
,,,-0.357355,0,
,,,-0.357323,0,
,,,-0.357291,0.0195312476716936,
,,,-0.357259,0.0195312476716936,
,,,-0.357227,0.0195312476716936,
,,,-0.357195,0.0195312476716936,
,,,-0.357163,0.0195312476716936,
,,,-0.357131,0,
,,,-0.357099,0,
,,,-0.357067,0,
,,,-0.357035,0.0195312476716936,
,,,-0.357003,0.0195312476716936,
,,,-0.356971,0,
,,,-0.356939,0.0195312476716936,
,,,-0.356907,0.0195312476716936,
,,,-0.356875,0.0390624953433871,
,,,-0.356843,0,
,,,-0.356811,0.0195312476716936,
,,,-0.356779,0,
,,,-0.356747,0,
,,,-0.356715,0.0195312476716936,
,,,-0.356683,0.0195312476716936,
,,,-0.356651,0,
,,,-0.356619,0.0195312476716936,
,,,-0.356587,0,
,,,-0.356555,0.0195312476716936,
,,,-0.356523,0,
,,,-0.356491,0.0195312476716936,
,,,-0.356459,0.0195312476716936,
,,,-0.356427,0.0195312476716936,
,,,-0.356395,0,
,,,-0.356363,0.0390624953433871,
,,,-0.356331,-0.0214843724388629,
,,,-0.356299,0,
,,,-0.356267,0.0195312476716936,
,,,-0.356235,0.0195312476716936,
,,,-0.356203,0.0195312476716936,
,,,-0.356171,0,
,,,-0.356139,0,
,,,-0.356107,0.0195312476716936,
,,,-0.356075,0.0195312476716936,
,,,-0.356043,0,
,,,-0.356011,0.0195312476716936,
,,,-0.355979,0.0195312476716936,
,,,-0.355947,0,
,,,-0.355915,-0.0410156201105565,
,,,-0.355883,0.0195312476716936,
,,,-0.355851,0,
,,,-0.355819,0.0195312476716936,
,,,-0.355787,0,
,,,-0.355755,0.0195312476716936,
,,,-0.355723,0,
,,,-0.355691,-0.0214843724388629,
,,,-0.355659,0,
,,,-0.355627,0,
,,,-0.355595,0,
,,,-0.355563,0,
,,,-0.355531,0,
,,,-0.355499,-0.0214843724388629,
,,,-0.355467,0,
,,,-0.355435,0,
,,,-0.355403,0,
,,,-0.355371,0,
,,,-0.355339,0,
,,,-0.355307,0,
,,,-0.355275,0,
,,,-0.355243,0.0195312476716936,
,,,-0.355211,0.0195312476716936,
,,,-0.355179,0,
,,,-0.355147,0,
,,,-0.355115,0,
,,,-0.355083,0.0195312476716936,
,,,-0.355051,0,
,,,-0.355019,0,
,,,-0.354987,0,
,,,-0.354955,-0.06054686778225,
,,,-0.354923,0,
,,,-0.354891,-0.0410156201105565,
,,,-0.354859,0,
,,,-0.354827,0.0390624953433871,
,,,-0.354795,0,
,,,-0.354763,0,
,,,-0.354731,0,
,,,-0.354699,0,
,,,-0.354667,0,
,,,-0.354635,0,
,,,-0.354603,0,
,,,-0.354571,0.0195312476716936,
,,,-0.354539,0,
,,,-0.354507,0,
,,,-0.354475,0,
,,,-0.354443,0,
,,,-0.354411,0,
,,,-0.354379,-0.0214843724388629,
,,,-0.354347,0,
,,,-0.354315,0.0195312476716936,
,,,-0.354283,0,
,,,-0.354251,0,
,,,-0.354219,0,
,,,-0.354187,0.0195312476716936,
,,,-0.354155,0.0195312476716936,
,,,-0.354123,0,
,,,-0.354091,0,
,,,-0.354059,0.0195312476716936,
,,,-0.354027,0,
,,,-0.353995,0,
,,,-0.353963,-0.0214843724388629,
,,,-0.353931,0,
,,,-0.353899,0,
,,,-0.353867,0.0195312476716936,
,,,-0.353835,0.0195312476716936,
,,,-0.353803,0,
,,,-0.353771,0,
,,,-0.353739,0,
,,,-0.353707,0,
,,,-0.353675,0,
,,,-0.353643,0.0390624953433871,
,,,-0.353611,-0.0214843724388629,
,,,-0.353579,0,
,,,-0.353547,-0.0214843724388629,
,,,-0.353515,0.0390624953433871,
,,,-0.353483,0.0195312476716936,
,,,-0.353451,0,
,,,-0.353419,0.0195312476716936,
,,,-0.353387,0,
,,,-0.353355,0,
,,,-0.353323,0,
,,,-0.353291,0.0195312476716936,
,,,-0.353259,0.0195312476716936,
,,,-0.353227,0.0195312476716936,
,,,-0.353195,0.0195312476716936,
,,,-0.353163,0.0195312476716936,
,,,-0.353131,0.0195312476716936,
,,,-0.353099,0.0195312476716936,
,,,-0.353067,0.0195312476716936,
,,,-0.353035,0,
,,,-0.353003,0.0195312476716936,
,,,-0.352971,0,
,,,-0.352939,0,
,,,-0.352907,0,
,,,-0.352875,0,
,,,-0.352843,-0.0214843724388629,
,,,-0.352811,0.0195312476716936,
,,,-0.352779,0.0195312476716936,
,,,-0.352747,0,
,,,-0.352715,0.0390624953433871,
,,,-0.352683,0.0195312476716936,
,,,-0.352651,0.0195312476716936,
,,,-0.352619,0.0195312476716936,
,,,-0.352587,0,
,,,-0.352555,0.0195312476716936,
,,,-0.352523,0.0195312476716936,
,,,-0.352491,0.0195312476716936,
,,,-0.352459,0.0195312476716936,
,,,-0.352427,0.0195312476716936,
,,,-0.352395,0,
,,,-0.352363,0.0195312476716936,
,,,-0.352331,0.0195312476716936,
,,,-0.352299,0.0195312476716936,
,,,-0.352267,0.0195312476716936,
,,,-0.352235,0.0195312476716936,
,,,-0.352203,0,
,,,-0.352171,0.0195312476716936,
,,,-0.352139,0.0195312476716936,
,,,-0.352107,0.0195312476716936,
,,,-0.352075,0.0195312476716936,
,,,-0.352043,0.0195312476716936,
,,,-0.352011,0.0195312476716936,
,,,-0.351979,0,
,,,-0.351947,0.0195312476716936,
,,,-0.351915,0.0195312476716936,
,,,-0.351883,0.0195312476716936,
,,,-0.351851,0,
,,,-0.351819,0.0195312476716936,
,,,-0.351787,0,
,,,-0.351755,0.0195312476716936,
,,,-0.351723,0.0195312476716936,
,,,-0.351691,0,
,,,-0.351659,0.0195312476716936,
,,,-0.351627,0,
,,,-0.351595,0.0195312476716936,
,,,-0.351563,0,
,,,-0.351531,0,
,,,-0.351499,0,
,,,-0.351467,0,
,,,-0.351435,0.0195312476716936,
,,,-0.351403,0,
,,,-0.351371,0,
,,,-0.351339,0.0195312476716936,
,,,-0.351307,0.0195312476716936,
,,,-0.351275,0,
,,,-0.351243,0.0195312476716936,
,,,-0.351211,0,
,,,-0.351179,0,
,,,-0.351147,0.0195312476716936,
,,,-0.351115,0.0195312476716936,
,,,-0.351083,0,
,,,-0.351051,0,
,,,-0.351019,0,
,,,-0.350987,0,
,,,-0.350955,0,
,,,-0.350923,0.0195312476716936,
,,,-0.350891,0.0195312476716936,
,,,-0.350859,0,
,,,-0.350827,0.0195312476716936,
,,,-0.350795,0,
,,,-0.350763,0,
,,,-0.350731,0.0195312476716936,
,,,-0.350699,0,
,,,-0.350667,0.0195312476716936,
,,,-0.350635,0.0195312476716936,
,,,-0.350603,0.0195312476716936,
,,,-0.350571,0,
,,,-0.350539,0.0195312476716936,
,,,-0.350507,0.0195312476716936,
,,,-0.350475,0.0195312476716936,
,,,-0.350443,0.0195312476716936,
,,,-0.350411,0,
,,,-0.350379,0.0195312476716936,
,,,-0.350347,0.0195312476716936,
,,,-0.350315,0.0195312476716936,
,,,-0.350283,0,
,,,-0.350251,0,
,,,-0.350219,0.0195312476716936,
,,,-0.350187,0,
,,,-0.350155,0,
,,,-0.350123,0.0195312476716936,
,,,-0.350091,0,
,,,-0.350059,0,
,,,-0.350027,0.0195312476716936,
,,,-0.349995,0,
,,,-0.349963,0,
,,,-0.349931,-0.0214843724388629,
,,,-0.349899,0,
,,,-0.349867,0,
,,,-0.349835,0.0195312476716936,
,,,-0.349803,0.0195312476716936,
,,,-0.349771,0.0195312476716936,
,,,-0.349739,0.0195312476716936,
,,,-0.349707,0.0195312476716936,
,,,-0.349675,0,
,,,-0.349643,0,
,,,-0.349611,0.0195312476716936,
,,,-0.349579,0.0195312476716936,
,,,-0.349547,0.0195312476716936,
,,,-0.349515,0.0195312476716936,
,,,-0.349483,0.0195312476716936,
,,,-0.349451,-0.0214843724388629,
,,,-0.349419,0.0195312476716936,
,,,-0.349387,0,
,,,-0.349355,0.0390624953433871,
,,,-0.349323,-0.0214843724388629,
,,,-0.349291,-0.0214843724388629,
,,,-0.349259,0,
,,,-0.349227,0.0195312476716936,
,,,-0.349195,0,
,,,-0.349163,0.0195312476716936,
,,,-0.349131,0,
,,,-0.349099,0.0195312476716936,
,,,-0.349067,0.0195312476716936,
,,,-0.349035,0,
,,,-0.349003,0.0390624953433871,
,,,-0.348971,-0.0214843724388629,
,,,-0.348939,0.0195312476716936,
,,,-0.348907,0.0195312476716936,
,,,-0.348875,-0.0214843724388629,
,,,-0.348843,0,
,,,-0.348811,0.0195312476716936,
,,,-0.348779,0.0585937430150807,
,,,-0.348747,0.0195312476716936,
,,,-0.348715,0,
,,,-0.348683,-0.0410156201105565,
,,,-0.348651,0.0390624953433871,
,,,-0.348619,0,
,,,-0.348587,0,
,,,-0.348555,0.0390624953433871,
,,,-0.348523,0.0195312476716936,
,,,-0.348491,0.0195312476716936,
,,,-0.348459,0,
,,,-0.348427,-0.0214843724388629,
,,,-0.348395,0.0390624953433871,
,,,-0.348363,0,
,,,-0.348331,0.0195312476716936,
,,,-0.348299,0.0195312476716936,
,,,-0.348267,0.0195312476716936,
,,,-0.348235,0,
,,,-0.348203,0,
,,,-0.348171,-0.0214843724388629,
,,,-0.348139,0,
,,,-0.348107,0.0195312476716936,
,,,-0.348075,0,
,,,-0.348043,0,
,,,-0.348011,-0.0214843724388629,
,,,-0.347979,0,
,,,-0.347947,0.0195312476716936,
,,,-0.347915,0.0195312476716936,
,,,-0.347883,0.0195312476716936,
,,,-0.347851,0,
,,,-0.347819,0.0195312476716936,
,,,-0.347787,0,
,,,-0.347755,-0.0410156201105565,
,,,-0.347723,0,
,,,-0.347691,0.0195312476716936,
,,,-0.347659,0,
,,,-0.347627,0.0195312476716936,
,,,-0.347595,-0.0214843724388629,
,,,-0.347563,0.0195312476716936,
,,,-0.347531,0.0195312476716936,
,,,-0.347499,0.0195312476716936,
,,,-0.347467,0.0195312476716936,
,,,-0.347435,0.0195312476716936,
,,,-0.347403,0.0585937430150807,
,,,-0.347371,0.0195312476716936,
,,,-0.347339,0,
,,,-0.347307,0.0195312476716936,
,,,-0.347275,0.0195312476716936,
,,,-0.347243,0.0195312476716936,
,,,-0.347211,0.0195312476716936,
,,,-0.347179,0.0195312476716936,
,,,-0.347147,0,
,,,-0.347115,0,
,,,-0.347083,0.0195312476716936,
,,,-0.347051,0.0195312476716936,
,,,-0.347019,0,
,,,-0.346987,-0.0214843724388629,
,,,-0.346955,0.0195312476716936,
,,,-0.346923,0.0195312476716936,
,,,-0.346891,0.0195312476716936,
,,,-0.346859,0.0195312476716936,
,,,-0.346827,0,
,,,-0.346795,0,
,,,-0.346763,0.0390624953433871,
,,,-0.346731,0.0195312476716936,
,,,-0.346699,0.0195312476716936,
,,,-0.346667,0,
,,,-0.346635,0.0195312476716936,
,,,-0.346603,0,
,,,-0.346571,0,
,,,-0.346539,0,
,,,-0.346507,0.0195312476716936,
,,,-0.346475,0.0195312476716936,
,,,-0.346443,0,
,,,-0.346411,0,
,,,-0.346379,0,
,,,-0.346347,0.0195312476716936,
,,,-0.346315,0.0195312476716936,
,,,-0.346283,0.0195312476716936,
,,,-0.346251,0,
,,,-0.346219,0.0195312476716936,
,,,-0.346187,0,
,,,-0.346155,0,
,,,-0.346123,0,
,,,-0.346091,0,
,,,-0.346059,0,
,,,-0.346027,0,
,,,-0.345995,0,
,,,-0.345963,0.0195312476716936,
,,,-0.345931,0.0195312476716936,
,,,-0.345899,0.0195312476716936,
,,,-0.345867,0.0195312476716936,
,,,-0.345835,0,
,,,-0.345803,0.0195312476716936,
,,,-0.345771,0.0195312476716936,
,,,-0.345739,0.0195312476716936,
,,,-0.345707,0.0195312476716936,
,,,-0.345675,0.0195312476716936,
,,,-0.345643,0,
,,,-0.345611,0.0195312476716936,
,,,-0.345579,-0.0214843724388629,
,,,-0.345547,-0.0214843724388629,
,,,-0.345515,-0.0214843724388629,
,,,-0.345483,0,
,,,-0.345451,0,
,,,-0.345419,0,
,,,-0.345387,0.0390624953433871,
,,,-0.345355,0,
,,,-0.345323,0,
,,,-0.345291,-0.0410156201105565,
,,,-0.345259,0.0195312476716936,
,,,-0.345227,-0.0214843724388629,
,,,-0.345195,0.0195312476716936,
,,,-0.345163,0,
,,,-0.345131,0.0195312476716936,
,,,-0.345099,0.0195312476716936,
,,,-0.345067,0,
,,,-0.345035,0.0195312476716936,
,,,-0.345003,0,
,,,-0.344971,0,
,,,-0.344939,0,
,,,-0.344907,0.0195312476716936,
,,,-0.344875,0,
,,,-0.344843,0.0195312476716936,
,,,-0.344811,-0.0214843724388629,
,,,-0.344779,0,
,,,-0.344747,0,
,,,-0.344715,0.0195312476716936,
,,,-0.344683,0,
,,,-0.344651,0,
,,,-0.344619,0.0195312476716936,
,,,-0.344587,0,
,,,-0.344555,0.0390624953433871,
,,,-0.344523,-0.0214843724388629,
,,,-0.344491,0,
,,,-0.344459,0,
,,,-0.344427,-0.0214843724388629,
,,,-0.344395,0,
,,,-0.344363,0,
,,,-0.344331,0.0195312476716936,
,,,-0.344299,0.0195312476716936,
,,,-0.344267,0,
,,,-0.344235,0.0195312476716936,
,,,-0.344203,0.0195312476716936,
,,,-0.344171,0,
,,,-0.344139,0,
,,,-0.344107,0.0195312476716936,
,,,-0.344075,0,
,,,-0.344043,0,
,,,-0.344011,0,
,,,-0.343979,0,
,,,-0.343947,0,
,,,-0.343915,0,
,,,-0.343883,0.0390624953433871,
,,,-0.343851,0,
,,,-0.343819,0.0195312476716936,
,,,-0.343787,0,
,,,-0.343755,-0.0214843724388629,
,,,-0.343723,-0.0214843724388629,
,,,-0.343691,0.0195312476716936,
,,,-0.343659,0.0195312476716936,
,,,-0.343627,0,
,,,-0.343595,0.0195312476716936,
,,,-0.343563,0,
,,,-0.343531,0.0195312476716936,
,,,-0.343499,0,
,,,-0.343467,0,
,,,-0.343435,0,
,,,-0.343403,0.0195312476716936,
,,,-0.343371,0.0195312476716936,
,,,-0.343339,0,
,,,-0.343307,0,
,,,-0.343275,0,
,,,-0.343243,-0.0214843724388629,
,,,-0.343211,0.0195312476716936,
,,,-0.343179,-0.0214843724388629,
,,,-0.343147,-0.0214843724388629,
,,,-0.343115,0,
,,,-0.343083,-0.0214843724388629,
,,,-0.343051,0,
,,,-0.343019,0,
,,,-0.342987,0,
,,,-0.342955,0.0195312476716936,
,,,-0.342923,-0.0214843724388629,
,,,-0.342891,0,
,,,-0.342859,0,
,,,-0.342827,0.0195312476716936,
,,,-0.342795,0,
,,,-0.342763,0,
,,,-0.342731,0,
,,,-0.342699,0.0195312476716936,
,,,-0.342667,0.0195312476716936,
,,,-0.342635,0.0195312476716936,
,,,-0.342603,0,
,,,-0.342571,0.0195312476716936,
,,,-0.342539,-0.0410156201105565,
,,,-0.342507,0.0195312476716936,
,,,-0.342475,0,
,,,-0.342443,0,
,,,-0.342411,0.0195312476716936,
,,,-0.342379,0.0195312476716936,
,,,-0.342347,0,
,,,-0.342315,0,
,,,-0.342283,0.0195312476716936,
,,,-0.342251,0.0195312476716936,
,,,-0.342219,0.0195312476716936,
,,,-0.342187,0.0195312476716936,
,,,-0.342155,0,
,,,-0.342123,0,
,,,-0.342091,0,
,,,-0.342059,0.0195312476716936,
,,,-0.342027,0,
,,,-0.341995,0,
,,,-0.341963,0.0195312476716936,
,,,-0.341931,0,
,,,-0.341899,0,
,,,-0.341867,0,
,,,-0.341835,0.0195312476716936,
,,,-0.341803,0.0195312476716936,
,,,-0.341771,0,
,,,-0.341739,0,
,,,-0.341707,0.0195312476716936,
,,,-0.341675,0,
,,,-0.341643,0,
,,,-0.341611,-0.0214843724388629,
,,,-0.341579,0.0195312476716936,
,,,-0.341547,0.0195312476716936,
,,,-0.341515,0.0195312476716936,
,,,-0.341483,-0.0214843724388629,
,,,-0.341451,0.0390624953433871,
,,,-0.341419,0.0195312476716936,
,,,-0.341387,-0.0214843724388629,
,,,-0.341355,0.0195312476716936,
,,,-0.341323,0,
,,,-0.341291,0,
,,,-0.341259,0,
,,,-0.341227,0,
,,,-0.341195,0,
,,,-0.341163,0,
,,,-0.341131,-0.0214843724388629,
,,,-0.341099,0.0195312476716936,
,,,-0.341067,-0.0214843724388629,
,,,-0.341035,0,
,,,-0.341003,0,
,,,-0.340971,0.0195312476716936,
,,,-0.340939,0,
,,,-0.340907,0.0390624953433871,
,,,-0.340875,0.0195312476716936,
,,,-0.340843,0,
,,,-0.340811,0,
,,,-0.340779,0,
,,,-0.340747,0,
,,,-0.340715,-0.0214843724388629,
,,,-0.340683,0,
,,,-0.340651,0.0195312476716936,
,,,-0.340619,0,
,,,-0.340587,0.0195312476716936,
,,,-0.340555,0,
,,,-0.340523,0,
,,,-0.340491,0,
,,,-0.340459,0.0195312476716936,
,,,-0.340427,0.0195312476716936,
,,,-0.340395,0,
,,,-0.340363,0,
,,,-0.340331,0.0195312476716936,
,,,-0.340299,0.0195312476716936,
,,,-0.340267,0,
,,,-0.340235,0,
,,,-0.340203,0,
,,,-0.340171,0,
,,,-0.340139,0,
,,,-0.340107,0.0195312476716936,
,,,-0.340075,0.0195312476716936,
,,,-0.340043,0.0195312476716936,
,,,-0.340011,0,
,,,-0.339979,-0.0214843724388629,
,,,-0.339947,0.0195312476716936,
,,,-0.339915,0.0195312476716936,
,,,-0.339883,-0.0214843724388629,
,,,-0.339851,0.0195312476716936,
,,,-0.339819,0,
,,,-0.339787,0.0195312476716936,
,,,-0.339755,0,
,,,-0.339723,0,
,,,-0.339691,0,
,,,-0.339659,0,
,,,-0.339627,0,
,,,-0.339595,0.0195312476716936,
,,,-0.339563,-0.0214843724388629,
,,,-0.339531,0.0195312476716936,
,,,-0.339499,0,
,,,-0.339467,0.0390624953433871,
,,,-0.339435,0.0800781154539436,
,,,-0.339403,0.0195312476716936,
,,,-0.339371,0.0195312476716936,
,,,-0.339339,0.0195312476716936,
,,,-0.339307,0.0195312476716936,
,,,-0.339275,0.0195312476716936,
,,,-0.339243,0.0195312476716936,
,,,-0.339211,-0.0214843724388629,
,,,-0.339179,0.0195312476716936,
,,,-0.339147,0.0195312476716936,
,,,-0.339115,0,
,,,-0.339083,0,
,,,-0.339051,0.0195312476716936,
,,,-0.339019,0,
,,,-0.338987,0.0195312476716936,
,,,-0.338955,0.0195312476716936,
,,,-0.338923,0.0195312476716936,
,,,-0.338891,0.0195312476716936,
,,,-0.338859,0.0195312476716936,
,,,-0.338827,0,
,,,-0.338795,0.0195312476716936,
,,,-0.338763,0.0195312476716936,
,,,-0.338731,0,
,,,-0.338699,0,
,,,-0.338667,0,
,,,-0.338635,0.0195312476716936,
,,,-0.338603,0,
,,,-0.338571,0.0195312476716936,
,,,-0.338539,0.0195312476716936,
,,,-0.338507,0,
,,,-0.338475,0.0195312476716936,
,,,-0.338443,0.0195312476716936,
,,,-0.338411,0,
,,,-0.338379,0,
,,,-0.338347,0,
,,,-0.338315,-0.0214843724388629,
,,,-0.338283,0,
,,,-0.338251,0,
,,,-0.338219,0,
,,,-0.338187,0,
,,,-0.338155,0,
,,,-0.338123,0.0195312476716936,
,,,-0.338091,0,
,,,-0.338059,0,
,,,-0.338027,0,
,,,-0.337995,0,
,,,-0.337963,0,
,,,-0.337931,0,
,,,-0.337899,0,
,,,-0.337867,0,
,,,-0.337835,-0.0214843724388629,
,,,-0.337803,0,
,,,-0.337771,0,
,,,-0.337739,0,
,,,-0.337707,0,
,,,-0.337675,0.0195312476716936,
,,,-0.337643,0,
,,,-0.337611,0,
,,,-0.337579,0,
,,,-0.337547,0,
,,,-0.337515,-0.0214843724388629,
,,,-0.337483,0.0390624953433871,
,,,-0.337451,-0.0214843724388629,
,,,-0.337419,0.0195312476716936,
,,,-0.337387,0.0390624953433871,
,,,-0.337355,0.0195312476716936,
,,,-0.337323,0.0195312476716936,
,,,-0.337291,0,
,,,-0.337259,0.0195312476716936,
,,,-0.337227,0.0195312476716936,
,,,-0.337195,0.0195312476716936,
,,,-0.337163,0.0195312476716936,
,,,-0.337131,0.0195312476716936,
,,,-0.337099,0,
,,,-0.337067,0,
,,,-0.337035,0.0195312476716936,
,,,-0.337003,0.0195312476716936,
,,,-0.336971,-0.0214843724388629,
,,,-0.336939,-0.0214843724388629,
,,,-0.336907,0.0195312476716936,
,,,-0.336875,0,
,,,-0.336843,0.0195312476716936,
,,,-0.336811,0,
,,,-0.336779,0.0195312476716936,
,,,-0.336747,0.0195312476716936,
,,,-0.336715,0,
,,,-0.336683,0,
,,,-0.336651,0,
,,,-0.336619,0,
,,,-0.336587,-0.0214843724388629,
,,,-0.336555,-0.0214843724388629,
,,,-0.336523,0.0195312476716936,
,,,-0.336491,0,
,,,-0.336459,0,
,,,-0.336427,0.0195312476716936,
,,,-0.336395,0,
,,,-0.336363,0,
,,,-0.336331,0.0195312476716936,
,,,-0.336299,0.0195312476716936,
,,,-0.336267,0.0195312476716936,
,,,-0.336235,0.0390624953433871,
,,,-0.336203,0.0195312476716936,
,,,-0.336171,0,
,,,-0.336139,0,
,,,-0.336107,0,
,,,-0.336075,0.0195312476716936,
,,,-0.336043,0.0195312476716936,
,,,-0.336011,0,
,,,-0.335979,0.0195312476716936,
,,,-0.335947,0,
,,,-0.335915,0.0195312476716936,
,,,-0.335883,0,
,,,-0.335851,0,
,,,-0.335819,0,
,,,-0.335787,0.0195312476716936,
,,,-0.335755,0.0195312476716936,
,,,-0.335723,0.0195312476716936,
,,,-0.335691,0,
,,,-0.335659,0,
,,,-0.335627,0,
,,,-0.335595,0,
,,,-0.335563,0.0195312476716936,
,,,-0.335531,0.0195312476716936,
,,,-0.335499,0,
,,,-0.335467,-0.0214843724388629,
,,,-0.335435,0.0195312476716936,
,,,-0.335403,0.0195312476716936,
,,,-0.335371,0.0195312476716936,
,,,-0.335339,0.0195312476716936,
,,,-0.335307,0,
,,,-0.335275,0.0195312476716936,
,,,-0.335243,0.0195312476716936,
,,,-0.335211,0,
,,,-0.335179,0,
,,,-0.335147,0,
,,,-0.335115,0.0195312476716936,
,,,-0.335083,0.0195312476716936,
,,,-0.335051,0,
,,,-0.335019,0.0195312476716936,
,,,-0.334987,0.0195312476716936,
,,,-0.334955,0.0195312476716936,
,,,-0.334923,-0.0214843724388629,
,,,-0.334891,0,
,,,-0.334859,0.0195312476716936,
,,,-0.334827,0.0195312476716936,
,,,-0.334795,-0.0214843724388629,
,,,-0.334763,0,
,,,-0.334731,0,
,,,-0.334699,0,
,,,-0.334667,0.0195312476716936,
,,,-0.334635,0.0195312476716936,
,,,-0.334603,0,
,,,-0.334571,0.0195312476716936,
,,,-0.334539,0,
,,,-0.334507,0.0195312476716936,
,,,-0.334475,0.0195312476716936,
,,,-0.334443,0.0195312476716936,
,,,-0.334411,0,
,,,-0.334379,0.0195312476716936,
,,,-0.334347,0.0195312476716936,
,,,-0.334315,0,
,,,-0.334283,0.0195312476716936,
,,,-0.334251,0.0195312476716936,
,,,-0.334219,0,
,,,-0.334187,0.0195312476716936,
,,,-0.334155,0.0195312476716936,
,,,-0.334123,0.0195312476716936,
,,,-0.334091,0,
,,,-0.334059,0.0195312476716936,
,,,-0.334027,0,
,,,-0.333995,0,
,,,-0.333963,0,
,,,-0.333931,0.0195312476716936,
,,,-0.333899,0,
,,,-0.333867,0,
,,,-0.333835,0.0195312476716936,
,,,-0.333803,0.0195312476716936,
,,,-0.333771,0.0390624953433871,
,,,-0.333739,0.0195312476716936,
,,,-0.333707,0.0195312476716936,
,,,-0.333675,0,
,,,-0.333643,0.0195312476716936,
,,,-0.333611,-0.0214843724388629,
,,,-0.333579,0,
,,,-0.333547,0,
,,,-0.333515,0,
,,,-0.333483,0.0195312476716936,
,,,-0.333451,0,
,,,-0.333419,0.0195312476716936,
,,,-0.333387,0.0195312476716936,
,,,-0.333355,0.0195312476716936,
,,,-0.333323,0.0195312476716936,
,,,-0.333291,0.0195312476716936,
,,,-0.333259,0.0195312476716936,
,,,-0.333227,0,
,,,-0.333195,0,
,,,-0.333163,0.0195312476716936,
,,,-0.333131,0.0195312476716936,
,,,-0.333099,0.0195312476716936,
,,,-0.333067,0.0195312476716936,
,,,-0.333035,0.0195312476716936,
,,,-0.333003,0,
,,,-0.332971,0.0195312476716936,
,,,-0.332939,0.0390624953433871,
,,,-0.332907,0.0195312476716936,
,,,-0.332875,0,
,,,-0.332843,0.0195312476716936,
,,,-0.332811,0.0195312476716936,
,,,-0.332779,-0.0214843724388629,
,,,-0.332747,0.0195312476716936,
,,,-0.332715,0,
,,,-0.332683,0,
,,,-0.332651,0,
,,,-0.332619,0.0195312476716936,
,,,-0.332587,0.0195312476716936,
,,,-0.332555,0,
,,,-0.332523,-0.0214843724388629,
,,,-0.332491,-0.0214843724388629,
,,,-0.332459,0,
,,,-0.332427,0.0195312476716936,
,,,-0.332395,0.0195312476716936,
,,,-0.332363,0,
,,,-0.332331,0,
,,,-0.332299,0.0195312476716936,
,,,-0.332267,0.0195312476716936,
,,,-0.332235,0,
,,,-0.332203,0.0195312476716936,
,,,-0.332171,0,
,,,-0.332139,-0.0214843724388629,
,,,-0.332107,0,
,,,-0.332075,0.0195312476716936,
,,,-0.332043,0.0195312476716936,
,,,-0.332011,0.0195312476716936,
,,,-0.331979,0.0390624953433871,
,,,-0.331947,0.0195312476716936,
,,,-0.331915,0.0195312476716936,
,,,-0.331883,0,
,,,-0.331851,0,
,,,-0.331819,-0.0214843724388629,
,,,-0.331787,0.0195312476716936,
,,,-0.331755,0.0195312476716936,
,,,-0.331723,0,
,,,-0.331691,0.0195312476716936,
,,,-0.331659,0.0195312476716936,
,,,-0.331627,0.0390624953433871,
,,,-0.331595,-0.0410156201105565,
,,,-0.331563,0.0195312476716936,
,,,-0.331531,0,
,,,-0.331499,0,
,,,-0.331467,0.0195312476716936,
,,,-0.331435,0,
,,,-0.331403,0.0195312476716936,
,,,-0.331371,0.0390624953433871,
,,,-0.331339,0,
,,,-0.331307,0,
,,,-0.331275,0.0195312476716936,
,,,-0.331243,0.0195312476716936,
,,,-0.331211,-0.0214843724388629,
,,,-0.331179,0.0195312476716936,
,,,-0.331147,0,
,,,-0.331115,0.0195312476716936,
,,,-0.331083,0.0195312476716936,
,,,-0.331051,0.0195312476716936,
,,,-0.331019,0,
,,,-0.330987,0.0195312476716936,
,,,-0.330955,-0.0214843724388629,
,,,-0.330923,0.0195312476716936,
,,,-0.330891,0.0195312476716936,
,,,-0.330859,0.0195312476716936,
,,,-0.330827,-0.0214843724388629,
,,,-0.330795,0.0390624953433871,
,,,-0.330763,0.0195312476716936,
,,,-0.330731,0,
,,,-0.330699,0.0195312476716936,
,,,-0.330667,0,
,,,-0.330635,0,
,,,-0.330603,0.0195312476716936,
,,,-0.330571,0.0585937430150807,
,,,-0.330539,0,
,,,-0.330507,0,
,,,-0.330475,0,
,,,-0.330443,0.0195312476716936,
,,,-0.330411,0.0195312476716936,
,,,-0.330379,0.0195312476716936,
,,,-0.330347,0.0195312476716936,
,,,-0.330315,0.0195312476716936,
,,,-0.330283,0.0195312476716936,
,,,-0.330251,0,
,,,-0.330219,0.0195312476716936,
,,,-0.330187,0.0195312476716936,
,,,-0.330155,0,
,,,-0.330123,0.0195312476716936,
,,,-0.330091,-0.0214843724388629,
,,,-0.330059,0.0195312476716936,
,,,-0.330027,0,
,,,-0.329995,0.0195312476716936,
,,,-0.329963,0.0195312476716936,
,,,-0.329931,0,
,,,-0.329899,0,
,,,-0.329867,0,
,,,-0.329835,0,
,,,-0.329803,0.0195312476716936,
,,,-0.329771,0.0195312476716936,
,,,-0.329739,0,
,,,-0.329707,0,
,,,-0.329675,0.0195312476716936,
,,,-0.329643,-0.0214843724388629,
,,,-0.329611,0.0390624953433871,
,,,-0.329579,0,
,,,-0.329547,0,
,,,-0.329515,0.0195312476716936,
,,,-0.329483,0,
,,,-0.329451,0.0195312476716936,
,,,-0.329419,0.0195312476716936,
,,,-0.329387,0.0195312476716936,
,,,-0.329355,0,
,,,-0.329323,0.0195312476716936,
,,,-0.329291,0,
,,,-0.329259,0,
,,,-0.329227,0.0195312476716936,
,,,-0.329195,0.0195312476716936,
,,,-0.329163,0.0195312476716936,
,,,-0.329131,0,
,,,-0.329099,0,
,,,-0.329067,0,
,,,-0.329035,0.0195312476716936,
,,,-0.329003,0.0195312476716936,
,,,-0.328971,-0.0214843724388629,
,,,-0.328939,0,
,,,-0.328907,0,
,,,-0.328875,0,
,,,-0.328843,0,
,,,-0.328811,0,
,,,-0.328779,0.0390624953433871,
,,,-0.328747,0,
,,,-0.328715,0,
,,,-0.328683,0,
,,,-0.328651,0,
,,,-0.328619,0,
,,,-0.328587,0.0195312476716936,
,,,-0.328555,0.0195312476716936,
,,,-0.328523,0,
,,,-0.328491,0.0195312476716936,
,,,-0.328459,0.0195312476716936,
,,,-0.328427,0,
,,,-0.328395,0,
,,,-0.328363,0,
,,,-0.328331,0,
,,,-0.328299,0,
,,,-0.328267,0.0195312476716936,
,,,-0.328235,0,
,,,-0.328203,0.0195312476716936,
,,,-0.328171,0.0195312476716936,
,,,-0.328139,-0.0214843724388629,
,,,-0.328107,0,
,,,-0.328075,0.0390624953433871,
,,,-0.328043,0.0195312476716936,
,,,-0.328011,0,
,,,-0.327979,0.0195312476716936,
,,,-0.327947,0.0195312476716936,
,,,-0.327915,0,
,,,-0.327883,0,
,,,-0.327851,0,
,,,-0.327819,0,
,,,-0.327787,0.0195312476716936,
,,,-0.327755,-0.0214843724388629,
,,,-0.327723,0,
,,,-0.327691,0,
,,,-0.327659,0,
,,,-0.327627,0,
,,,-0.327595,0.0195312476716936,
,,,-0.327563,0,
,,,-0.327531,0,
,,,-0.327499,0,
,,,-0.327467,0,
,,,-0.327435,0,
,,,-0.327403,0.0195312476716936,
,,,-0.327371,0,
,,,-0.327339,0.0195312476716936,
,,,-0.327307,0,
,,,-0.327275,0,
,,,-0.327243,-0.0214843724388629,
,,,-0.327211,-0.0214843724388629,
,,,-0.327179,0.0195312476716936,
,,,-0.327147,0,
,,,-0.327115,0.0195312476716936,
,,,-0.327083,0,
,,,-0.327051,0,
,,,-0.327019,0,
,,,-0.326987,0,
,,,-0.326955,0,
,,,-0.326923,0,
,,,-0.326891,0,
,,,-0.326859,0,
,,,-0.326827,0,
,,,-0.326795,0,
,,,-0.326763,0,
,,,-0.326731,0,
,,,-0.326699,0,
,,,-0.326667,-0.0214843724388629,
,,,-0.326635,0,
,,,-0.326603,0.0195312476716936,
,,,-0.326571,0.0195312476716936,
,,,-0.326539,0,
,,,-0.326507,0,
,,,-0.326475,0,
,,,-0.326443,-0.0214843724388629,
,,,-0.326411,0.0195312476716936,
,,,-0.326379,0,
,,,-0.326347,0,
,,,-0.326315,0,
,,,-0.326283,0,
,,,-0.326251,0.0195312476716936,
,,,-0.326219,0,
,,,-0.326187,-0.0214843724388629,
,,,-0.326155,0,
,,,-0.326123,0.0195312476716936,
,,,-0.326091,0,
,,,-0.326059,-0.0214843724388629,
,,,-0.326027,0,
,,,-0.325995,0,
,,,-0.325963,0,
,,,-0.325931,0,
,,,-0.325899,0.0195312476716936,
,,,-0.325867,0,
,,,-0.325835,0.0195312476716936,
,,,-0.325803,0.0195312476716936,
,,,-0.325771,-0.0214843724388629,
,,,-0.325739,0.0195312476716936,
,,,-0.325707,0,
,,,-0.325675,0,
,,,-0.325643,0,
,,,-0.325611,0,
,,,-0.325579,0,
,,,-0.325547,0.0195312476716936,
,,,-0.325515,0.0195312476716936,
,,,-0.325483,0.0195312476716936,
,,,-0.325451,0.0195312476716936,
,,,-0.325419,0.0195312476716936,
,,,-0.325387,0.0195312476716936,
,,,-0.325355,0,
,,,-0.325323,0.0195312476716936,
,,,-0.325291,0.0390624953433871,
,,,-0.325259,0.0390624953433871,
,,,-0.325227,0.0195312476716936,
,,,-0.325195,0,
,,,-0.325163,0.0195312476716936,
,,,-0.325131,0.0195312476716936,
,,,-0.325099,0.0195312476716936,
,,,-0.325067,0.0195312476716936,
,,,-0.325035,0,
,,,-0.325003,0,
,,,-0.324971,0.0195312476716936,
,,,-0.324939,0,
,,,-0.324907,0,
,,,-0.324875,0,
,,,-0.324843,0,
,,,-0.324811,0.0195312476716936,
,,,-0.324779,0.0195312476716936,
,,,-0.324747,0.0195312476716936,
,,,-0.324715,0.0195312476716936,
,,,-0.324683,0.0195312476716936,
,,,-0.324651,0.0195312476716936,
,,,-0.324619,0.0195312476716936,
,,,-0.324587,0.0195312476716936,
,,,-0.324555,0,
,,,-0.324523,0.0195312476716936,
,,,-0.324491,0.0195312476716936,
,,,-0.324459,0.0195312476716936,
,,,-0.324427,0.0195312476716936,
,,,-0.324395,0.0195312476716936,
,,,-0.324363,0,
,,,-0.324331,0.0390624953433871,
,,,-0.324299,0.0195312476716936,
,,,-0.324267,0.0195312476716936,
,,,-0.324235,0,
,,,-0.324203,0.0195312476716936,
,,,-0.324171,0.0195312476716936,
,,,-0.324139,0.0195312476716936,
,,,-0.324107,0,
,,,-0.324075,0.0585937430150807,
,,,-0.324043,0.0195312476716936,
,,,-0.324011,0,
,,,-0.323979,0.0195312476716936,
,,,-0.323947,0.0195312476716936,
,,,-0.323915,0.0195312476716936,
,,,-0.323883,-0.0214843724388629,
,,,-0.323851,0.0195312476716936,
,,,-0.323819,0.0195312476716936,
,,,-0.323787,0,
,,,-0.323755,0.0195312476716936,
,,,-0.323723,0.0195312476716936,
,,,-0.323691,0,
,,,-0.323659,0,
,,,-0.323627,0,
,,,-0.323595,-0.0214843724388629,
,,,-0.323563,0,
,,,-0.323531,0.0195312476716936,
,,,-0.323499,0,
,,,-0.323467,0.0195312476716936,
,,,-0.323435,0.0195312476716936,
,,,-0.323403,0.0195312476716936,
,,,-0.323371,0,
,,,-0.323339,0.0195312476716936,
,,,-0.323307,0,
,,,-0.323275,0.0195312476716936,
,,,-0.323243,0,
,,,-0.323211,0.0195312476716936,
,,,-0.323179,0,
,,,-0.323147,0.0195312476716936,
,,,-0.323115,-0.0214843724388629,
,,,-0.323083,0.0195312476716936,
,,,-0.323051,0,
,,,-0.323019,0,
,,,-0.322987,0,
,,,-0.322955,0.0195312476716936,
,,,-0.322923,0.0195312476716936,
,,,-0.322891,0.0195312476716936,
,,,-0.322859,0,
,,,-0.322827,0,
,,,-0.322795,0.0195312476716936,
,,,-0.322763,0,
,,,-0.322731,0,
,,,-0.322699,0,
,,,-0.322667,0,
,,,-0.322635,0,
,,,-0.322603,-0.0214843724388629,
,,,-0.322571,0.0195312476716936,
,,,-0.322539,0,
,,,-0.322507,0.0195312476716936,
,,,-0.322475,-0.0214843724388629,
,,,-0.322443,0.0195312476716936,
,,,-0.322411,0.0195312476716936,
,,,-0.322379,0.0390624953433871,
,,,-0.322347,0.0195312476716936,
,,,-0.322315,0,
,,,-0.322283,0,
,,,-0.322251,0,
,,,-0.322219,-0.0214843724388629,
,,,-0.322187,0.0195312476716936,
,,,-0.322155,0,
,,,-0.322123,0.0195312476716936,
,,,-0.322091,0.0390624953433871,
,,,-0.322059,0,
,,,-0.322027,0.0195312476716936,
,,,-0.321995,0,
,,,-0.321963,0,
,,,-0.321931,-0.0214843724388629,
,,,-0.321899,0,
,,,-0.321867,0,
,,,-0.321835,-0.0214843724388629,
,,,-0.321803,0,
,,,-0.321771,0,
,,,-0.321739,0,
,,,-0.321707,0,
,,,-0.321675,0,
,,,-0.321643,0,
,,,-0.321611,0,
,,,-0.321579,0,
,,,-0.321547,0,
,,,-0.321515,0,
,,,-0.321483,0.0195312476716936,
,,,-0.321451,0,
,,,-0.321419,0,
,,,-0.321387,0.0195312476716936,
,,,-0.321355,-0.0214843724388629,
,,,-0.321323,0,
,,,-0.321291,0,
,,,-0.321259,0,
,,,-0.321227,0,
,,,-0.321195,0,
,,,-0.321163,-0.0214843724388629,
,,,-0.321131,0,
,,,-0.321099,0,
,,,-0.321067,0,
,,,-0.321035,0.0195312476716936,
,,,-0.321003,0.0195312476716936,
,,,-0.320971,0,
,,,-0.320939,0.0195312476716936,
,,,-0.320907,0,
,,,-0.320875,0,
,,,-0.320843,0,
,,,-0.320811,0,
,,,-0.320779,0,
,,,-0.320747,0,
,,,-0.320715,-0.0214843724388629,
,,,-0.320683,0.0195312476716936,
,,,-0.320651,0,
,,,-0.320619,0,
,,,-0.320587,0,
,,,-0.320555,0.0195312476716936,
,,,-0.320523,0,
,,,-0.320491,0,
,,,-0.320459,0,
,,,-0.320427,0,
,,,-0.320395,0,
,,,-0.320363,0,
,,,-0.320331,0.0195312476716936,
,,,-0.320299,0.0195312476716936,
,,,-0.320267,0,
,,,-0.320235,0.0195312476716936,
,,,-0.320203,0.0195312476716936,
,,,-0.320171,0.0195312476716936,
,,,-0.320139,0.0195312476716936,
,,,-0.320107,0.0195312476716936,
,,,-0.320075,0.0195312476716936,
,,,-0.320043,0,
,,,-0.320011,0.0195312476716936,
,,,-0.319979,0,
,,,-0.319947,0,
,,,-0.319915,0,
,,,-0.319883,0,
,,,-0.319851,0.0195312476716936,
,,,-0.319819,0,
,,,-0.319787,0.0195312476716936,
,,,-0.319755,0,
,,,-0.319723,0.0195312476716936,
,,,-0.319691,0.0195312476716936,
,,,-0.319659,0.0195312476716936,
,,,-0.319627,0,
,,,-0.319595,0.0195312476716936,
,,,-0.319563,0,
,,,-0.319531,0,
,,,-0.319499,0.0195312476716936,
,,,-0.319467,0,
,,,-0.319435,0.0195312476716936,
,,,-0.319403,-0.0214843724388629,
,,,-0.319371,0,
,,,-0.319339,0,
,,,-0.319307,-0.0214843724388629,
,,,-0.319275,0.0195312476716936,
,,,-0.319243,0,
,,,-0.319211,0,
,,,-0.319179,0,
,,,-0.319147,0,
,,,-0.319115,0,
,,,-0.319083,0.0195312476716936,
,,,-0.319051,0,
,,,-0.319019,0,
,,,-0.318987,0,
,,,-0.318955,0.0195312476716936,
,,,-0.318923,0.0195312476716936,
,,,-0.318891,0,
,,,-0.318859,-0.0214843724388629,
,,,-0.318827,0.0195312476716936,
,,,-0.318795,0,
,,,-0.318763,0.0195312476716936,
,,,-0.318731,0.0195312476716936,
,,,-0.318699,0,
,,,-0.318667,0.0195312476716936,
,,,-0.318635,0,
,,,-0.318603,0,
,,,-0.318571,0,
,,,-0.318539,0,
,,,-0.318507,0.0195312476716936,
,,,-0.318475,0,
,,,-0.318443,0.0195312476716936,
,,,-0.318411,0,
,,,-0.318379,0,
,,,-0.318347,0.0195312476716936,
,,,-0.318315,0,
,,,-0.318283,0.0195312476716936,
,,,-0.318251,0.0195312476716936,
,,,-0.318219,0.0195312476716936,
,,,-0.318187,0.0195312476716936,
,,,-0.318155,0,
,,,-0.318123,0.0195312476716936,
,,,-0.318091,-0.0214843724388629,
,,,-0.318059,0.0195312476716936,
,,,-0.318027,0,
,,,-0.317995,0,
,,,-0.317963,0.0195312476716936,
,,,-0.317931,0.0195312476716936,
,,,-0.317899,0.0195312476716936,
,,,-0.317867,0,
,,,-0.317835,0.0195312476716936,
,,,-0.317803,0.0195312476716936,
,,,-0.317771,0,
,,,-0.317739,0,
,,,-0.317707,0.0195312476716936,
,,,-0.317675,0.0195312476716936,
,,,-0.317643,0,
,,,-0.317611,0,
,,,-0.317579,0,
,,,-0.317547,0,
,,,-0.317515,0,
,,,-0.317483,0,
,,,-0.317451,0,
,,,-0.317419,0.0195312476716936,
,,,-0.317387,0.0195312476716936,
,,,-0.317355,0,
,,,-0.317323,0.0195312476716936,
,,,-0.317291,0.0195312476716936,
,,,-0.317259,0.0195312476716936,
,,,-0.317227,0.0195312476716936,
,,,-0.317195,0.0195312476716936,
,,,-0.317163,0,
,,,-0.317131,0.0195312476716936,
,,,-0.317099,0.0195312476716936,
,,,-0.317067,0,
,,,-0.317035,0.0195312476716936,
,,,-0.317003,0,
,,,-0.316971,0.0195312476716936,
,,,-0.316939,0,
,,,-0.316907,0,
,,,-0.316875,0.0195312476716936,
,,,-0.316843,0.0195312476716936,
,,,-0.316811,0.0195312476716936,
,,,-0.316779,0.0195312476716936,
,,,-0.316747,0.0195312476716936,
,,,-0.316715,0,
,,,-0.316683,0,
,,,-0.316651,0,
,,,-0.316619,0.0195312476716936,
,,,-0.316587,0.0195312476716936,
,,,-0.316555,0.0195312476716936,
,,,-0.316523,0,
,,,-0.316491,0,
,,,-0.316459,0.0195312476716936,
,,,-0.316427,0,
,,,-0.316395,0,
,,,-0.316363,0.0195312476716936,
,,,-0.316331,0.0195312476716936,
,,,-0.316299,0,
,,,-0.316267,0.0195312476716936,
,,,-0.316235,0,
,,,-0.316203,0.0195312476716936,
,,,-0.316171,0,
,,,-0.316139,0,
,,,-0.316107,0.0195312476716936,
,,,-0.316075,0,
,,,-0.316043,0,
,,,-0.316011,0,
,,,-0.315979,0.0195312476716936,
,,,-0.315947,0.0195312476716936,
,,,-0.315915,0.0195312476716936,
,,,-0.315883,0,
,,,-0.315851,0.0195312476716936,
,,,-0.315819,0.0195312476716936,
,,,-0.315787,0.0195312476716936,
,,,-0.315755,0,
,,,-0.315723,0,
,,,-0.315691,0.0195312476716936,
,,,-0.315659,0,
,,,-0.315627,0.0195312476716936,
,,,-0.315595,0,
,,,-0.315563,0.0195312476716936,
,,,-0.315531,0,
,,,-0.315499,0.0195312476716936,
,,,-0.315467,0.0195312476716936,
,,,-0.315435,0.0195312476716936,
,,,-0.315403,0.0195312476716936,
,,,-0.315371,0,
,,,-0.315339,0,
,,,-0.315307,0.0195312476716936,
,,,-0.315275,0.0195312476716936,
,,,-0.315243,0.0195312476716936,
,,,-0.315211,0,
,,,-0.315179,0.0195312476716936,
,,,-0.315147,0.0195312476716936,
,,,-0.315115,0,
,,,-0.315083,-0.0214843724388629,
,,,-0.315051,0.0195312476716936,
,,,-0.315019,0.0195312476716936,
,,,-0.314987,0,
,,,-0.314955,0,
,,,-0.314923,0.0195312476716936,
,,,-0.314891,0.0195312476716936,
,,,-0.314859,0.0195312476716936,
,,,-0.314827,0,
,,,-0.314795,-0.0214843724388629,
,,,-0.314763,0,
,,,-0.314731,0.0195312476716936,
,,,-0.314699,-0.0214843724388629,
,,,-0.314667,0.0195312476716936,
,,,-0.314635,0,
,,,-0.314603,0,
,,,-0.314571,0.0195312476716936,
,,,-0.314539,0,
,,,-0.314507,0.0195312476716936,
,,,-0.314475,0.0195312476716936,
,,,-0.314443,0.0195312476716936,
,,,-0.314411,0,
,,,-0.314379,0,
,,,-0.314347,0,
,,,-0.314315,0.0390624953433871,
,,,-0.314283,0.0195312476716936,
,,,-0.314251,0,
,,,-0.314219,0,
,,,-0.314187,0.0195312476716936,
,,,-0.314155,0.0195312476716936,
,,,-0.314123,0.0195312476716936,
,,,-0.314091,0.0195312476716936,
,,,-0.314059,0,
,,,-0.314027,0.0195312476716936,
,,,-0.313995,0,
,,,-0.313963,0,
,,,-0.313931,0.0195312476716936,
,,,-0.313899,0.0195312476716936,
,,,-0.313867,0.0195312476716936,
,,,-0.313835,0.0195312476716936,
,,,-0.313803,0.0195312476716936,
,,,-0.313771,0,
,,,-0.313739,0.0195312476716936,
,,,-0.313707,0.0195312476716936,
,,,-0.313675,0.0195312476716936,
,,,-0.313643,0.0195312476716936,
,,,-0.313611,0,
,,,-0.313579,0,
,,,-0.313547,0.0390624953433871,
,,,-0.313515,-0.0214843724388629,
,,,-0.313483,0.0390624953433871,
,,,-0.313451,0.0195312476716936,
,,,-0.313419,0.0195312476716936,
,,,-0.313387,0.0195312476716936,
,,,-0.313355,0,
,,,-0.313323,0.0195312476716936,
,,,-0.313291,0,
,,,-0.313259,0.0195312476716936,
,,,-0.313227,0.0195312476716936,
,,,-0.313195,0.0195312476716936,
,,,-0.313163,0.0195312476716936,
,,,-0.313131,0,
,,,-0.313099,0.0195312476716936,
,,,-0.313067,0.0195312476716936,
,,,-0.313035,-0.0214843724388629,
,,,-0.313003,0.0195312476716936,
,,,-0.312971,0.0195312476716936,
,,,-0.312939,0.0195312476716936,
,,,-0.312907,0,
,,,-0.312875,0.0195312476716936,
,,,-0.312843,0,
,,,-0.312811,0,
,,,-0.312779,0.0195312476716936,
,,,-0.312747,0.0195312476716936,
,,,-0.312715,0.0195312476716936,
,,,-0.312683,0,
,,,-0.312651,0,
,,,-0.312619,0.0390624953433871,
,,,-0.312587,0,
,,,-0.312555,0,
,,,-0.312523,0.0390624953433871,
,,,-0.312491,0.0195312476716936,
,,,-0.312459,0.0195312476716936,
,,,-0.312427,0.0195312476716936,
,,,-0.312395,0,
,,,-0.312363,0.0195312476716936,
,,,-0.312331,0.0195312476716936,
,,,-0.312299,0,
,,,-0.312267,0,
,,,-0.312235,0,
,,,-0.312203,0,
,,,-0.312171,0,
,,,-0.312139,-0.0214843724388629,
,,,-0.312107,0,
,,,-0.312075,0,
,,,-0.312043,0.0195312476716936,
,,,-0.312011,0,
,,,-0.311979,-0.0214843724388629,
,,,-0.311947,0,
,,,-0.311915,0.0195312476716936,
,,,-0.311883,0.0195312476716936,
,,,-0.311851,0.0195312476716936,
,,,-0.311819,0,
,,,-0.311787,0,
,,,-0.311755,0.0195312476716936,
,,,-0.311723,0,
,,,-0.311691,0,
,,,-0.311659,0,
,,,-0.311627,0,
,,,-0.311595,0,
,,,-0.311563,0.0195312476716936,
,,,-0.311531,0,
,,,-0.311499,0.0195312476716936,
,,,-0.311467,0,
,,,-0.311435,0.0195312476716936,
,,,-0.311403,0.0195312476716936,
,,,-0.311371,0,
,,,-0.311339,0,
,,,-0.311307,0.0195312476716936,
,,,-0.311275,0.0195312476716936,
,,,-0.311243,-0.0214843724388629,
,,,-0.311211,-0.0214843724388629,
,,,-0.311179,0.0195312476716936,
,,,-0.311147,0,
,,,-0.311115,0,
,,,-0.311083,0,
,,,-0.311051,0,
,,,-0.311019,0,
,,,-0.310987,0,
,,,-0.310955,0.0195312476716936,
,,,-0.310923,-0.0214843724388629,
,,,-0.310891,0.0195312476716936,
,,,-0.310859,0,
,,,-0.310827,0,
,,,-0.310795,0,
,,,-0.310763,0,
,,,-0.310731,0,
,,,-0.310699,0.0195312476716936,
,,,-0.310667,0,
,,,-0.310635,-0.0214843724388629,
,,,-0.310603,0,
,,,-0.310571,0,
,,,-0.310539,-0.0214843724388629,
,,,-0.310507,0,
,,,-0.310475,-0.0214843724388629,
,,,-0.310443,0,
,,,-0.310411,0.0195312476716936,
,,,-0.310379,0,
,,,-0.310347,0,
,,,-0.310315,0.0195312476716936,
,,,-0.310283,0.0195312476716936,
,,,-0.310251,0.0195312476716936,
,,,-0.310219,-0.0214843724388629,
,,,-0.310187,0,
,,,-0.310155,0,
,,,-0.310123,0,
,,,-0.310091,0,
,,,-0.310059,0.0195312476716936,
,,,-0.310027,0,
,,,-0.309995,0,
,,,-0.309963,0,
,,,-0.309931,0.0195312476716936,
,,,-0.309899,0.0195312476716936,
,,,-0.309867,0.0195312476716936,
,,,-0.309835,0,
,,,-0.309803,0,
,,,-0.309771,0.0195312476716936,
,,,-0.309739,0,
,,,-0.309707,0.0195312476716936,
,,,-0.309675,0,
,,,-0.309643,0.0195312476716936,
,,,-0.309611,0,
,,,-0.309579,0,
,,,-0.309547,0,
,,,-0.309515,0.0195312476716936,
,,,-0.309483,0.0195312476716936,
,,,-0.309451,0.0195312476716936,
,,,-0.309419,0,
,,,-0.309387,0,
,,,-0.309355,0,
,,,-0.309323,0,
,,,-0.309291,0.0195312476716936,
,,,-0.309259,0,
,,,-0.309227,0.0195312476716936,
,,,-0.309195,0,
,,,-0.309163,0,
,,,-0.309131,0.0195312476716936,
,,,-0.309099,0.0195312476716936,
,,,-0.309067,0,
,,,-0.309035,0.0195312476716936,
,,,-0.309003,0.0195312476716936,
,,,-0.308971,0,
,,,-0.308939,0.0195312476716936,
,,,-0.308907,0,
,,,-0.308875,0.0195312476716936,
,,,-0.308843,0,
,,,-0.308811,0,
,,,-0.308779,0.0390624953433871,
,,,-0.308747,0,
,,,-0.308715,0.0195312476716936,
,,,-0.308683,0,
,,,-0.308651,-0.0214843724388629,
,,,-0.308619,0.0195312476716936,
,,,-0.308587,0,
,,,-0.308555,0.0195312476716936,
,,,-0.308523,0,
,,,-0.308491,0.0195312476716936,
,,,-0.308459,0,
,,,-0.308427,0,
,,,-0.308395,0.0195312476716936,
,,,-0.308363,0.0195312476716936,
,,,-0.308331,0.0195312476716936,
,,,-0.308299,0.0195312476716936,
,,,-0.308267,0,
,,,-0.308235,0,
,,,-0.308203,0,
,,,-0.308171,0.0195312476716936,
,,,-0.308139,0.0195312476716936,
,,,-0.308107,0.0195312476716936,
,,,-0.308075,0.0195312476716936,
,,,-0.308043,0.0195312476716936,
,,,-0.308011,0.0195312476716936,
,,,-0.307979,0,
,,,-0.307947,0.0195312476716936,
,,,-0.307915,0,
,,,-0.307883,0,
,,,-0.307851,0.0195312476716936,
,,,-0.307819,0,
,,,-0.307787,0,
,,,-0.307755,0,
,,,-0.307723,0,
,,,-0.307691,0,
,,,-0.307659,0.0195312476716936,
,,,-0.307627,0.0195312476716936,
,,,-0.307595,0.0195312476716936,
,,,-0.307563,0.0195312476716936,
,,,-0.307531,0,
,,,-0.307499,0,
,,,-0.307467,0.0195312476716936,
,,,-0.307435,0.0195312476716936,
,,,-0.307403,0.0195312476716936,
,,,-0.307371,0,
,,,-0.307339,0,
,,,-0.307307,0.0195312476716936,
,,,-0.307275,0,
,,,-0.307243,0.0195312476716936,
,,,-0.307211,0.0195312476716936,
,,,-0.307179,0.0195312476716936,
,,,-0.307147,0.0195312476716936,
,,,-0.307115,-0.0214843724388629,
,,,-0.307083,0.0195312476716936,
,,,-0.307051,0.0195312476716936,
,,,-0.307019,0.0585937430150807,
,,,-0.306987,0,
,,,-0.306955,-0.0214843724388629,
,,,-0.306923,0,
,,,-0.306891,0.0195312476716936,
,,,-0.306859,0,
,,,-0.306827,0.0390624953433871,
,,,-0.306795,0.0195312476716936,
,,,-0.306763,0.0195312476716936,
,,,-0.306731,0,
,,,-0.306699,0.0195312476716936,
,,,-0.306667,0,
,,,-0.306635,0.0195312476716936,
,,,-0.306603,0.0195312476716936,
,,,-0.306571,0.0195312476716936,
,,,-0.306539,0,
,,,-0.306507,0.0195312476716936,
,,,-0.306475,-0.0214843724388629,
,,,-0.306443,0,
,,,-0.306411,0,
,,,-0.306379,0,
,,,-0.306347,0,
,,,-0.306315,0,
,,,-0.306283,0,
,,,-0.306251,0.0195312476716936,
,,,-0.306219,0,
,,,-0.306187,0.0195312476716936,
,,,-0.306155,0.0195312476716936,
,,,-0.306123,0,
,,,-0.306091,0.0195312476716936,
,,,-0.306059,0.0195312476716936,
,,,-0.306027,0.0195312476716936,
,,,-0.305995,0.0195312476716936,
,,,-0.305963,0.0195312476716936,
,,,-0.305931,0,
,,,-0.305899,0,
,,,-0.305867,0,
,,,-0.305835,0.0195312476716936,
,,,-0.305803,-0.0214843724388629,
,,,-0.305771,0.0195312476716936,
,,,-0.305739,0.0195312476716936,
,,,-0.305707,0,
,,,-0.305675,0,
,,,-0.305643,0,
,,,-0.305611,0.0195312476716936,
,,,-0.305579,0.0195312476716936,
,,,-0.305547,0,
,,,-0.305515,0,
,,,-0.305483,0.0195312476716936,
,,,-0.305451,0,
,,,-0.305419,0,
,,,-0.305387,0,
,,,-0.305355,0.0195312476716936,
,,,-0.305323,0,
,,,-0.305291,0.0195312476716936,
,,,-0.305259,0,
,,,-0.305227,0.0195312476716936,
,,,-0.305195,0,
,,,-0.305163,0,
,,,-0.305131,0.0195312476716936,
,,,-0.305099,0,
,,,-0.305067,-0.0214843724388629,
,,,-0.305035,0,
,,,-0.305003,0,
,,,-0.304971,0,
,,,-0.304939,0.0195312476716936,
,,,-0.304907,-0.0214843724388629,
,,,-0.304875,0.0195312476716936,
,,,-0.304843,0,
,,,-0.304811,0.0195312476716936,
,,,-0.304779,0,
,,,-0.304747,0,
,,,-0.304715,-0.0214843724388629,
,,,-0.304683,0,
,,,-0.304651,0,
,,,-0.304619,0,
,,,-0.304587,0,
,,,-0.304555,-0.0410156201105565,
,,,-0.304523,0,
,,,-0.304491,0.0195312476716936,
,,,-0.304459,0.0195312476716936,
,,,-0.304427,0,
,,,-0.304395,0.0195312476716936,
,,,-0.304363,0,
,,,-0.304331,0.0195312476716936,
,,,-0.304299,0,
,,,-0.304267,-0.0410156201105565,
,,,-0.304235,0,
,,,-0.304203,-0.0214843724388629,
,,,-0.304171,0,
,,,-0.304139,-0.0214843724388629,
,,,-0.304107,0,
,,,-0.304075,0.0195312476716936,
,,,-0.304043,0,
,,,-0.304011,0,
,,,-0.303979,0.0195312476716936,
,,,-0.303947,-0.0214843724388629,
,,,-0.303915,0.0195312476716936,
,,,-0.303883,0,
,,,-0.303851,0,
,,,-0.303819,0,
,,,-0.303787,0,
,,,-0.303755,-0.0214843724388629,
,,,-0.303723,0.0195312476716936,
,,,-0.303691,0,
,,,-0.303659,0.0195312476716936,
,,,-0.303627,0.0195312476716936,
,,,-0.303595,-0.0214843724388629,
,,,-0.303563,0.0195312476716936,
,,,-0.303531,0.0195312476716936,
,,,-0.303499,0.0390624953433871,
,,,-0.303467,0,
,,,-0.303435,0,
,,,-0.303403,-0.0214843724388629,
,,,-0.303371,-0.0214843724388629,
,,,-0.303339,0.0195312476716936,
,,,-0.303307,0.0195312476716936,
,,,-0.303275,0,
,,,-0.303243,0.0195312476716936,
,,,-0.303211,0,
,,,-0.303179,0.0195312476716936,
,,,-0.303147,0,
,,,-0.303115,0.0195312476716936,
,,,-0.303083,-0.0214843724388629,
,,,-0.303051,0.0195312476716936,
,,,-0.303019,0.0195312476716936,
,,,-0.302987,0.0195312476716936,
,,,-0.302955,0.0195312476716936,
,,,-0.302923,0,
,,,-0.302891,0.0195312476716936,
,,,-0.302859,0.0195312476716936,
,,,-0.302827,0.0195312476716936,
,,,-0.302795,0.0195312476716936,
,,,-0.302763,0.0390624953433871,
,,,-0.302731,0,
,,,-0.302699,0.0195312476716936,
,,,-0.302667,0.0195312476716936,
,,,-0.302635,0.0195312476716936,
,,,-0.302603,0.0195312476716936,
,,,-0.302571,0,
,,,-0.302539,0.0195312476716936,
,,,-0.302507,0.0195312476716936,
,,,-0.302475,0.0195312476716936,
,,,-0.302443,0,
,,,-0.302411,0,
,,,-0.302379,0.0195312476716936,
,,,-0.302347,0.0195312476716936,
,,,-0.302315,0,
,,,-0.302283,0.0195312476716936,
,,,-0.302251,0,
,,,-0.302219,0.0195312476716936,
,,,-0.302187,0.0195312476716936,
,,,-0.302155,0,
,,,-0.302123,0.0195312476716936,
,,,-0.302091,-0.0214843724388629,
,,,-0.302059,0,
,,,-0.302027,0.0195312476716936,
,,,-0.301995,0,
,,,-0.301963,0,
,,,-0.301931,0.0195312476716936,
,,,-0.301899,0,
,,,-0.301867,0,
,,,-0.301835,0.0195312476716936,
,,,-0.301803,0.0195312476716936,
,,,-0.301771,0.0195312476716936,
,,,-0.301739,-0.0214843724388629,
,,,-0.301707,0,
,,,-0.301675,0,
,,,-0.301643,0,
,,,-0.301611,0,
,,,-0.301579,0.0195312476716936,
,,,-0.301547,0,
,,,-0.301515,0.0195312476716936,
,,,-0.301483,0,
,,,-0.301451,0,
,,,-0.301419,0.0195312476716936,
,,,-0.301387,0,
,,,-0.301355,0,
,,,-0.301323,0,
,,,-0.301291,0,
,,,-0.301259,0,
,,,-0.301227,0.0195312476716936,
,,,-0.301195,-0.0214843724388629,
,,,-0.301163,0.0195312476716936,
,,,-0.301131,0.0195312476716936,
,,,-0.301099,0,
,,,-0.301067,0,
,,,-0.301035,0,
,,,-0.301003,0,
,,,-0.300971,0,
,,,-0.300939,0.0195312476716936,
,,,-0.300907,0,
,,,-0.300875,0,
,,,-0.300843,0.0195312476716936,
,,,-0.300811,0.0195312476716936,
,,,-0.300779,0.0195312476716936,
,,,-0.300747,0.0195312476716936,
,,,-0.300715,0.0195312476716936,
,,,-0.300683,0.0195312476716936,
,,,-0.300651,0.0195312476716936,
,,,-0.300619,0,
,,,-0.300587,0,
,,,-0.300555,0,
,,,-0.300523,0,
,,,-0.300491,0,
,,,-0.300459,0.0195312476716936,
,,,-0.300427,0,
,,,-0.300395,0.0195312476716936,
,,,-0.300363,0,
,,,-0.300331,0,
,,,-0.300299,0.0195312476716936,
,,,-0.300267,0.0195312476716936,
,,,-0.300235,0.0195312476716936,
,,,-0.300203,-0.0214843724388629,
,,,-0.300171,0.0195312476716936,
,,,-0.300139,0,
,,,-0.300107,0,
,,,-0.300075,-0.0214843724388629,
,,,-0.300043,0.0195312476716936,
,,,-0.300011,0.0195312476716936,
,,,-0.299979,0.0195312476716936,
,,,-0.299947,0,
,,,-0.299915,0.0195312476716936,
,,,-0.299883,0,
,,,-0.299851,0,
,,,-0.299819,0,
,,,-0.299787,0.0195312476716936,
,,,-0.299755,0.0195312476716936,
,,,-0.299723,0,
,,,-0.299691,0.0195312476716936,
,,,-0.299659,0,
,,,-0.299627,0,
,,,-0.299595,0.0195312476716936,
,,,-0.299563,0.0195312476716936,
,,,-0.299531,0,
,,,-0.299499,0,
,,,-0.299467,0,
,,,-0.299435,0.0195312476716936,
,,,-0.299403,0,
,,,-0.299371,0,
,,,-0.299339,0,
,,,-0.299307,0.0195312476716936,
,,,-0.299275,0.0195312476716936,
,,,-0.299243,0.0195312476716936,
,,,-0.299211,-0.0214843724388629,
,,,-0.299179,0,
,,,-0.299147,0.0195312476716936,
,,,-0.299115,0,
,,,-0.299083,0,
,,,-0.299051,-0.0214843724388629,
,,,-0.299019,0.0195312476716936,
,,,-0.298987,0,
,,,-0.298955,-0.0214843724388629,
,,,-0.298923,0,
,,,-0.298891,0.0195312476716936,
,,,-0.298859,0.0195312476716936,
,,,-0.298827,0,
,,,-0.298795,0,
,,,-0.298763,0.0195312476716936,
,,,-0.298731,0.0195312476716936,
,,,-0.298699,0,
,,,-0.298667,0.0195312476716936,
,,,-0.298635,0.0390624953433871,
,,,-0.298603,0.0195312476716936,
,,,-0.298571,0,
,,,-0.298539,0,
,,,-0.298507,0.0390624953433871,
,,,-0.298475,0.0195312476716936,
,,,-0.298443,0,
,,,-0.298411,0.0195312476716936,
,,,-0.298379,0.0195312476716936,
,,,-0.298347,0.0195312476716936,
,,,-0.298315,0,
,,,-0.298283,0.0195312476716936,
,,,-0.298251,0.0195312476716936,
,,,-0.298219,0.0195312476716936,
,,,-0.298187,0.0195312476716936,
,,,-0.298155,0,
,,,-0.298123,0.0195312476716936,
,,,-0.298091,0.0195312476716936,
,,,-0.298059,0.0195312476716936,
,,,-0.298027,0,
,,,-0.297995,0.0195312476716936,
,,,-0.297963,0.0195312476716936,
,,,-0.297931,-0.0214843724388629,
,,,-0.297899,0,
,,,-0.297867,0,
,,,-0.297835,0.0195312476716936,
,,,-0.297803,0.0195312476716936,
,,,-0.297771,0.0195312476716936,
,,,-0.297739,0.0195312476716936,
,,,-0.297707,0,
,,,-0.297675,0,
,,,-0.297643,0.0195312476716936,
,,,-0.297611,0.0585937430150807,
,,,-0.297579,0.0195312476716936,
,,,-0.297547,0.0195312476716936,
,,,-0.297515,0,
,,,-0.297483,0.0195312476716936,
,,,-0.297451,0.0195312476716936,
,,,-0.297419,-0.0214843724388629,
,,,-0.297387,0,
,,,-0.297355,0.0195312476716936,
,,,-0.297323,0.0195312476716936,
,,,-0.297291,0.0195312476716936,
,,,-0.297259,0.0390624953433871,
,,,-0.297227,0,
,,,-0.297195,0.0390624953433871,
,,,-0.297163,0.0390624953433871,
,,,-0.297131,0.0195312476716936,
,,,-0.297099,0,
,,,-0.297067,0.0195312476716936,
,,,-0.297035,0.0195312476716936,
,,,-0.297003,0,
,,,-0.296971,0,
,,,-0.296939,0.0390624953433871,
,,,-0.296907,0.0195312476716936,
,,,-0.296875,0.0195312476716936,
,,,-0.296843,0.0195312476716936,
,,,-0.296811,0.0195312476716936,
,,,-0.296779,0.0585937430150807,
,,,-0.296747,-0.0214843724388629,
,,,-0.296715,0,
,,,-0.296683,0.0195312476716936,
,,,-0.296651,0.0195312476716936,
,,,-0.296619,0.0195312476716936,
,,,-0.296587,0,
,,,-0.296555,0.0195312476716936,
,,,-0.296523,0,
,,,-0.296491,0,
,,,-0.296459,0.0195312476716936,
,,,-0.296427,0,
,,,-0.296395,0,
,,,-0.296363,-0.0214843724388629,
,,,-0.296331,0.0195312476716936,
,,,-0.296299,0.0390624953433871,
,,,-0.296267,0.0195312476716936,
,,,-0.296235,0.0195312476716936,
,,,-0.296203,0,
,,,-0.296171,0,
,,,-0.296139,0.0195312476716936,
,,,-0.296107,0,
,,,-0.296075,0.0195312476716936,
,,,-0.296043,0.0195312476716936,
,,,-0.296011,0.0390624953433871,
,,,-0.295979,0.0195312476716936,
,,,-0.295947,0,
,,,-0.295915,0.0195312476716936,
,,,-0.295883,0,
,,,-0.295851,-0.0214843724388629,
,,,-0.295819,0.0195312476716936,
,,,-0.295787,0,
,,,-0.295755,0.0195312476716936,
,,,-0.295723,0.0195312476716936,
,,,-0.295691,0.0195312476716936,
,,,-0.295659,0.0390624953433871,
,,,-0.295627,0.0195312476716936,
,,,-0.295595,0,
,,,-0.295563,0,
,,,-0.295531,0,
,,,-0.295499,0.0195312476716936,
,,,-0.295467,0.0195312476716936,
,,,-0.295435,0.0195312476716936,
,,,-0.295403,0,
,,,-0.295371,0,
,,,-0.295339,0,
,,,-0.295307,0,
,,,-0.295275,0,
,,,-0.295243,0,
,,,-0.295211,0,
,,,-0.295179,0,
,,,-0.295147,0,
,,,-0.295115,0,
,,,-0.295083,0,
,,,-0.295051,0,
,,,-0.295019,0,
,,,-0.294987,0.0195312476716936,
,,,-0.294955,-0.0214843724388629,
,,,-0.294923,0,
,,,-0.294891,0.0195312476716936,
,,,-0.294859,-0.0410156201105565,
,,,-0.294827,0,
,,,-0.294795,0,
,,,-0.294763,0,
,,,-0.294731,0,
,,,-0.294699,0,
,,,-0.294667,-0.0214843724388629,
,,,-0.294635,0,
,,,-0.294603,0,
,,,-0.294571,-0.0214843724388629,
,,,-0.294539,0,
,,,-0.294507,0,
,,,-0.294475,0,
,,,-0.294443,-0.0214843724388629,
,,,-0.294411,0,
,,,-0.294379,0,
,,,-0.294347,0.0195312476716936,
,,,-0.294315,0,
,,,-0.294283,0,
,,,-0.294251,0.0195312476716936,
,,,-0.294219,0,
,,,-0.294187,0,
,,,-0.294155,0.0195312476716936,
,,,-0.294123,0.0195312476716936,
,,,-0.294091,0,
,,,-0.294059,0.0195312476716936,
,,,-0.294027,0,
,,,-0.293995,0,
,,,-0.293963,0.0195312476716936,
,,,-0.293931,0,
,,,-0.293899,0,
,,,-0.293867,0,
,,,-0.293835,0,
,,,-0.293803,0.0195312476716936,
,,,-0.293771,0,
,,,-0.293739,0.0390624953433871,
,,,-0.293707,0.0195312476716936,
,,,-0.293675,0.0195312476716936,
,,,-0.293643,0.0195312476716936,
,,,-0.293611,0,
,,,-0.293579,0,
,,,-0.293547,0,
,,,-0.293515,0,
,,,-0.293483,0,
,,,-0.293451,0.0195312476716936,
,,,-0.293419,0.0195312476716936,
,,,-0.293387,0,
,,,-0.293355,0.0195312476716936,
,,,-0.293323,0.0195312476716936,
,,,-0.293291,-0.0214843724388629,
,,,-0.293259,0,
,,,-0.293227,0,
,,,-0.293195,0,
,,,-0.293163,0,
,,,-0.293131,0,
,,,-0.293099,-0.0214843724388629,
,,,-0.293067,0,
,,,-0.293035,0,
,,,-0.293003,-0.0214843724388629,
,,,-0.292971,0,
,,,-0.292939,0,
,,,-0.292907,0.0195312476716936,
,,,-0.292875,0,
,,,-0.292843,0.0195312476716936,
,,,-0.292811,0,
,,,-0.292779,0.0195312476716936,
,,,-0.292747,0.0195312476716936,
,,,-0.292715,0.0195312476716936,
,,,-0.292683,0,
,,,-0.292651,0,
,,,-0.292619,0,
,,,-0.292587,0,
,,,-0.292555,0.0195312476716936,
,,,-0.292523,0.0195312476716936,
,,,-0.292491,-0.0214843724388629,
,,,-0.292459,-0.0214843724388629,
,,,-0.292427,0.0195312476716936,
,,,-0.292395,0.0195312476716936,
,,,-0.292363,0.0195312476716936,
,,,-0.292331,0,
,,,-0.292299,0.0195312476716936,
,,,-0.292267,0.0195312476716936,
,,,-0.292235,0.0195312476716936,
,,,-0.292203,0,
,,,-0.292171,0,
,,,-0.292139,0,
,,,-0.292107,0,
,,,-0.292075,0.0390624953433871,
,,,-0.292043,0.0195312476716936,
,,,-0.292011,0,
,,,-0.291979,0,
,,,-0.291947,-0.0214843724388629,
,,,-0.291915,0,
,,,-0.291883,0.0195312476716936,
,,,-0.291851,0,
,,,-0.291819,0,
,,,-0.291787,0,
,,,-0.291755,0,
,,,-0.291723,0.0195312476716936,
,,,-0.291691,0,
,,,-0.291659,0.0195312476716936,
,,,-0.291627,0,
,,,-0.291595,0,
,,,-0.291563,0,
,,,-0.291531,0,
,,,-0.291499,0.0585937430150807,
,,,-0.291467,0.0195312476716936,
,,,-0.291435,0.0195312476716936,
,,,-0.291403,0,
,,,-0.291371,0,
,,,-0.291339,0,
,,,-0.291307,0.0195312476716936,
,,,-0.291275,0,
,,,-0.291243,0.0390624953433871,
,,,-0.291211,0,
,,,-0.291179,0,
,,,-0.291147,0.0195312476716936,
,,,-0.291115,0,
,,,-0.291083,0,
,,,-0.291051,0.0195312476716936,
,,,-0.291019,0.0195312476716936,
,,,-0.290987,0,
,,,-0.290955,0.0195312476716936,
,,,-0.290923,0.0195312476716936,
,,,-0.290891,0,
,,,-0.290859,0.0195312476716936,
,,,-0.290827,0,
,,,-0.290795,0,
,,,-0.290763,0,
,,,-0.290731,0,
,,,-0.290699,0,
,,,-0.290667,0,
,,,-0.290635,0.0195312476716936,
,,,-0.290603,0.0195312476716936,
,,,-0.290571,0.0195312476716936,
,,,-0.290539,0,
,,,-0.290507,0.0195312476716936,
,,,-0.290475,0.0195312476716936,
,,,-0.290443,-0.0214843724388629,
,,,-0.290411,0.0195312476716936,
,,,-0.290379,0,
,,,-0.290347,0.0195312476716936,
,,,-0.290315,0,
,,,-0.290283,0,
,,,-0.290251,0.0195312476716936,
,,,-0.290219,0,
,,,-0.290187,0,
,,,-0.290155,0,
,,,-0.290123,0.0195312476716936,
,,,-0.290091,0.0195312476716936,
,,,-0.290059,0.0195312476716936,
,,,-0.290027,0.0195312476716936,
,,,-0.289995,0,
,,,-0.289963,0.0195312476716936,
,,,-0.289931,0.0390624953433871,
,,,-0.289899,0.0195312476716936,
,,,-0.289867,0.0195312476716936,
,,,-0.289835,-0.0214843724388629,
,,,-0.289803,-0.0214843724388629,
,,,-0.289771,0,
,,,-0.289739,0,
,,,-0.289707,0.0195312476716936,
,,,-0.289675,0,
,,,-0.289643,0,
,,,-0.289611,0,
,,,-0.289579,0.0195312476716936,
,,,-0.289547,0.0195312476716936,
,,,-0.289515,0,
,,,-0.289483,0,
,,,-0.289451,-0.0214843724388629,
,,,-0.289419,0,
,,,-0.289387,-0.0214843724388629,
,,,-0.289355,-0.0214843724388629,
,,,-0.289323,0.0195312476716936,
,,,-0.289291,0.0195312476716936,
,,,-0.289259,0,
,,,-0.289227,-0.0214843724388629,
,,,-0.289195,0,
,,,-0.289163,0,
,,,-0.289131,0,
,,,-0.289099,0,
,,,-0.289067,-0.0214843724388629,
,,,-0.289035,0,
,,,-0.289003,0,
,,,-0.288971,0,
,,,-0.288939,0,
,,,-0.288907,0,
,,,-0.288875,0,
,,,-0.288843,0,
,,,-0.288811,0,
,,,-0.288779,0,
,,,-0.288747,0,
,,,-0.288715,0,
,,,-0.288683,0,
,,,-0.288651,0,
,,,-0.288619,0,
,,,-0.288587,0,
,,,-0.288555,0,
,,,-0.288523,0.0195312476716936,
,,,-0.288491,0,
,,,-0.288459,0.0195312476716936,
,,,-0.288427,0,
,,,-0.288395,0,
,,,-0.288363,0,
,,,-0.288331,0,
,,,-0.288299,0.0195312476716936,
,,,-0.288267,0,
,,,-0.288235,0,
,,,-0.288203,0,
,,,-0.288171,0,
,,,-0.288139,0.0195312476716936,
,,,-0.288107,0.0195312476716936,
,,,-0.288075,0,
,,,-0.288043,0.0195312476716936,
,,,-0.288011,0.0195312476716936,
,,,-0.287979,0,
,,,-0.287947,0,
,,,-0.287915,-0.0214843724388629,
,,,-0.287883,0,
,,,-0.287851,0,
,,,-0.287819,0.0195312476716936,
,,,-0.287787,0,
,,,-0.287755,0,
,,,-0.287723,0,
,,,-0.287691,0,
,,,-0.287659,0.0195312476716936,
,,,-0.287627,0.0195312476716936,
,,,-0.287595,0,
,,,-0.287563,0.0195312476716936,
,,,-0.287531,0.0195312476716936,
,,,-0.287499,0,
,,,-0.287467,-0.06054686778225,
,,,-0.287435,0.0195312476716936,
,,,-0.287403,0,
,,,-0.287371,0.0195312476716936,
,,,-0.287339,0.0195312476716936,
,,,-0.287307,0.0195312476716936,
,,,-0.287275,0.0195312476716936,
,,,-0.287243,0.0195312476716936,
,,,-0.287211,0.0195312476716936,
,,,-0.287179,0,
,,,-0.287147,0.0195312476716936,
,,,-0.287115,0,
,,,-0.287083,0.0195312476716936,
,,,-0.287051,0.0195312476716936,
,,,-0.287019,0.0195312476716936,
,,,-0.286987,0,
,,,-0.286955,0.0195312476716936,
,,,-0.286923,0.0195312476716936,
,,,-0.286891,0.0195312476716936,
,,,-0.286859,0,
,,,-0.286827,0.0195312476716936,
,,,-0.286795,0.0195312476716936,
,,,-0.286763,0.0195312476716936,
,,,-0.286731,0,
,,,-0.286699,0,
,,,-0.286667,0,
,,,-0.286635,0.0195312476716936,
,,,-0.286603,0.0195312476716936,
,,,-0.286571,0,
,,,-0.286539,0,
,,,-0.286507,0.0195312476716936,
,,,-0.286475,0.0195312476716936,
,,,-0.286443,0.0195312476716936,
,,,-0.286411,0.0195312476716936,
,,,-0.286379,0.0195312476716936,
,,,-0.286347,0.0195312476716936,
,,,-0.286315,0.0195312476716936,
,,,-0.286283,0,
,,,-0.286251,0.0195312476716936,
,,,-0.286219,0,
,,,-0.286187,0.0195312476716936,
,,,-0.286155,0.0195312476716936,
,,,-0.286123,0,
,,,-0.286091,0.0195312476716936,
,,,-0.286059,0.0195312476716936,
,,,-0.286027,0.0195312476716936,
,,,-0.285995,0,
,,,-0.285963,0,
,,,-0.285931,0.0195312476716936,
,,,-0.285899,0.0195312476716936,
,,,-0.285867,0,
,,,-0.285835,0,
,,,-0.285803,0,
,,,-0.285771,0,
,,,-0.285739,0,
,,,-0.285707,-0.0214843724388629,
,,,-0.285675,0,
,,,-0.285643,0.0390624953433871,
,,,-0.285611,0.0195312476716936,
,,,-0.285579,0.0195312476716936,
,,,-0.285547,-0.0214843724388629,
,,,-0.285515,0.0195312476716936,
,,,-0.285483,0.0195312476716936,
,,,-0.285451,0.0195312476716936,
,,,-0.285419,0,
,,,-0.285387,0.0195312476716936,
,,,-0.285355,0.0195312476716936,
,,,-0.285323,0,
,,,-0.285291,0.0195312476716936,
,,,-0.285259,0.0195312476716936,
,,,-0.285227,0.0195312476716936,
,,,-0.285195,0,
,,,-0.285163,0.0195312476716936,
,,,-0.285131,0,
,,,-0.285099,0,
,,,-0.285067,0.0195312476716936,
,,,-0.285035,0.0195312476716936,
,,,-0.285003,0,
,,,-0.284971,0.0195312476716936,
,,,-0.284939,-0.0214843724388629,
,,,-0.284907,0.0195312476716936,
,,,-0.284875,0,
,,,-0.284843,0.0195312476716936,
,,,-0.284811,0.0195312476716936,
,,,-0.284779,0,
,,,-0.284747,0,
,,,-0.284715,0,
,,,-0.284683,0,
,,,-0.284651,-0.0214843724388629,
,,,-0.284619,0.0195312476716936,
,,,-0.284587,0,
,,,-0.284555,0.0195312476716936,
,,,-0.284523,0.0195312476716936,
,,,-0.284491,0,
,,,-0.284459,0.0195312476716936,
,,,-0.284427,0,
,,,-0.284395,0.0195312476716936,
,,,-0.284363,0,
,,,-0.284331,0.0195312476716936,
,,,-0.284299,0.0195312476716936,
,,,-0.284267,-0.0214843724388629,
,,,-0.284235,0.0195312476716936,
,,,-0.284203,0,
,,,-0.284171,0.0195312476716936,
,,,-0.284139,0,
,,,-0.284107,0.0195312476716936,
,,,-0.284075,0.0195312476716936,
,,,-0.284043,0.0195312476716936,
,,,-0.284011,0,
,,,-0.283979,0,
,,,-0.283947,0.0195312476716936,
,,,-0.283915,0.0195312476716936,
,,,-0.283883,0,
,,,-0.283851,0,
,,,-0.283819,0,
,,,-0.283787,0,
,,,-0.283755,0.0195312476716936,
,,,-0.283723,0.0195312476716936,
,,,-0.283691,0,
,,,-0.283659,0.0195312476716936,
,,,-0.283627,0.0195312476716936,
,,,-0.283595,0,
,,,-0.283563,0,
,,,-0.283531,0,
,,,-0.283499,0.0195312476716936,
,,,-0.283467,0.0195312476716936,
,,,-0.283435,0,
,,,-0.283403,0.0195312476716936,
,,,-0.283371,0.0195312476716936,
,,,-0.283339,-0.0214843724388629,
,,,-0.283307,0,
,,,-0.283275,0.0195312476716936,
,,,-0.283243,0,
,,,-0.283211,0,
,,,-0.283179,0,
,,,-0.283147,0,
,,,-0.283115,0.0195312476716936,
,,,-0.283083,0,
,,,-0.283051,0.0195312476716936,
,,,-0.283019,0.0195312476716936,
,,,-0.282987,0,
,,,-0.282955,0,
,,,-0.282923,0,
,,,-0.282891,0.0195312476716936,
,,,-0.282859,0.0195312476716936,
,,,-0.282827,0.0390624953433871,
,,,-0.282795,0,
,,,-0.282763,-0.0214843724388629,
,,,-0.282731,0.0195312476716936,
,,,-0.282699,0.0195312476716936,
,,,-0.282667,-0.0214843724388629,
,,,-0.282635,0,
,,,-0.282603,0.0195312476716936,
,,,-0.282571,0.0195312476716936,
,,,-0.282539,-0.0800781154539436,
,,,-0.282507,0,
,,,-0.282475,0,
,,,-0.282443,0.0195312476716936,
,,,-0.282411,0.0195312476716936,
,,,-0.282379,0.0195312476716936,
,,,-0.282347,0,
,,,-0.282315,0.0390624953433871,
,,,-0.282283,0,
,,,-0.282251,0,
,,,-0.282219,0.0195312476716936,
,,,-0.282187,0.0195312476716936,
,,,-0.282155,0,
,,,-0.282123,0.0195312476716936,
,,,-0.282091,0.0195312476716936,
,,,-0.282059,-0.0214843724388629,
,,,-0.282027,0.0195312476716936,
,,,-0.281995,0,
,,,-0.281963,0.0195312476716936,
,,,-0.281931,0.0195312476716936,
,,,-0.281899,0.0195312476716936,
,,,-0.281867,0.0195312476716936,
,,,-0.281835,0.0195312476716936,
,,,-0.281803,0,
,,,-0.281771,-0.0214843724388629,
,,,-0.281739,0.0195312476716936,
,,,-0.281707,0,
,,,-0.281675,0.0195312476716936,
,,,-0.281643,0,
,,,-0.281611,0.0195312476716936,
,,,-0.281579,0.0390624953433871,
,,,-0.281547,0,
,,,-0.281515,0,
,,,-0.281483,0,
,,,-0.281451,0.0195312476716936,
,,,-0.281419,0.0195312476716936,
,,,-0.281387,0,
,,,-0.281355,0.0195312476716936,
,,,-0.281323,0.0195312476716936,
,,,-0.281291,0,
,,,-0.281259,0.0195312476716936,
,,,-0.281227,0.0195312476716936,
,,,-0.281195,0.0195312476716936,
,,,-0.281163,0.0195312476716936,
,,,-0.281131,-0.0214843724388629,
,,,-0.281099,0.0195312476716936,
,,,-0.281067,0,
,,,-0.281035,0.0195312476716936,
,,,-0.281003,0.0195312476716936,
,,,-0.280971,0,
,,,-0.280939,0.0195312476716936,
,,,-0.280907,0.0195312476716936,
,,,-0.280875,0.0195312476716936,
,,,-0.280843,0,
,,,-0.280811,-0.101562487892807,
,,,-0.280779,-0.0214843724388629,
,,,-0.280747,0,
,,,-0.280715,0,
,,,-0.280683,0.0195312476716936,
,,,-0.280651,0.0195312476716936,
,,,-0.280619,0,
,,,-0.280587,0.0195312476716936,
,,,-0.280555,0,
,,,-0.280523,0.0195312476716936,
,,,-0.280491,-0.0214843724388629,
,,,-0.280459,0,
,,,-0.280427,0,
,,,-0.280395,0,
,,,-0.280363,0,
,,,-0.280331,0,
,,,-0.280299,0,
,,,-0.280267,0.0195312476716936,
,,,-0.280235,0.0195312476716936,
,,,-0.280203,0.0195312476716936,
,,,-0.280171,0,
,,,-0.280139,0.0195312476716936,
,,,-0.280107,0.0195312476716936,
,,,-0.280075,0.0195312476716936,
,,,-0.280043,0,
,,,-0.280011,0,
,,,-0.279979,-0.0214843724388629,
,,,-0.279947,0.0195312476716936,
,,,-0.279915,0.0195312476716936,
,,,-0.279883,0.0195312476716936,
,,,-0.279851,0.0195312476716936,
,,,-0.279819,0.0195312476716936,
,,,-0.279787,0.0195312476716936,
,,,-0.279755,0,
,,,-0.279723,0.0195312476716936,
,,,-0.279691,0.0195312476716936,
,,,-0.279659,0.0390624953433871,
,,,-0.279627,0.0195312476716936,
,,,-0.279595,0.0195312476716936,
,,,-0.279563,0,
,,,-0.279531,-0.0214843724388629,
,,,-0.279499,0,
,,,-0.279467,0.0195312476716936,
,,,-0.279435,0.0195312476716936,
,,,-0.279403,0.0195312476716936,
,,,-0.279371,0,
,,,-0.279339,-0.0214843724388629,
,,,-0.279307,-0.0214843724388629,
,,,-0.279275,-0.0214843724388629,
,,,-0.279243,0.0195312476716936,
,,,-0.279211,0,
,,,-0.279179,0.0195312476716936,
,,,-0.279147,0,
,,,-0.279115,0.0195312476716936,
,,,-0.279083,0.0195312476716936,
,,,-0.279051,0,
,,,-0.279019,0,
,,,-0.278987,0,
,,,-0.278955,0,
,,,-0.278923,0.0195312476716936,
,,,-0.278891,0.0195312476716936,
,,,-0.278859,0.0195312476716936,
,,,-0.278827,0,
,,,-0.278795,0,
,,,-0.278763,0,
,,,-0.278731,0,
,,,-0.278699,0.0195312476716936,
,,,-0.278667,0.0195312476716936,
,,,-0.278635,-0.0214843724388629,
,,,-0.278603,0.0195312476716936,
,,,-0.278571,0,
,,,-0.278539,0,
,,,-0.278507,0,
,,,-0.278475,0.0195312476716936,
,,,-0.278443,0,
,,,-0.278411,-0.0214843724388629,
,,,-0.278379,0,
,,,-0.278347,-0.0214843724388629,
,,,-0.278315,0,
,,,-0.278283,0.0195312476716936,
,,,-0.278251,0,
,,,-0.278219,0,
,,,-0.278187,0,
,,,-0.278155,0,
,,,-0.278123,0,
,,,-0.278091,0.0195312476716936,
,,,-0.278059,0,
,,,-0.278027,0,
,,,-0.277995,0.0195312476716936,
,,,-0.277963,-0.0214843724388629,
,,,-0.277931,0.0195312476716936,
,,,-0.277899,0.0195312476716936,
,,,-0.277867,0,
,,,-0.277835,0,
,,,-0.277803,0,
,,,-0.277771,0,
,,,-0.277739,-0.0214843724388629,
,,,-0.277707,0,
,,,-0.277675,0,
,,,-0.277643,0,
,,,-0.277611,0.0195312476716936,
,,,-0.277579,0,
,,,-0.277547,0.0390624953433871,
,,,-0.277515,0,
,,,-0.277483,0,
,,,-0.277451,0,
,,,-0.277419,-0.0214843724388629,
,,,-0.277387,0,
,,,-0.277355,0.0195312476716936,
,,,-0.277323,0.0195312476716936,
,,,-0.277291,0.0195312476716936,
,,,-0.277259,0.0195312476716936,
,,,-0.277227,0,
,,,-0.277195,0,
,,,-0.277163,-0.0214843724388629,
,,,-0.277131,0,
,,,-0.277099,-0.0214843724388629,
,,,-0.277067,0,
,,,-0.277035,0.0195312476716936,
,,,-0.277003,0,
,,,-0.276971,0,
,,,-0.276939,0.0195312476716936,
,,,-0.276907,0,
,,,-0.276875,0.0195312476716936,
,,,-0.276843,0,
,,,-0.276811,0,
,,,-0.276779,0,
,,,-0.276747,0.0195312476716936,
,,,-0.276715,0,
,,,-0.276683,0.0195312476716936,
,,,-0.276651,0,
,,,-0.276619,0,
,,,-0.276587,0,
,,,-0.276555,0,
,,,-0.276523,0,
,,,-0.276491,0,
,,,-0.276459,0,
,,,-0.276427,0,
,,,-0.276395,0,
,,,-0.276363,0.0195312476716936,
,,,-0.276331,0,
,,,-0.276299,0.0195312476716936,
,,,-0.276267,0,
,,,-0.276235,0,
,,,-0.276203,0,
,,,-0.276171,0,
,,,-0.276139,0.0195312476716936,
,,,-0.276107,0,
,,,-0.276075,-0.0214843724388629,
,,,-0.276043,0.0195312476716936,
,,,-0.276011,0,
,,,-0.275979,0,
,,,-0.275947,0,
,,,-0.275915,0.0195312476716936,
,,,-0.275883,0,
,,,-0.275851,0,
,,,-0.275819,0,
,,,-0.275787,0,
,,,-0.275755,0.0195312476716936,
,,,-0.275723,0,
,,,-0.275691,0,
,,,-0.275659,0.0195312476716936,
,,,-0.275627,0,
,,,-0.275595,0,
,,,-0.275563,0,
,,,-0.275531,0.0195312476716936,
,,,-0.275499,0.0195312476716936,
,,,-0.275467,0.0195312476716936,
,,,-0.275435,-0.0214843724388629,
,,,-0.275403,0.0195312476716936,
,,,-0.275371,0,
,,,-0.275339,0,
,,,-0.275307,-0.0214843724388629,
,,,-0.275275,0,
,,,-0.275243,0,
,,,-0.275211,0.0195312476716936,
,,,-0.275179,0.0195312476716936,
,,,-0.275147,0.0195312476716936,
,,,-0.275115,0.0195312476716936,
,,,-0.275083,0,
,,,-0.275051,0.0195312476716936,
,,,-0.275019,0.0195312476716936,
,,,-0.274987,0,
,,,-0.274955,0,
,,,-0.274923,-0.0214843724388629,
,,,-0.274891,0,
,,,-0.274859,0,
,,,-0.274827,0,
,,,-0.274795,0,
,,,-0.274763,0.0195312476716936,
,,,-0.274731,-0.06054686778225,
,,,-0.274699,0,
,,,-0.274667,0.0195312476716936,
,,,-0.274635,0.0195312476716936,
,,,-0.274603,0.0195312476716936,
,,,-0.274571,0.0195312476716936,
,,,-0.274539,0.0195312476716936,
,,,-0.274507,0,
,,,-0.274475,-0.06054686778225,
,,,-0.274443,0,
,,,-0.274411,0,
,,,-0.274379,0,
,,,-0.274347,0,
,,,-0.274315,0,
,,,-0.274283,-0.0214843724388629,
,,,-0.274251,0.0390624953433871,
,,,-0.274219,0.0195312476716936,
,,,-0.274187,0,
,,,-0.274155,0,
,,,-0.274123,0.0390624953433871,
,,,-0.274091,0.0195312476716936,
,,,-0.274059,0.0195312476716936,
,,,-0.274027,0.0195312476716936,
,,,-0.273995,0,
,,,-0.273963,0.0195312476716936,
,,,-0.273931,0,
,,,-0.273899,0.0195312476716936,
,,,-0.273867,0,
,,,-0.273835,0.0195312476716936,
,,,-0.273803,0.0195312476716936,
,,,-0.273771,0,
,,,-0.273739,0.0195312476716936,
,,,-0.273707,0.0195312476716936,
,,,-0.273675,0,
,,,-0.273643,-0.0214843724388629,
,,,-0.273611,0.0195312476716936,
,,,-0.273579,0.0195312476716936,
,,,-0.273547,0,
,,,-0.273515,0.0195312476716936,
,,,-0.273483,0.0195312476716936,
,,,-0.273451,0.0195312476716936,
,,,-0.273419,0.0195312476716936,
,,,-0.273387,0,
,,,-0.273355,0.0195312476716936,
,,,-0.273323,0,
,,,-0.273291,0.0195312476716936,
,,,-0.273259,0.0195312476716936,
,,,-0.273227,0,
,,,-0.273195,0.0195312476716936,
,,,-0.273163,0,
,,,-0.273131,0.0195312476716936,
,,,-0.273099,0.0195312476716936,
,,,-0.273067,0,
,,,-0.273035,0.0195312476716936,
,,,-0.273003,0,
,,,-0.272971,0,
,,,-0.272939,0,
,,,-0.272907,0.0195312476716936,
,,,-0.272875,0.0195312476716936,
,,,-0.272843,0,
,,,-0.272811,0,
,,,-0.272779,0.0195312476716936,
,,,-0.272747,-0.0214843724388629,
,,,-0.272715,0,
,,,-0.272683,0,
,,,-0.272651,0.0195312476716936,
,,,-0.272619,0.0195312476716936,
,,,-0.272587,-0.0410156201105565,
,,,-0.272555,0,
,,,-0.272523,0.0195312476716936,
,,,-0.272491,0,
,,,-0.272459,0,
,,,-0.272427,0.0195312476716936,
,,,-0.272395,-0.0800781154539436,
,,,-0.272363,0.0195312476716936,
,,,-0.272331,0.0195312476716936,
,,,-0.272299,0,
,,,-0.272267,0.0195312476716936,
,,,-0.272235,0,
,,,-0.272203,0,
,,,-0.272171,0.0390624953433871,
,,,-0.272139,0.0390624953433871,
,,,-0.272107,-0.0214843724388629,
,,,-0.272075,0.0195312476716936,
,,,-0.272043,0,
,,,-0.272011,0,
,,,-0.271979,0,
,,,-0.271947,0.0195312476716936,
,,,-0.271915,0.0195312476716936,
,,,-0.271883,0,
,,,-0.271851,0,
,,,-0.271819,0,
,,,-0.271787,0.0195312476716936,
,,,-0.271755,0.0195312476716936,
,,,-0.271723,0,
,,,-0.271691,0,
,,,-0.271659,0.0195312476716936,
,,,-0.271627,0,
,,,-0.271595,0.0195312476716936,
,,,-0.271563,0,
,,,-0.271531,0.0195312476716936,
,,,-0.271499,0,
,,,-0.271467,0,
,,,-0.271435,0,
,,,-0.271403,0,
,,,-0.271371,0.0195312476716936,
,,,-0.271339,0.0390624953433871,
,,,-0.271307,0,
,,,-0.271275,0,
,,,-0.271243,0,
,,,-0.271211,-0.0214843724388629,
,,,-0.271179,-0.0214843724388629,
,,,-0.271147,0.0195312476716936,
,,,-0.271115,0,
,,,-0.271083,0.0195312476716936,
,,,-0.271051,0.0195312476716936,
,,,-0.271019,0,
,,,-0.270987,0,
,,,-0.270955,0.0195312476716936,
,,,-0.270923,0.0195312476716936,
,,,-0.270891,0.0195312476716936,
,,,-0.270859,0.0195312476716936,
,,,-0.270827,-0.0214843724388629,
,,,-0.270795,-0.0214843724388629,
,,,-0.270763,0.0195312476716936,
,,,-0.270731,-0.0214843724388629,
,,,-0.270699,0,
,,,-0.270667,0,
,,,-0.270635,0.0195312476716936,
,,,-0.270603,0,
,,,-0.270571,0,
,,,-0.270539,0.0195312476716936,
,,,-0.270507,0,
,,,-0.270475,0.0195312476716936,
,,,-0.270443,0,
,,,-0.270411,-0.0214843724388629,
,,,-0.270379,0,
,,,-0.270347,0.0195312476716936,
,,,-0.270315,0,
,,,-0.270283,0.0195312476716936,
,,,-0.270251,0,
,,,-0.270219,0.0195312476716936,
,,,-0.270187,0.0195312476716936,
,,,-0.270155,0,
,,,-0.270123,-0.0214843724388629,
,,,-0.270091,0,
,,,-0.270059,0,
,,,-0.270027,0.0195312476716936,
,,,-0.269995,-0.0214843724388629,
,,,-0.269963,-0.0214843724388629,
,,,-0.269931,0.0195312476716936,
,,,-0.269899,0,
,,,-0.269867,0.0195312476716936,
,,,-0.269835,0.0195312476716936,
,,,-0.269803,0,
,,,-0.269771,0.0195312476716936,
,,,-0.269739,0,
,,,-0.269707,0,
,,,-0.269675,0.0195312476716936,
,,,-0.269643,0,
,,,-0.269611,0,
,,,-0.269579,0.0390624953433871,
,,,-0.269547,0.0195312476716936,
,,,-0.269515,0.0195312476716936,
,,,-0.269483,0,
,,,-0.269451,0.0195312476716936,
,,,-0.269419,0,
,,,-0.269387,0,
,,,-0.269355,0,
,,,-0.269323,0.0195312476716936,
,,,-0.269291,0,
,,,-0.269259,0.0195312476716936,
,,,-0.269227,0.0195312476716936,
,,,-0.269195,0.0195312476716936,
,,,-0.269163,0.0195312476716936,
,,,-0.269131,0,
,,,-0.269099,0.0195312476716936,
,,,-0.269067,0.0195312476716936,
,,,-0.269035,0.0195312476716936,
,,,-0.269003,0.0195312476716936,
,,,-0.268971,0,
,,,-0.268939,0.0195312476716936,
,,,-0.268907,0,
,,,-0.268875,0.0195312476716936,
,,,-0.268843,0.0195312476716936,
,,,-0.268811,0.0195312476716936,
,,,-0.268779,0,
,,,-0.268747,0,
,,,-0.268715,0.0195312476716936,
,,,-0.268683,0,
,,,-0.268651,-0.0214843724388629,
,,,-0.268619,0.0195312476716936,
,,,-0.268587,-0.0410156201105565,
,,,-0.268555,0,
,,,-0.268523,0.0195312476716936,
,,,-0.268491,0,
,,,-0.268459,0,
,,,-0.268427,0,
,,,-0.268395,0.0195312476716936,
,,,-0.268363,0,
,,,-0.268331,0,
,,,-0.268299,0,
,,,-0.268267,0.0195312476716936,
,,,-0.268235,0.0195312476716936,
,,,-0.268203,0.0195312476716936,
,,,-0.268171,0.0195312476716936,
,,,-0.268139,0,
,,,-0.268107,0.0195312476716936,
,,,-0.268075,0,
,,,-0.268043,0.0195312476716936,
,,,-0.268011,0,
,,,-0.267979,0.0195312476716936,
,,,-0.267947,0,
,,,-0.267915,0.0195312476716936,
,,,-0.267883,0,
,,,-0.267851,0,
,,,-0.267819,0.0195312476716936,
,,,-0.267787,0.0195312476716936,
,,,-0.267755,0.0195312476716936,
,,,-0.267723,0.0195312476716936,
,,,-0.267691,0,
,,,-0.267659,0,
,,,-0.267627,0.0195312476716936,
,,,-0.267595,0,
,,,-0.267563,0.0195312476716936,
,,,-0.267531,0.0195312476716936,
,,,-0.267499,0,
,,,-0.267467,0,
,,,-0.267435,-0.0214843724388629,
,,,-0.267403,0.0195312476716936,
,,,-0.267371,0,
,,,-0.267339,-0.0410156201105565,
,,,-0.267307,0,
,,,-0.267275,0.0195312476716936,
,,,-0.267243,0,
,,,-0.267211,0,
,,,-0.267179,0.0390624953433871,
,,,-0.267147,0.0195312476716936,
,,,-0.267115,0.0195312476716936,
,,,-0.267083,0.0195312476716936,
,,,-0.267051,-0.0214843724388629,
,,,-0.267019,0,
,,,-0.266987,0,
,,,-0.266955,0.0195312476716936,
,,,-0.266923,0,
,,,-0.266891,0.0195312476716936,
,,,-0.266859,0.0195312476716936,
,,,-0.266827,0,
,,,-0.266795,0.0195312476716936,
,,,-0.266763,0.0195312476716936,
,,,-0.266731,0.0195312476716936,
,,,-0.266699,0.0195312476716936,
,,,-0.266667,0.0195312476716936,
,,,-0.266635,0.0195312476716936,
,,,-0.266603,0.0195312476716936,
,,,-0.266571,0.0195312476716936,
,,,-0.266539,0.0195312476716936,
,,,-0.266507,0,
,,,-0.266475,0,
,,,-0.266443,0.0195312476716936,
,,,-0.266411,0.0195312476716936,
,,,-0.266379,-0.0410156201105565,
,,,-0.266347,0.0195312476716936,
,,,-0.266315,0.0195312476716936,
,,,-0.266283,0.0195312476716936,
,,,-0.266251,0.0195312476716936,
,,,-0.266219,0.0195312476716936,
,,,-0.266187,0.0390624953433871,
,,,-0.266155,0,
,,,-0.266123,0.0195312476716936,
,,,-0.266091,0,
,,,-0.266059,0.0195312476716936,
,,,-0.266027,0.0195312476716936,
,,,-0.265995,0.0195312476716936,
,,,-0.265963,0.0195312476716936,
,,,-0.265931,0.0195312476716936,
,,,-0.265899,0.0390624953433871,
,,,-0.265867,0.0195312476716936,
,,,-0.265835,0,
,,,-0.265803,0,
,,,-0.265771,0.0195312476716936,
,,,-0.265739,0.0195312476716936,
,,,-0.265707,0.0195312476716936,
,,,-0.265675,0.0195312476716936,
,,,-0.265643,-0.0214843724388629,
,,,-0.265611,0.0195312476716936,
,,,-0.265579,0.0195312476716936,
,,,-0.265547,0,
,,,-0.265515,0,
,,,-0.265483,0.0195312476716936,
,,,-0.265451,0.0195312476716936,
,,,-0.265419,0.0195312476716936,
,,,-0.265387,0,
,,,-0.265355,0,
,,,-0.265323,0,
,,,-0.265291,0.0195312476716936,
,,,-0.265259,0.0195312476716936,
,,,-0.265227,0.0195312476716936,
,,,-0.265195,0.0195312476716936,
,,,-0.265163,-0.0214843724388629,
,,,-0.265131,0,
,,,-0.265099,0,
,,,-0.265067,0,
,,,-0.265035,0,
,,,-0.265003,0.0195312476716936,
,,,-0.264971,0.0195312476716936,
,,,-0.264939,0,
,,,-0.264907,0.0195312476716936,
,,,-0.264875,-0.0214843724388629,
,,,-0.264843,0.0195312476716936,
,,,-0.264811,0.0195312476716936,
,,,-0.264779,0.0195312476716936,
,,,-0.264747,-0.0800781154539436,
,,,-0.264715,0.0390624953433871,
,,,-0.264683,0.0195312476716936,
,,,-0.264651,0.0390624953433871,
,,,-0.264619,-0.0214843724388629,
,,,-0.264587,0.0195312476716936,
,,,-0.264555,0.0195312476716936,
,,,-0.264523,0.0195312476716936,
,,,-0.264491,0.0195312476716936,
,,,-0.264459,0.0195312476716936,
,,,-0.264427,0.0390624953433871,
,,,-0.264395,0,
,,,-0.264363,0,
,,,-0.264331,0.0195312476716936,
,,,-0.264299,0,
,,,-0.264267,0.0195312476716936,
,,,-0.264235,0.0195312476716936,
,,,-0.264203,0.0195312476716936,
,,,-0.264171,-0.06054686778225,
,,,-0.264139,0.0195312476716936,
,,,-0.264107,0.0195312476716936,
,,,-0.264075,0.0195312476716936,
,,,-0.264043,0.0195312476716936,
,,,-0.264011,0,
,,,-0.263979,0.0195312476716936,
,,,-0.263947,0.0195312476716936,
,,,-0.263915,0.0195312476716936,
,,,-0.263883,0.0195312476716936,
,,,-0.263851,0,
,,,-0.263819,0,
,,,-0.263787,0.0195312476716936,
,,,-0.263755,0,
,,,-0.263723,0.0195312476716936,
,,,-0.263691,-0.0214843724388629,
,,,-0.263659,0.0195312476716936,
,,,-0.263627,-0.0214843724388629,
,,,-0.263595,0,
,,,-0.263563,0.0195312476716936,
,,,-0.263531,0.0195312476716936,
,,,-0.263499,0,
,,,-0.263467,0,
,,,-0.263435,0.0195312476716936,
,,,-0.263403,0.0195312476716936,
,,,-0.263371,0.0195312476716936,
,,,-0.263339,0,
,,,-0.263307,0.0195312476716936,
,,,-0.263275,0,
,,,-0.263243,0,
,,,-0.263211,0.0195312476716936,
,,,-0.263179,0,
,,,-0.263147,0.0195312476716936,
,,,-0.263115,0.0195312476716936,
,,,-0.263083,0.0195312476716936,
,,,-0.263051,0.0195312476716936,
,,,-0.263019,0.0195312476716936,
,,,-0.262987,0.0195312476716936,
,,,-0.262955,0,
,,,-0.262923,0.0195312476716936,
,,,-0.262891,0.0195312476716936,
,,,-0.262859,0.0195312476716936,
,,,-0.262827,0,
,,,-0.262795,0,
,,,-0.262763,0,
,,,-0.262731,0.0195312476716936,
,,,-0.262699,0.0195312476716936,
,,,-0.262667,0.0195312476716936,
,,,-0.262635,0.0195312476716936,
,,,-0.262603,0.0195312476716936,
,,,-0.262571,0,
,,,-0.262539,0,
,,,-0.262507,0,
,,,-0.262475,-0.0214843724388629,
,,,-0.262443,-0.0214843724388629,
,,,-0.262411,0.0195312476716936,
,,,-0.262379,0.0195312476716936,
,,,-0.262347,-0.0214843724388629,
,,,-0.262315,0,
,,,-0.262283,0.0390624953433871,
,,,-0.262251,-0.0214843724388629,
,,,-0.262219,0,
,,,-0.262187,0.0195312476716936,
,,,-0.262155,0.0195312476716936,
,,,-0.262123,0,
,,,-0.262091,0.0195312476716936,
,,,-0.262059,0.0195312476716936,
,,,-0.262027,0,
,,,-0.261995,0,
,,,-0.261963,0.0195312476716936,
,,,-0.261931,0,
,,,-0.261899,0,
,,,-0.261867,0,
,,,-0.261835,-0.0214843724388629,
,,,-0.261803,0,
,,,-0.261771,0.0195312476716936,
,,,-0.261739,0,
,,,-0.261707,-0.0214843724388629,
,,,-0.261675,0,
,,,-0.261643,0.0195312476716936,
,,,-0.261611,0,
,,,-0.261579,0.0195312476716936,
,,,-0.261547,-0.0214843724388629,
,,,-0.261515,0,
,,,-0.261483,0.0195312476716936,
,,,-0.261451,0,
,,,-0.261419,0.0195312476716936,
,,,-0.261387,0.0195312476716936,
,,,-0.261355,0,
,,,-0.261323,0.0195312476716936,
,,,-0.261291,0,
,,,-0.261259,-0.0214843724388629,
,,,-0.261227,0.0195312476716936,
,,,-0.261195,0,
,,,-0.261163,0,
,,,-0.261131,0.0195312476716936,
,,,-0.261099,0,
,,,-0.261067,0.0195312476716936,
,,,-0.261035,0,
,,,-0.261003,0.0195312476716936,
,,,-0.260971,0,
,,,-0.260939,0.0195312476716936,
,,,-0.260907,0,
,,,-0.260875,0,
,,,-0.260843,-0.0214843724388629,
,,,-0.260811,0,
,,,-0.260779,0,
,,,-0.260747,0,
,,,-0.260715,0,
,,,-0.260683,0,
,,,-0.260651,0,
,,,-0.260619,0,
,,,-0.260587,0,
,,,-0.260555,0,
,,,-0.260523,0,
,,,-0.260491,0,
,,,-0.260459,0,
,,,-0.260427,0,
,,,-0.260395,0.0195312476716936,
,,,-0.260363,0.0195312476716936,
,,,-0.260331,-0.0214843724388629,
,,,-0.260299,-0.0214843724388629,
,,,-0.260267,0.0195312476716936,
,,,-0.260235,0,
,,,-0.260203,-0.0214843724388629,
,,,-0.260171,-0.0214843724388629,
,,,-0.260139,0,
,,,-0.260107,-0.0214843724388629,
,,,-0.260075,0,
,,,-0.260043,0,
,,,-0.260011,0,
,,,-0.259979,0.0195312476716936,
,,,-0.259947,0,
,,,-0.259915,0,
,,,-0.259883,0.0195312476716936,
,,,-0.259851,0,
,,,-0.259819,0,
,,,-0.259787,0.0195312476716936,
,,,-0.259755,-0.0214843724388629,
,,,-0.259723,0,
,,,-0.259691,0,
,,,-0.259659,0,
,,,-0.259627,0,
,,,-0.259595,0,
,,,-0.259563,0,
,,,-0.259531,0,
,,,-0.259499,-0.0214843724388629,
,,,-0.259467,0,
,,,-0.259435,0,
,,,-0.259403,0.0195312476716936,
,,,-0.259371,0,
,,,-0.259339,0,
,,,-0.259307,0,
,,,-0.259275,0,
,,,-0.259243,0,
,,,-0.259211,0,
,,,-0.259179,0,
,,,-0.259147,0.0195312476716936,
,,,-0.259115,0,
,,,-0.259083,-0.0214843724388629,
,,,-0.259051,0.0195312476716936,
,,,-0.259019,0,
,,,-0.258987,0,
,,,-0.258955,0,
,,,-0.258923,0,
,,,-0.258891,0.0195312476716936,
,,,-0.258859,0.0195312476716936,
,,,-0.258827,0,
,,,-0.258795,0,
,,,-0.258763,0.0195312476716936,
,,,-0.258731,0.0195312476716936,
,,,-0.258699,0,
,,,-0.258667,0,
,,,-0.258635,0,
,,,-0.258603,0.0195312476716936,
,,,-0.258571,0.0195312476716936,
,,,-0.258539,0,
,,,-0.258507,0,
,,,-0.258475,0.0195312476716936,
,,,-0.258443,0.0195312476716936,
,,,-0.258411,0.0195312476716936,
,,,-0.258379,0.0195312476716936,
,,,-0.258347,0,
,,,-0.258315,-0.0410156201105565,
,,,-0.258283,0.0195312476716936,
,,,-0.258251,0.0195312476716936,
,,,-0.258219,0.0195312476716936,
,,,-0.258187,0,
,,,-0.258155,0,
,,,-0.258123,0.0195312476716936,
,,,-0.258091,0,
,,,-0.258059,0,
,,,-0.258027,0,
,,,-0.257995,0,
,,,-0.257963,0.0195312476716936,
,,,-0.257931,0.0195312476716936,
,,,-0.257899,0.0195312476716936,
,,,-0.257867,0,
,,,-0.257835,0.0195312476716936,
,,,-0.257803,0.0195312476716936,
,,,-0.257771,0,
,,,-0.257739,0.0195312476716936,
,,,-0.257707,0,
,,,-0.257675,0.0195312476716936,
,,,-0.257643,0.0195312476716936,
,,,-0.257611,0,
,,,-0.257579,0.0195312476716936,
,,,-0.257547,-0.0214843724388629,
,,,-0.257515,0.0195312476716936,
,,,-0.257483,0.0195312476716936,
,,,-0.257451,0.0195312476716936,
,,,-0.257419,0.0195312476716936,
,,,-0.257387,0,
,,,-0.257355,0.0195312476716936,
,,,-0.257323,0,
,,,-0.257291,0,
,,,-0.257259,0.0195312476716936,
,,,-0.257227,0.0195312476716936,
,,,-0.257195,0.0195312476716936,
,,,-0.257163,0,
,,,-0.257131,0,
,,,-0.257099,0.0195312476716936,
,,,-0.257067,0,
,,,-0.257035,0,
,,,-0.257003,0.0195312476716936,
,,,-0.256971,0.0195312476716936,
,,,-0.256939,0,
,,,-0.256907,0.0195312476716936,
,,,-0.256875,0,
,,,-0.256843,0,
,,,-0.256811,0.0195312476716936,
,,,-0.256779,0,
,,,-0.256747,0,
,,,-0.256715,0.0195312476716936,
,,,-0.256683,0.0195312476716936,
,,,-0.256651,0.0195312476716936,
,,,-0.256619,0.0195312476716936,
,,,-0.256587,0.0195312476716936,
,,,-0.256555,0,
,,,-0.256523,0.0195312476716936,
,,,-0.256491,0.0195312476716936,
,,,-0.256459,0,
,,,-0.256427,0,
,,,-0.256395,0,
,,,-0.256363,0.0195312476716936,
,,,-0.256331,0,
,,,-0.256299,0.0195312476716936,
,,,-0.256267,0.0195312476716936,
,,,-0.256235,0.0195312476716936,
,,,-0.256203,0.0195312476716936,
,,,-0.256171,0,
,,,-0.256139,0.0195312476716936,
,,,-0.256107,0.0195312476716936,
,,,-0.256075,0,
,,,-0.256043,0,
,,,-0.256011,0,
,,,-0.255979,0,
,,,-0.255947,0,
,,,-0.255915,0,
,,,-0.255883,0.0195312476716936,
,,,-0.255851,0,
,,,-0.255819,0,
,,,-0.255787,0,
,,,-0.255755,0.0195312476716936,
,,,-0.255723,0.0195312476716936,
,,,-0.255691,0.0195312476716936,
,,,-0.255659,0.0195312476716936,
,,,-0.255627,0.0195312476716936,
,,,-0.255595,-0.0800781154539436,
,,,-0.255563,0.0195312476716936,
,,,-0.255531,0.0195312476716936,
,,,-0.255499,0.0195312476716936,
,,,-0.255467,0.0195312476716936,
,,,-0.255435,0,
,,,-0.255403,0,
,,,-0.255371,0.0390624953433871,
,,,-0.255339,0,
,,,-0.255307,0,
,,,-0.255275,0,
,,,-0.255243,0.0195312476716936,
,,,-0.255211,0,
,,,-0.255179,-0.0214843724388629,
,,,-0.255147,0,
,,,-0.255115,0,
,,,-0.255083,0.0195312476716936,
,,,-0.255051,0,
,,,-0.255019,0,
,,,-0.254987,0,
,,,-0.254955,-0.0214843724388629,
,,,-0.254923,0,
,,,-0.254891,0.0195312476716936,
,,,-0.254859,0.0195312476716936,
,,,-0.254827,0.0195312476716936,
,,,-0.254795,0,
,,,-0.254763,0,
,,,-0.254731,0,
,,,-0.254699,0.0195312476716936,
,,,-0.254667,0.0195312476716936,
,,,-0.254635,0,
,,,-0.254603,0,
,,,-0.254571,0,
,,,-0.254539,0,
,,,-0.254507,0,
,,,-0.254475,0,
,,,-0.254443,0,
,,,-0.254411,0,
,,,-0.254379,0,
,,,-0.254347,0,
,,,-0.254315,-0.0214843724388629,
,,,-0.254283,0,
,,,-0.254251,0.0195312476716936,
,,,-0.254219,0,
,,,-0.254187,0,
,,,-0.254155,-0.0214843724388629,
,,,-0.254123,0,
,,,-0.254091,0.0195312476716936,
,,,-0.254059,0,
,,,-0.254027,0.0195312476716936,
,,,-0.253995,0.0195312476716936,
,,,-0.253963,0,
,,,-0.253931,0,
,,,-0.253899,0,
,,,-0.253867,0.0195312476716936,
,,,-0.253835,0.0390624953433871,
,,,-0.253803,0,
,,,-0.253771,0,
,,,-0.253739,0.0195312476716936,
,,,-0.253707,0,
,,,-0.253675,0.0195312476716936,
,,,-0.253643,0,
,,,-0.253611,0,
,,,-0.253579,0,
,,,-0.253547,0.0195312476716936,
,,,-0.253515,0,
,,,-0.253483,0,
,,,-0.253451,0.0195312476716936,
,,,-0.253419,0.0195312476716936,
,,,-0.253387,0,
,,,-0.253355,0,
,,,-0.253323,0.0195312476716936,
,,,-0.253291,0,
,,,-0.253259,0.0195312476716936,
,,,-0.253227,0,
,,,-0.253195,0.0195312476716936,
,,,-0.253163,0.0195312476716936,
,,,-0.253131,0.0195312476716936,
,,,-0.253099,0,
,,,-0.253067,0.0195312476716936,
,,,-0.253035,0.0195312476716936,
,,,-0.253003,0.0195312476716936,
,,,-0.252971,0,
,,,-0.252939,0,
,,,-0.252907,0,
,,,-0.252875,0,
,,,-0.252843,0.0195312476716936,
,,,-0.252811,0,
,,,-0.252779,0.0195312476716936,
,,,-0.252747,0,
,,,-0.252715,0.0195312476716936,
,,,-0.252683,0,
,,,-0.252651,0.0195312476716936,
,,,-0.252619,0.0195312476716936,
,,,-0.252587,-0.0214843724388629,
,,,-0.252555,0.0195312476716936,
,,,-0.252523,0,
,,,-0.252491,0.0390624953433871,
,,,-0.252459,0,
,,,-0.252427,0,
,,,-0.252395,0.0195312476716936,
,,,-0.252363,0.0195312476716936,
,,,-0.252331,0,
,,,-0.252299,-0.0214843724388629,
,,,-0.252267,0.0195312476716936,
,,,-0.252235,-0.0214843724388629,
,,,-0.252203,0.0195312476716936,
,,,-0.252171,0.0195312476716936,
,,,-0.252139,0.0195312476716936,
,,,-0.252107,0.0195312476716936,
,,,-0.252075,0.0195312476716936,
,,,-0.252043,0,
,,,-0.252011,0,
,,,-0.251979,0,
,,,-0.251947,0.0195312476716936,
,,,-0.251915,0,
,,,-0.251883,0.0195312476716936,
,,,-0.251851,0,
,,,-0.251819,0,
,,,-0.251787,0,
,,,-0.251755,0.0195312476716936,
,,,-0.251723,0.0195312476716936,
,,,-0.251691,0,
,,,-0.251659,0,
,,,-0.251627,0.0195312476716936,
,,,-0.251595,0.0195312476716936,
,,,-0.251563,0,
,,,-0.251531,0,
,,,-0.251499,0.0195312476716936,
,,,-0.251467,0,
,,,-0.251435,0.0195312476716936,
,,,-0.251403,0.0195312476716936,
,,,-0.251371,0.0195312476716936,
,,,-0.251339,0,
,,,-0.251307,0.0195312476716936,
,,,-0.251275,-0.0214843724388629,
,,,-0.251243,-0.0214843724388629,
,,,-0.251211,0.0195312476716936,
,,,-0.251179,0.0195312476716936,
,,,-0.251147,-0.0214843724388629,
,,,-0.251115,-0.0214843724388629,
,,,-0.251083,0,
,,,-0.251051,0.0195312476716936,
,,,-0.251019,0,
,,,-0.250987,0,
,,,-0.250955,0,
,,,-0.250923,-0.0214843724388629,
,,,-0.250891,0,
,,,-0.250859,0.0195312476716936,
,,,-0.250827,0.0195312476716936,
,,,-0.250795,0,
,,,-0.250763,0.0195312476716936,
,,,-0.250731,0,
,,,-0.250699,0,
,,,-0.250667,0.0195312476716936,
,,,-0.250635,0.0195312476716936,
,,,-0.250603,0,
,,,-0.250571,0.0195312476716936,
,,,-0.250539,0,
,,,-0.250507,0,
,,,-0.250475,0.0195312476716936,
,,,-0.250443,0,
,,,-0.250411,0.0195312476716936,
,,,-0.250379,0.0195312476716936,
,,,-0.250347,0,
,,,-0.250315,0,
,,,-0.250283,0,
,,,-0.250251,-0.0214843724388629,
,,,-0.250219,0,
,,,-0.250187,0.0390624953433871,
,,,-0.250155,0.0195312476716936,
,,,-0.250123,-0.0214843724388629,
,,,-0.250091,0.0195312476716936,
,,,-0.250059,0.0195312476716936,
,,,-0.250027,0.0195312476716936,
,,,-0.249995,0.0195312476716936,
,,,-0.249963,0.0195312476716936,
,,,-0.249931,0,
,,,-0.249899,0.0195312476716936,
,,,-0.249867,0.0195312476716936,
,,,-0.249835,0.0195312476716936,
,,,-0.249803,0,
,,,-0.249771,0.0195312476716936,
,,,-0.249739,0,
,,,-0.249707,0,
,,,-0.249675,0.0195312476716936,
,,,-0.249643,0.0195312476716936,
,,,-0.249611,-0.0214843724388629,
,,,-0.249579,0.0195312476716936,
,,,-0.249547,0,
,,,-0.249515,0,
,,,-0.249483,0.0195312476716936,
,,,-0.249451,0.0195312476716936,
,,,-0.249419,0,
,,,-0.249387,0.0195312476716936,
,,,-0.249355,0,
,,,-0.249323,0.0195312476716936,
,,,-0.249291,0.0195312476716936,
,,,-0.249259,0,
,,,-0.249227,0.0195312476716936,
,,,-0.249195,0,
,,,-0.249163,0.0195312476716936,
,,,-0.249131,0,
,,,-0.249099,0.0195312476716936,
,,,-0.249067,0.0195312476716936,
,,,-0.249035,0.0195312476716936,
,,,-0.249003,0,
,,,-0.248971,0.0195312476716936,
,,,-0.248939,0,
,,,-0.248907,0.0195312476716936,
,,,-0.248875,0.0195312476716936,
,,,-0.248843,0,
,,,-0.248811,0.0195312476716936,
,,,-0.248779,-0.0800781154539436,
,,,-0.248747,0.0195312476716936,
,,,-0.248715,0.0195312476716936,
,,,-0.248683,0.0195312476716936,
,,,-0.248651,0.0195312476716936,
,,,-0.248619,-0.06054686778225,
,,,-0.248587,0.0195312476716936,
,,,-0.248555,0.0195312476716936,
,,,-0.248523,0.0195312476716936,
,,,-0.248491,0,
,,,-0.248459,0.0195312476716936,
,,,-0.248427,0,
,,,-0.248395,0.0195312476716936,
,,,-0.248363,0.0195312476716936,
,,,-0.248331,0,
,,,-0.248299,0.0195312476716936,
,,,-0.248267,-0.0214843724388629,
,,,-0.248235,0,
,,,-0.248203,0.0195312476716936,
,,,-0.248171,-0.0214843724388629,
,,,-0.248139,-0.0214843724388629,
,,,-0.248107,0.0195312476716936,
,,,-0.248075,0,
,,,-0.248043,0.0195312476716936,
,,,-0.248011,0.0195312476716936,
,,,-0.247979,0.0195312476716936,
,,,-0.247947,0,
,,,-0.247915,0,
,,,-0.247883,0.0195312476716936,
,,,-0.247851,0.0195312476716936,
,,,-0.247819,0,
,,,-0.247787,0.0195312476716936,
,,,-0.247755,0,
,,,-0.247723,0,
,,,-0.247691,0,
,,,-0.247659,0,
,,,-0.247627,0,
,,,-0.247595,0.0195312476716936,
,,,-0.247563,0.0195312476716936,
,,,-0.247531,0.0195312476716936,
,,,-0.247499,0.0195312476716936,
,,,-0.247467,0.0195312476716936,
,,,-0.247435,0.0195312476716936,
,,,-0.247403,0.0195312476716936,
,,,-0.247371,0.0390624953433871,
,,,-0.247339,0.0195312476716936,
,,,-0.247307,-0.0214843724388629,
,,,-0.247275,0,
,,,-0.247243,0.0390624953433871,
,,,-0.247211,0.0195312476716936,
,,,-0.247179,0.0585937430150807,
,,,-0.247147,0.0195312476716936,
,,,-0.247115,0,
,,,-0.247083,0.0195312476716936,
,,,-0.247051,0.0195312476716936,
,,,-0.247019,0,
,,,-0.246987,0.0195312476716936,
,,,-0.246955,0.0390624953433871,
,,,-0.246923,0,
,,,-0.246891,0,
,,,-0.246859,0.0195312476716936,
,,,-0.246827,0.0390624953433871,
,,,-0.246795,0.0195312476716936,
,,,-0.246763,0,
,,,-0.246731,0.0195312476716936,
,,,-0.246699,0.0195312476716936,
,,,-0.246667,0,
,,,-0.246635,0,
,,,-0.246603,0.0195312476716936,
,,,-0.246571,0,
,,,-0.246539,0.0195312476716936,
,,,-0.246507,0.0195312476716936,
,,,-0.246475,0.0195312476716936,
,,,-0.246443,0.0195312476716936,
,,,-0.246411,0.0195312476716936,
,,,-0.246379,0,
,,,-0.246347,0,
,,,-0.246315,0,
,,,-0.246283,-0.0410156201105565,
,,,-0.246251,0,
,,,-0.246219,0.0195312476716936,
,,,-0.246187,0,
,,,-0.246155,0,
,,,-0.246123,0.0195312476716936,
,,,-0.246091,0,
,,,-0.246059,-0.0410156201105565,
,,,-0.246027,0,
,,,-0.245995,0,
,,,-0.245963,0.0195312476716936,
,,,-0.245931,0.0195312476716936,
,,,-0.245899,0.0195312476716936,
,,,-0.245867,0.0195312476716936,
,,,-0.245835,0.0390624953433871,
,,,-0.245803,0,
,,,-0.245771,0.0195312476716936,
,,,-0.245739,0.0195312476716936,
,,,-0.245707,-0.0214843724388629,
,,,-0.245675,0,
,,,-0.245643,0.0195312476716936,
,,,-0.245611,0,
,,,-0.245579,-0.0214843724388629,
,,,-0.245547,0,
,,,-0.245515,0.0195312476716936,
,,,-0.245483,0.0195312476716936,
,,,-0.245451,0,
,,,-0.245419,0,
,,,-0.245387,0,
,,,-0.245355,0.0195312476716936,
,,,-0.245323,0,
,,,-0.245291,0,
,,,-0.245259,0,
,,,-0.245227,0,
,,,-0.245195,0,
,,,-0.245163,0.0195312476716936,
,,,-0.245131,0.0195312476716936,
,,,-0.245099,0,
,,,-0.245067,0,
,,,-0.245035,-0.0214843724388629,
,,,-0.245003,0.0195312476716936,
,,,-0.244971,0,
,,,-0.244939,0,
,,,-0.244907,-0.0214843724388629,
,,,-0.244875,0.0195312476716936,
,,,-0.244843,0,
,,,-0.244811,0,
,,,-0.244779,0,
,,,-0.244747,-0.0214843724388629,
,,,-0.244715,0,
,,,-0.244683,0,
,,,-0.244651,0.0195312476716936,
,,,-0.244619,0,
,,,-0.244587,0,
,,,-0.244555,0,
,,,-0.244523,0,
,,,-0.244491,0,
,,,-0.244459,0,
,,,-0.244427,0,
,,,-0.244395,0,
,,,-0.244363,0,
,,,-0.244331,0,
,,,-0.244299,0,
,,,-0.244267,0,
,,,-0.244235,0,
,,,-0.244203,0.0195312476716936,
,,,-0.244171,0,
,,,-0.244139,0,
,,,-0.244107,0,
,,,-0.244075,0,
,,,-0.244043,0.0195312476716936,
,,,-0.244011,0,
,,,-0.243979,0.0195312476716936,
,,,-0.243947,0,
,,,-0.243915,0,
,,,-0.243883,0,
,,,-0.243851,0,
,,,-0.243819,0,
,,,-0.243787,0,
,,,-0.243755,0.0195312476716936,
,,,-0.243723,0,
,,,-0.243691,0,
,,,-0.243659,0,
,,,-0.243627,0,
,,,-0.243595,0,
,,,-0.243563,0,
,,,-0.243531,0,
,,,-0.243499,0,
,,,-0.243467,0,
,,,-0.243435,0,
,,,-0.243403,0,
,,,-0.243371,0.0195312476716936,
,,,-0.243339,0,
,,,-0.243307,0,
,,,-0.243275,0,
,,,-0.243243,0,
,,,-0.243211,0,
,,,-0.243179,0,
,,,-0.243147,0,
,,,-0.243115,0,
,,,-0.243083,0.0195312476716936,
,,,-0.243051,0,
,,,-0.243019,0,
,,,-0.242987,0.0195312476716936,
,,,-0.242955,0,
,,,-0.242923,0,
,,,-0.242891,0.0195312476716936,
,,,-0.242859,0.0195312476716936,
,,,-0.242827,0,
,,,-0.242795,0,
,,,-0.242763,0,
,,,-0.242731,0,
,,,-0.242699,0.0195312476716936,
,,,-0.242667,-0.0214843724388629,
,,,-0.242635,0.0195312476716936,
,,,-0.242603,0,
,,,-0.242571,0.0195312476716936,
,,,-0.242539,0,
,,,-0.242507,0,
,,,-0.242475,0.0195312476716936,
,,,-0.242443,0,
,,,-0.242411,0.0195312476716936,
,,,-0.242379,0.0195312476716936,
,,,-0.242347,0.0195312476716936,
,,,-0.242315,0,
,,,-0.242283,0,
,,,-0.242251,0,
,,,-0.242219,0,
,,,-0.242187,0,
,,,-0.242155,0,
,,,-0.242123,0,
,,,-0.242091,0,
,,,-0.242059,-0.0214843724388629,
,,,-0.242027,0.0195312476716936,
,,,-0.241995,0,
,,,-0.241963,0.0195312476716936,
,,,-0.241931,0.0195312476716936,
,,,-0.241899,0.0195312476716936,
,,,-0.241867,0.0195312476716936,
,,,-0.241835,0.0195312476716936,
,,,-0.241803,0,
,,,-0.241771,-0.0214843724388629,
,,,-0.241739,0,
,,,-0.241707,0,
,,,-0.241675,0.0195312476716936,
,,,-0.241643,0.0195312476716936,
,,,-0.241611,0.0195312476716936,
,,,-0.241579,0.0390624953433871,
,,,-0.241547,0.0195312476716936,
,,,-0.241515,0.0195312476716936,
,,,-0.241483,-0.0214843724388629,
,,,-0.241451,0,
,,,-0.241419,0.0195312476716936,
,,,-0.241387,0.0195312476716936,
,,,-0.241355,0,
,,,-0.241323,0.0195312476716936,
,,,-0.241291,0,
,,,-0.241259,0.0195312476716936,
,,,-0.241227,-0.0214843724388629,
,,,-0.241195,-0.0214843724388629,
,,,-0.241163,0,
,,,-0.241131,0.0195312476716936,
,,,-0.241099,0.0195312476716936,
,,,-0.241067,0.0195312476716936,
,,,-0.241035,0.0195312476716936,
,,,-0.241003,0.0195312476716936,
,,,-0.240971,0.0195312476716936,
,,,-0.240939,0,
,,,-0.240907,0.0195312476716936,
,,,-0.240875,0.0195312476716936,
,,,-0.240843,-0.0214843724388629,
,,,-0.240811,0,
,,,-0.240779,0,
,,,-0.240747,-0.0214843724388629,
,,,-0.240715,0,
,,,-0.240683,0.0195312476716936,
,,,-0.240651,0,
,,,-0.240619,0.0195312476716936,
,,,-0.240587,0.0195312476716936,
,,,-0.240555,0.0195312476716936,
,,,-0.240523,0,
,,,-0.240491,0.0195312476716936,
,,,-0.240459,0,
,,,-0.240427,0.0195312476716936,
,,,-0.240395,-0.0214843724388629,
,,,-0.240363,0,
,,,-0.240331,0,
,,,-0.240299,0.0195312476716936,
,,,-0.240267,0,
,,,-0.240235,0.0195312476716936,
,,,-0.240203,0.0195312476716936,
,,,-0.240171,0,
,,,-0.240139,0.0195312476716936,
,,,-0.240107,0,
,,,-0.240075,0.0195312476716936,
,,,-0.240043,0.0195312476716936,
,,,-0.240011,0.0195312476716936,
,,,-0.239979,0.0390624953433871,
,,,-0.239947,0.0195312476716936,
,,,-0.239915,-0.0214843724388629,
,,,-0.239883,0.0195312476716936,
,,,-0.239851,0.0195312476716936,
,,,-0.239819,0.0195312476716936,
,,,-0.239787,0.0195312476716936,
,,,-0.239755,0.0195312476716936,
,,,-0.239723,0.0195312476716936,
,,,-0.239691,0.0195312476716936,
,,,-0.239659,-0.0214843724388629,
,,,-0.239627,0.0195312476716936,
,,,-0.239595,0.0195312476716936,
,,,-0.239563,0,
,,,-0.239531,0,
,,,-0.239499,0,
,,,-0.239467,0.0195312476716936,
,,,-0.239435,0,
,,,-0.239403,0,
,,,-0.239371,0.0195312476716936,
,,,-0.239339,-0.0214843724388629,
,,,-0.239307,0.0195312476716936,
,,,-0.239275,0,
,,,-0.239243,0,
,,,-0.239211,0,
,,,-0.239179,0.0195312476716936,
,,,-0.239147,0.0195312476716936,
,,,-0.239115,0,
,,,-0.239083,0,
,,,-0.239051,0.0195312476716936,
,,,-0.239019,0.0195312476716936,
,,,-0.238987,0,
,,,-0.238955,0,
,,,-0.238923,0.0195312476716936,
,,,-0.238891,0,
,,,-0.238859,0.0195312476716936,
,,,-0.238827,0.0195312476716936,
,,,-0.238795,0.0390624953433871,
,,,-0.238763,0,
,,,-0.238731,0,
,,,-0.238699,0.0195312476716936,
,,,-0.238667,0,
,,,-0.238635,-0.0214843724388629,
,,,-0.238603,0,
,,,-0.238571,0.0195312476716936,
,,,-0.238539,0.0195312476716936,
,,,-0.238507,0.0390624953433871,
,,,-0.238475,0,
,,,-0.238443,0,
,,,-0.238411,0,
,,,-0.238379,0,
,,,-0.238347,0,
,,,-0.238315,0,
,,,-0.238283,0.0195312476716936,
,,,-0.238251,-0.0214843724388629,
,,,-0.238219,0,
,,,-0.238187,-0.0214843724388629,
,,,-0.238155,0,
,,,-0.238123,0,
,,,-0.238091,0.0195312476716936,
,,,-0.238059,0,
,,,-0.238027,0,
,,,-0.237995,-0.0214843724388629,
,,,-0.237963,0,
,,,-0.237931,0,
,,,-0.237899,-0.0214843724388629,
,,,-0.237867,-0.0214843724388629,
,,,-0.237835,0,
,,,-0.237803,0,
,,,-0.237771,0,
,,,-0.237739,0,
,,,-0.237707,-0.0214843724388629,
,,,-0.237675,-0.0214843724388629,
,,,-0.237643,0.0195312476716936,
,,,-0.237611,0.0195312476716936,
,,,-0.237579,0,
,,,-0.237547,0,
,,,-0.237515,0,
,,,-0.237483,0.0195312476716936,
,,,-0.237451,-0.0214843724388629,
,,,-0.237419,0,
,,,-0.237387,0,
,,,-0.237355,0,
,,,-0.237323,0.0195312476716936,
,,,-0.237291,0.0195312476716936,
,,,-0.237259,0,
,,,-0.237227,0,
,,,-0.237195,-0.0214843724388629,
,,,-0.237163,0,
,,,-0.237131,0.0195312476716936,
,,,-0.237099,0,
,,,-0.237067,0,
,,,-0.237035,0.0195312476716936,
,,,-0.237003,-0.0214843724388629,
,,,-0.236971,0.0195312476716936,
,,,-0.236939,0.0195312476716936,
,,,-0.236907,0.0195312476716936,
,,,-0.236875,0,
,,,-0.236843,0.0195312476716936,
,,,-0.236811,0.0390624953433871,
,,,-0.236779,0,
,,,-0.236747,0,
,,,-0.236715,0.0390624953433871,
,,,-0.236683,0,
,,,-0.236651,0.0585937430150807,
,,,-0.236619,0.0195312476716936,
,,,-0.236587,0,
,,,-0.236555,0,
,,,-0.236523,0,
,,,-0.236491,0,
,,,-0.236459,0.0195312476716936,
,,,-0.236427,0.0195312476716936,
,,,-0.236395,0,
,,,-0.236363,0,
,,,-0.236331,0.0195312476716936,
,,,-0.236299,0,
,,,-0.236267,0.0195312476716936,
,,,-0.236235,0.0195312476716936,
,,,-0.236203,0.0195312476716936,
,,,-0.236171,0.0195312476716936,
,,,-0.236139,0.0195312476716936,
,,,-0.236107,0,
,,,-0.236075,0.0195312476716936,
,,,-0.236043,0,
,,,-0.236011,0.0195312476716936,
,,,-0.235979,0,
,,,-0.235947,0,
,,,-0.235915,0,
,,,-0.235883,0.0195312476716936,
,,,-0.235851,0.0195312476716936,
,,,-0.235819,0,
,,,-0.235787,0,
,,,-0.235755,0.0195312476716936,
,,,-0.235723,0.0195312476716936,
,,,-0.235691,0,
,,,-0.235659,0.0195312476716936,
,,,-0.235627,-0.0214843724388629,
,,,-0.235595,-0.0214843724388629,
,,,-0.235563,0.0195312476716936,
,,,-0.235531,0,
,,,-0.235499,0,
,,,-0.235467,0,
,,,-0.235435,0.0195312476716936,
,,,-0.235403,0.0195312476716936,
,,,-0.235371,0,
,,,-0.235339,0.0195312476716936,
,,,-0.235307,0,
,,,-0.235275,0.0195312476716936,
,,,-0.235243,0.0195312476716936,
,,,-0.235211,0.0195312476716936,
,,,-0.235179,0,
,,,-0.235147,0.0195312476716936,
,,,-0.235115,0.0195312476716936,
,,,-0.235083,0,
,,,-0.235051,0.0195312476716936,
,,,-0.235019,0.0195312476716936,
,,,-0.234987,0,
,,,-0.234955,0.0195312476716936,
,,,-0.234923,0,
,,,-0.234891,0.0195312476716936,
,,,-0.234859,0.0195312476716936,
,,,-0.234827,0,
,,,-0.234795,0,
,,,-0.234763,0,
,,,-0.234731,0.0195312476716936,
,,,-0.234699,0.0195312476716936,
,,,-0.234667,0.0195312476716936,
,,,-0.234635,0,
,,,-0.234603,0.0195312476716936,
,,,-0.234571,-0.0214843724388629,
,,,-0.234539,0,
,,,-0.234507,0.0390624953433871,
,,,-0.234475,0,
,,,-0.234443,0.0195312476716936,
,,,-0.234411,0.0195312476716936,
,,,-0.234379,0,
,,,-0.234347,0.0195312476716936,
,,,-0.234315,0,
,,,-0.234283,0,
,,,-0.234251,0,
,,,-0.234219,0.0195312476716936,
,,,-0.234187,0,
,,,-0.234155,0,
,,,-0.234123,0,
,,,-0.234091,0.0195312476716936,
,,,-0.234059,0.0195312476716936,
,,,-0.234027,0.0195312476716936,
,,,-0.233995,0,
,,,-0.233963,0.0195312476716936,
,,,-0.233931,0.0195312476716936,
,,,-0.233899,0,
,,,-0.233867,0.0195312476716936,
,,,-0.233835,0.0195312476716936,
,,,-0.233803,0.0195312476716936,
,,,-0.233771,0.0195312476716936,
,,,-0.233739,0.0195312476716936,
,,,-0.233707,0.0195312476716936,
,,,-0.233675,0.0195312476716936,
,,,-0.233643,0.0195312476716936,
,,,-0.233611,0.0195312476716936,
,,,-0.233579,-0.0214843724388629,
,,,-0.233547,0.0195312476716936,
,,,-0.233515,0,
,,,-0.233483,0.0195312476716936,
,,,-0.233451,0.0195312476716936,
,,,-0.233419,-0.0214843724388629,
,,,-0.233387,0.0195312476716936,
,,,-0.233355,0.0195312476716936,
,,,-0.233323,0,
,,,-0.233291,0.0195312476716936,
,,,-0.233259,0,
,,,-0.233227,0,
,,,-0.233195,0,
,,,-0.233163,0,
,,,-0.233131,0,
,,,-0.233099,0.0195312476716936,
,,,-0.233067,-0.0410156201105565,
,,,-0.233035,0.0195312476716936,
,,,-0.233003,0.0390624953433871,
,,,-0.232971,0.0195312476716936,
,,,-0.232939,0,
,,,-0.232907,0,
,,,-0.232875,0.0195312476716936,
,,,-0.232843,0.0195312476716936,
,,,-0.232811,0.0195312476716936,
,,,-0.232779,0,
,,,-0.232747,0.0195312476716936,
,,,-0.232715,0.0195312476716936,
,,,-0.232683,0.0195312476716936,
,,,-0.232651,0.0195312476716936,
,,,-0.232619,0.0390624953433871,
,,,-0.232587,0.0390624953433871,
,,,-0.232555,0.0195312476716936,
,,,-0.232523,0.0195312476716936,
,,,-0.232491,-0.0214843724388629,
,,,-0.232459,0.0195312476716936,
,,,-0.232427,0,
,,,-0.232395,0,
,,,-0.232363,0.0195312476716936,
,,,-0.232331,0.0195312476716936,
,,,-0.232299,0.0195312476716936,
,,,-0.232267,0.0195312476716936,
,,,-0.232235,0.0195312476716936,
,,,-0.232203,0,
,,,-0.232171,0.0195312476716936,
,,,-0.232139,0.0195312476716936,
,,,-0.232107,0.0195312476716936,
,,,-0.232075,0.0195312476716936,
,,,-0.232043,0.0195312476716936,
,,,-0.232011,0.0195312476716936,
,,,-0.231979,0.0195312476716936,
,,,-0.231947,0.0195312476716936,
,,,-0.231915,-0.0410156201105565,
,,,-0.231883,0,
,,,-0.231851,0.0195312476716936,
,,,-0.231819,0.0195312476716936,
,,,-0.231787,0,
,,,-0.231755,0,
,,,-0.231723,0.0195312476716936,
,,,-0.231691,0.0195312476716936,
,,,-0.231659,0.0195312476716936,
,,,-0.231627,0,
,,,-0.231595,0.0195312476716936,
,,,-0.231563,0,
,,,-0.231531,0.0195312476716936,
,,,-0.231499,0,
,,,-0.231467,0,
,,,-0.231435,0.0195312476716936,
,,,-0.231403,0,
,,,-0.231371,0.0195312476716936,
,,,-0.231339,0.0195312476716936,
,,,-0.231307,0.0195312476716936,
,,,-0.231275,0.0195312476716936,
,,,-0.231243,0,
,,,-0.231211,-0.0800781154539436,
,,,-0.231179,0.0195312476716936,
,,,-0.231147,0.0195312476716936,
,,,-0.231115,0.0390624953433871,
,,,-0.231083,0.0195312476716936,
,,,-0.231051,-0.0214843724388629,
,,,-0.231019,0,
,,,-0.230987,0.0195312476716936,
,,,-0.230955,0.0195312476716936,
,,,-0.230923,0.0195312476716936,
,,,-0.230891,0.0195312476716936,
,,,-0.230859,0.0195312476716936,
,,,-0.230827,0,
,,,-0.230795,0,
,,,-0.230763,0,
,,,-0.230731,-0.0214843724388629,
,,,-0.230699,0.0195312476716936,
,,,-0.230667,0.0195312476716936,
,,,-0.230635,0,
,,,-0.230603,0,
,,,-0.230571,0,
,,,-0.230539,0,
,,,-0.230507,0.0195312476716936,
,,,-0.230475,0.0195312476716936,
,,,-0.230443,0.0195312476716936,
,,,-0.230411,0.0585937430150807,
,,,-0.230379,0,
,,,-0.230347,0.0195312476716936,
,,,-0.230315,0.0195312476716936,
,,,-0.230283,0,
,,,-0.230251,0.0195312476716936,
,,,-0.230219,0.0195312476716936,
,,,-0.230187,0.0195312476716936,
,,,-0.230155,0.0195312476716936,
,,,-0.230123,0.0195312476716936,
,,,-0.230091,0.0195312476716936,
,,,-0.230059,0.0195312476716936,
,,,-0.230027,-0.0214843724388629,
,,,-0.229995,0,
,,,-0.229963,0,
,,,-0.229931,-0.0214843724388629,
,,,-0.229899,0.0195312476716936,
,,,-0.229867,0.0195312476716936,
,,,-0.229835,0.0195312476716936,
,,,-0.229803,0.0195312476716936,
,,,-0.229771,0,
,,,-0.229739,0.0195312476716936,
,,,-0.229707,0,
,,,-0.229675,0.0195312476716936,
,,,-0.229643,0.0195312476716936,
,,,-0.229611,0,
,,,-0.229579,0.0195312476716936,
,,,-0.229547,0,
,,,-0.229515,0.0195312476716936,
,,,-0.229483,0,
,,,-0.229451,0.0195312476716936,
,,,-0.229419,0,
,,,-0.229387,0.0195312476716936,
,,,-0.229355,0.0390624953433871,
,,,-0.229323,0.0195312476716936,
,,,-0.229291,0.0195312476716936,
,,,-0.229259,0.0390624953433871,
,,,-0.229227,0,
,,,-0.229195,-0.0214843724388629,
,,,-0.229163,0,
,,,-0.229131,0,
,,,-0.229099,0,
,,,-0.229067,0,
,,,-0.229035,-0.0214843724388629,
,,,-0.229003,0.0195312476716936,
,,,-0.228971,0.0195312476716936,
,,,-0.228939,0.0195312476716936,
,,,-0.228907,0.0195312476716936,
,,,-0.228875,0.0195312476716936,
,,,-0.228843,0,
,,,-0.228811,0.0195312476716936,
,,,-0.228779,0,
,,,-0.228747,0.0195312476716936,
,,,-0.228715,0,
,,,-0.228683,0.0195312476716936,
,,,-0.228651,0.0195312476716936,
,,,-0.228619,0.0195312476716936,
,,,-0.228587,0.0195312476716936,
,,,-0.228555,0.0195312476716936,
,,,-0.228523,0,
,,,-0.228491,0.0195312476716936,
,,,-0.228459,0.0390624953433871,
,,,-0.228427,0.0195312476716936,
,,,-0.228395,-0.0214843724388629,
,,,-0.228363,0,
,,,-0.228331,0,
,,,-0.228299,0,
,,,-0.228267,0,
,,,-0.228235,0,
,,,-0.228203,-0.0214843724388629,
,,,-0.228171,0,
,,,-0.228139,-0.0214843724388629,
,,,-0.228107,0.0195312476716936,
,,,-0.228075,0,
,,,-0.228043,0.0195312476716936,
,,,-0.228011,0,
,,,-0.227979,0,
,,,-0.227947,0.0195312476716936,
,,,-0.227915,-0.0214843724388629,
,,,-0.227883,0,
,,,-0.227851,0,
,,,-0.227819,0,
,,,-0.227787,0,
,,,-0.227755,0,
,,,-0.227723,0,
,,,-0.227691,0.0195312476716936,
,,,-0.227659,-0.0214843724388629,
,,,-0.227627,0,
,,,-0.227595,0,
,,,-0.227563,0,
,,,-0.227531,0,
,,,-0.227499,0.0195312476716936,
,,,-0.227467,0,
,,,-0.227435,0,
,,,-0.227403,0,
,,,-0.227371,0,
,,,-0.227339,0,
,,,-0.227307,0,
,,,-0.227275,0,
,,,-0.227243,0.0195312476716936,
,,,-0.227211,0,
,,,-0.227179,0.0195312476716936,
,,,-0.227147,0,
,,,-0.227115,0,
,,,-0.227083,0.0195312476716936,
,,,-0.227051,0,
,,,-0.227019,0,
,,,-0.226987,0,
,,,-0.226955,0.0195312476716936,
,,,-0.226923,0.0195312476716936,
,,,-0.226891,0.0195312476716936,
,,,-0.226859,0,
,,,-0.226827,0,
,,,-0.226795,0,
,,,-0.226763,0,
,,,-0.226731,0,
,,,-0.226699,0,
,,,-0.226667,0,
,,,-0.226635,-0.0214843724388629,
,,,-0.226603,0,
,,,-0.226571,0,
,,,-0.226539,-0.0214843724388629,
,,,-0.226507,0,
,,,-0.226475,0.0195312476716936,
,,,-0.226443,0.0195312476716936,
,,,-0.226411,0.0195312476716936,
,,,-0.226379,0,
,,,-0.226347,-0.0214843724388629,
,,,-0.226315,0,
,,,-0.226283,0,
,,,-0.226251,0,
,,,-0.226219,0,
,,,-0.226187,-0.0214843724388629,
,,,-0.226155,0,
,,,-0.226123,0,
,,,-0.226091,0.0195312476716936,
,,,-0.226059,0,
,,,-0.226027,0.0195312476716936,
,,,-0.225995,0,
,,,-0.225963,0,
,,,-0.225931,0,
,,,-0.225899,0,
,,,-0.225867,0,
,,,-0.225835,0,
,,,-0.225803,0,
,,,-0.225771,0.0390624953433871,
,,,-0.225739,-0.0214843724388629,
,,,-0.225707,0.0195312476716936,
,,,-0.225675,0,
,,,-0.225643,0,
,,,-0.225611,0,
,,,-0.225579,0,
,,,-0.225547,0,
,,,-0.225515,0.0195312476716936,
,,,-0.225483,0.0195312476716936,
,,,-0.225451,0,
,,,-0.225419,0.0195312476716936,
,,,-0.225387,0,
,,,-0.225355,0,
,,,-0.225323,0,
,,,-0.225291,0,
,,,-0.225259,0.0195312476716936,
,,,-0.225227,0,
,,,-0.225195,0.0195312476716936,
,,,-0.225163,0,
,,,-0.225131,0.0195312476716936,
,,,-0.225099,0.0195312476716936,
,,,-0.225067,0,
,,,-0.225035,0.0195312476716936,
,,,-0.225003,0.0195312476716936,
,,,-0.224971,0,
,,,-0.224939,0.0195312476716936,
,,,-0.224907,0,
,,,-0.224875,-0.0214843724388629,
,,,-0.224843,0.0195312476716936,
,,,-0.224811,0,
,,,-0.224779,0,
,,,-0.224747,0.0195312476716936,
,,,-0.224715,0,
,,,-0.224683,0.0195312476716936,
,,,-0.224651,0.0195312476716936,
,,,-0.224619,0.0195312476716936,
,,,-0.224587,0,
,,,-0.224555,0,
,,,-0.224523,0.0195312476716936,
,,,-0.224491,0.0195312476716936,
,,,-0.224459,0,
,,,-0.224427,0.0195312476716936,
,,,-0.224395,0.0195312476716936,
,,,-0.224363,0.0585937430150807,
,,,-0.224331,0,
,,,-0.224299,0.0195312476716936,
,,,-0.224267,0,
,,,-0.224235,0.0195312476716936,
,,,-0.224203,0.0195312476716936,
,,,-0.224171,0.0195312476716936,
,,,-0.224139,0.0195312476716936,
,,,-0.224107,0.0195312476716936,
,,,-0.224075,-0.0800781154539436,
,,,-0.224043,0.0195312476716936,
,,,-0.224011,0.0195312476716936,
,,,-0.223979,-0.06054686778225,
,,,-0.223947,0,
,,,-0.223915,0.0195312476716936,
,,,-0.223883,0.0390624953433871,
,,,-0.223851,0,
,,,-0.223819,0,
,,,-0.223787,0,
,,,-0.223755,0.0195312476716936,
,,,-0.223723,0,
,,,-0.223691,0.0195312476716936,
,,,-0.223659,0.0195312476716936,
,,,-0.223627,0.0195312476716936,
,,,-0.223595,0.0195312476716936,
,,,-0.223563,0.0195312476716936,
,,,-0.223531,0,
,,,-0.223499,0,
,,,-0.223467,-0.0410156201105565,
,,,-0.223435,0,
,,,-0.223403,0,
,,,-0.223371,0,
,,,-0.223339,0.0390624953433871,
,,,-0.223307,0.0195312476716936,
,,,-0.223275,0,
,,,-0.223243,0,
,,,-0.223211,0,
,,,-0.223179,0,
,,,-0.223147,0,
,,,-0.223115,0.0195312476716936,
,,,-0.223083,0,
,,,-0.223051,0.0195312476716936,
,,,-0.223019,0.0195312476716936,
,,,-0.222987,0,
,,,-0.222955,0.0195312476716936,
,,,-0.222923,0.0195312476716936,
,,,-0.222891,0,
,,,-0.222859,0,
,,,-0.222827,0.0390624953433871,
,,,-0.222795,0.0195312476716936,
,,,-0.222763,0,
,,,-0.222731,0,
,,,-0.222699,0.0195312476716936,
,,,-0.222667,0,
,,,-0.222635,0.0195312476716936,
,,,-0.222603,0,
,,,-0.222571,0.0195312476716936,
,,,-0.222539,0,
,,,-0.222507,0,
,,,-0.222475,0,
,,,-0.222443,0,
,,,-0.222411,0.0195312476716936,
,,,-0.222379,0,
,,,-0.222347,0,
,,,-0.222315,0,
,,,-0.222283,0,
,,,-0.222251,0,
,,,-0.222219,0.0195312476716936,
,,,-0.222187,0.0195312476716936,
,,,-0.222155,0,
,,,-0.222123,0,
,,,-0.222091,0.0195312476716936,
,,,-0.222059,0.0195312476716936,
,,,-0.222027,0,
,,,-0.221995,0.0195312476716936,
,,,-0.221963,0,
,,,-0.221931,0,
,,,-0.221899,0,
,,,-0.221867,0,
,,,-0.221835,0,
,,,-0.221803,0,
,,,-0.221771,0,
,,,-0.221739,0.0195312476716936,
,,,-0.221707,0,
,,,-0.221675,0.0195312476716936,
,,,-0.221643,0,
,,,-0.221611,0,
,,,-0.221579,0,
,,,-0.221547,0,
,,,-0.221515,0,
,,,-0.221483,0,
,,,-0.221451,0.0195312476716936,
,,,-0.221419,0,
,,,-0.221387,0,
,,,-0.221355,0,
,,,-0.221323,0,
,,,-0.221291,0,
,,,-0.221259,0,
,,,-0.221227,0,
,,,-0.221195,0.0195312476716936,
,,,-0.221163,0,
,,,-0.221131,0,
,,,-0.221099,0,
,,,-0.221067,0,
,,,-0.221035,0,
,,,-0.221003,0,
,,,-0.220971,0,
,,,-0.220939,0.0390624953433871,
,,,-0.220907,0,
,,,-0.220875,0.0195312476716936,
,,,-0.220843,0,
,,,-0.220811,-0.0214843724388629,
,,,-0.220779,0.0195312476716936,
,,,-0.220747,0.0195312476716936,
,,,-0.220715,0.0390624953433871,
,,,-0.220683,0.0195312476716936,
,,,-0.220651,0,
,,,-0.220619,0,
,,,-0.220587,0,
,,,-0.220555,0.0195312476716936,
,,,-0.220523,0.0195312476716936,
,,,-0.220491,0,
,,,-0.220459,0.0195312476716936,
,,,-0.220427,0.0195312476716936,
,,,-0.220395,0.0195312476716936,
,,,-0.220363,0.0195312476716936,
,,,-0.220331,0,
,,,-0.220299,0.0195312476716936,
,,,-0.220267,0,
,,,-0.220235,0.0195312476716936,
,,,-0.220203,0.0195312476716936,
,,,-0.220171,0.0195312476716936,
,,,-0.220139,0.0195312476716936,
,,,-0.220107,0.0195312476716936,
,,,-0.220075,0,
,,,-0.220043,0.0195312476716936,
,,,-0.220011,0,
,,,-0.219979,0,
,,,-0.219947,0.0195312476716936,
,,,-0.219915,0.0195312476716936,
,,,-0.219883,0,
,,,-0.219851,0.0195312476716936,
,,,-0.219819,0.0195312476716936,
,,,-0.219787,0,
,,,-0.219755,0.0195312476716936,
,,,-0.219723,0.0195312476716936,
,,,-0.219691,-0.0214843724388629,
,,,-0.219659,0,
,,,-0.219627,0,
,,,-0.219595,0.0195312476716936,
,,,-0.219563,0.0195312476716936,
,,,-0.219531,0.0195312476716936,
,,,-0.219499,0.0195312476716936,
,,,-0.219467,-0.0214843724388629,
,,,-0.219435,0.0195312476716936,
,,,-0.219403,0.0195312476716936,
,,,-0.219371,0.0195312476716936,
,,,-0.219339,0.0195312476716936,
,,,-0.219307,-0.0214843724388629,
,,,-0.219275,0.0195312476716936,
,,,-0.219243,0,
,,,-0.219211,0.0195312476716936,
,,,-0.219179,-0.0214843724388629,
,,,-0.219147,0,
,,,-0.219115,0.0195312476716936,
,,,-0.219083,0.0195312476716936,
,,,-0.219051,0,
,,,-0.219019,0,
,,,-0.218987,0,
,,,-0.218955,0.0195312476716936,
,,,-0.218923,0.0195312476716936,
,,,-0.218891,0.0195312476716936,
,,,-0.218859,0,
,,,-0.218827,0.0195312476716936,
,,,-0.218795,0,
,,,-0.218763,0,
,,,-0.218731,0,
,,,-0.218699,0,
,,,-0.218667,0,
,,,-0.218635,0.0195312476716936,
,,,-0.218603,0.0195312476716936,
,,,-0.218571,0.0195312476716936,
,,,-0.218539,0.0195312476716936,
,,,-0.218507,0,
,,,-0.218475,0,
,,,-0.218443,0,
,,,-0.218411,0.0195312476716936,
,,,-0.218379,0.0195312476716936,
,,,-0.218347,0,
,,,-0.218315,0,
,,,-0.218283,0.0195312476716936,
,,,-0.218251,0,
,,,-0.218219,0,
,,,-0.218187,0.0195312476716936,
,,,-0.218155,0.0195312476716936,
,,,-0.218123,0,
,,,-0.218091,0.0195312476716936,
,,,-0.218059,0.0195312476716936,
,,,-0.218027,0,
,,,-0.217995,0,
,,,-0.217963,0,
,,,-0.217931,0,
,,,-0.217899,0,
,,,-0.217867,0.0195312476716936,
,,,-0.217835,0.0195312476716936,
,,,-0.217803,0,
,,,-0.217771,0.0195312476716936,
,,,-0.217739,0.0195312476716936,
,,,-0.217707,-0.0214843724388629,
,,,-0.217675,-0.0214843724388629,
,,,-0.217643,-0.0214843724388629,
,,,-0.217611,0,
,,,-0.217579,0.0195312476716936,
,,,-0.217547,0.0195312476716936,
,,,-0.217515,0,
,,,-0.217483,0.0195312476716936,
,,,-0.217451,0,
,,,-0.217419,0.0195312476716936,
,,,-0.217387,0.0195312476716936,
,,,-0.217355,0.0390624953433871,
,,,-0.217323,0.0195312476716936,
,,,-0.217291,0,
,,,-0.217259,0.0195312476716936,
,,,-0.217227,0,
,,,-0.217195,0.0195312476716936,
,,,-0.217163,0.0195312476716936,
,,,-0.217131,0.0195312476716936,
,,,-0.217099,0.0195312476716936,
,,,-0.217067,-0.0214843724388629,
,,,-0.217035,0.0195312476716936,
,,,-0.217003,-0.0214843724388629,
,,,-0.216971,0.0195312476716936,
,,,-0.216939,0.0195312476716936,
,,,-0.216907,0.0195312476716936,
,,,-0.216875,-0.0214843724388629,
,,,-0.216843,0.0195312476716936,
,,,-0.216811,0,
,,,-0.216779,0,
,,,-0.216747,0,
,,,-0.216715,0.0195312476716936,
,,,-0.216683,0,
,,,-0.216651,0.0195312476716936,
,,,-0.216619,-0.0410156201105565,
,,,-0.216587,0,
,,,-0.216555,-0.0214843724388629,
,,,-0.216523,0.0195312476716936,
,,,-0.216491,0,
,,,-0.216459,-0.0214843724388629,
,,,-0.216427,0,
,,,-0.216395,0,
,,,-0.216363,0,
,,,-0.216331,0,
,,,-0.216299,0,
,,,-0.216267,0.0195312476716936,
,,,-0.216235,0.0390624953433871,
,,,-0.216203,0,
,,,-0.216171,-0.0214843724388629,
,,,-0.216139,0,
,,,-0.216107,0,
,,,-0.216075,0,
,,,-0.216043,0,
,,,-0.216011,0,
,,,-0.215979,0.0195312476716936,
,,,-0.215947,-0.0214843724388629,
,,,-0.215915,0,
,,,-0.215883,-0.0410156201105565,
,,,-0.215851,0,
,,,-0.215819,0,
,,,-0.215787,0,
,,,-0.215755,0.0195312476716936,
,,,-0.215723,0,
,,,-0.215691,0.0195312476716936,
,,,-0.215659,0,
,,,-0.215627,0.0390624953433871,
,,,-0.215595,0.0195312476716936,
,,,-0.215563,0,
,,,-0.215531,0.0195312476716936,
,,,-0.215499,0.0390624953433871,
,,,-0.215467,0.0195312476716936,
,,,-0.215435,0.0195312476716936,
,,,-0.215403,0,
,,,-0.215371,0.0195312476716936,
,,,-0.215339,0.0195312476716936,
,,,-0.215307,0,
,,,-0.215275,0.0195312476716936,
,,,-0.215243,0.0195312476716936,
,,,-0.215211,0,
,,,-0.215179,0,
,,,-0.215147,0,
,,,-0.215115,-0.0214843724388629,
,,,-0.215083,-0.0800781154539436,
,,,-0.215051,0,
,,,-0.215019,0,
,,,-0.214987,0,
,,,-0.214955,0,
,,,-0.214923,0,
,,,-0.214891,0,
,,,-0.214859,0.0195312476716936,
,,,-0.214827,0.0390624953433871,
,,,-0.214795,-0.0214843724388629,
,,,-0.214763,0.0195312476716936,
,,,-0.214731,-0.0410156201105565,
,,,-0.214699,0,
,,,-0.214667,0.0195312476716936,
,,,-0.214635,0.0195312476716936,
,,,-0.214603,0,
,,,-0.214571,0.0195312476716936,
,,,-0.214539,0,
,,,-0.214507,0.0195312476716936,
,,,-0.214475,0,
,,,-0.214443,0,
,,,-0.214411,0,
,,,-0.214379,0.0195312476716936,
,,,-0.214347,0.0195312476716936,
,,,-0.214315,0.0195312476716936,
,,,-0.214283,0,
,,,-0.214251,0.0195312476716936,
,,,-0.214219,0.0195312476716936,
,,,-0.214187,0,
,,,-0.214155,0.0195312476716936,
,,,-0.214123,0.0195312476716936,
,,,-0.214091,0.0195312476716936,
,,,-0.214059,0.0195312476716936,
,,,-0.214027,0.0195312476716936,
,,,-0.213995,0,
,,,-0.213963,0,
,,,-0.213931,0.0585937430150807,
,,,-0.213899,0,
,,,-0.213867,0,
,,,-0.213835,0.0195312476716936,
,,,-0.213803,0,
,,,-0.213771,0,
,,,-0.213739,0,
,,,-0.213707,0.0195312476716936,
,,,-0.213675,0.0195312476716936,
,,,-0.213643,0,
,,,-0.213611,0,
,,,-0.213579,0.0390624953433871,
,,,-0.213547,0,
,,,-0.213515,-0.0214843724388629,
,,,-0.213483,0,
,,,-0.213451,0.0195312476716936,
,,,-0.213419,0,
,,,-0.213387,0,
,,,-0.213355,-0.0410156201105565,
,,,-0.213323,0,
,,,-0.213291,-0.0214843724388629,
,,,-0.213259,0,
,,,-0.213227,-0.0214843724388629,
,,,-0.213195,-0.0214843724388629,
,,,-0.213163,0.0390624953433871,
,,,-0.213131,0,
,,,-0.213099,0,
,,,-0.213067,0.0195312476716936,
,,,-0.213035,-0.0214843724388629,
,,,-0.213003,0.0195312476716936,
,,,-0.212971,0.0195312476716936,
,,,-0.212939,0,
,,,-0.212907,0,
,,,-0.212875,0,
,,,-0.212843,0,
,,,-0.212811,0,
,,,-0.212779,0,
,,,-0.212747,0.0195312476716936,
,,,-0.212715,0.0195312476716936,
,,,-0.212683,0.0195312476716936,
,,,-0.212651,0.0195312476716936,
,,,-0.212619,0,
,,,-0.212587,0.0195312476716936,
,,,-0.212555,-0.0214843724388629,
,,,-0.212523,0,
,,,-0.212491,0.0195312476716936,
,,,-0.212459,0.0195312476716936,
,,,-0.212427,0,
,,,-0.212395,0.0390624953433871,
,,,-0.212363,0.0195312476716936,
,,,-0.212331,0,
,,,-0.212299,0,
,,,-0.212267,-0.0214843724388629,
,,,-0.212235,0.0195312476716936,
,,,-0.212203,0,
,,,-0.212171,0.0195312476716936,
,,,-0.212139,-0.0214843724388629,
,,,-0.212107,0.0195312476716936,
,,,-0.212075,-0.0214843724388629,
,,,-0.212043,0,
,,,-0.212011,0.0195312476716936,
,,,-0.211979,-0.0214843724388629,
,,,-0.211947,-0.0214843724388629,
,,,-0.211915,0,
,,,-0.211883,0,
,,,-0.211851,0,
,,,-0.211819,0,
,,,-0.211787,0,
,,,-0.211755,0,
,,,-0.211723,0,
,,,-0.211691,0.0195312476716936,
,,,-0.211659,0,
,,,-0.211627,0,
,,,-0.211595,0,
,,,-0.211563,0,
,,,-0.211531,-0.0214843724388629,
,,,-0.211499,0,
,,,-0.211467,0,
,,,-0.211435,0,
,,,-0.211403,0.0195312476716936,
,,,-0.211371,0,
,,,-0.211339,0.0390624953433871,
,,,-0.211307,0,
,,,-0.211275,0,
,,,-0.211243,0.0195312476716936,
,,,-0.211211,0.0195312476716936,
,,,-0.211179,-0.0214843724388629,
,,,-0.211147,0,
,,,-0.211115,0,
,,,-0.211083,0.0195312476716936,
,,,-0.211051,0.0390624953433871,
,,,-0.211019,0,
,,,-0.210987,0,
,,,-0.210955,0,
,,,-0.210923,0,
,,,-0.210891,0.0195312476716936,
,,,-0.210859,0.0195312476716936,
,,,-0.210827,0,
,,,-0.210795,0,
,,,-0.210763,0.0195312476716936,
,,,-0.210731,0,
,,,-0.210699,0,
,,,-0.210667,0.0195312476716936,
,,,-0.210635,0,
,,,-0.210603,0,
,,,-0.210571,-0.0214843724388629,
,,,-0.210539,0,
,,,-0.210507,0.0195312476716936,
,,,-0.210475,0,
,,,-0.210443,0.0390624953433871,
,,,-0.210411,0,
,,,-0.210379,-0.0214843724388629,
,,,-0.210347,0,
,,,-0.210315,0,
,,,-0.210283,0,
,,,-0.210251,0.0195312476716936,
,,,-0.210219,0,
,,,-0.210187,0.0195312476716936,
,,,-0.210155,0,
,,,-0.210123,0,
,,,-0.210091,0,
,,,-0.210059,0.0195312476716936,
,,,-0.210027,0,
,,,-0.209995,0,
,,,-0.209963,0,
,,,-0.209931,0,
,,,-0.209899,-0.0214843724388629,
,,,-0.209867,0,
,,,-0.209835,0,
,,,-0.209803,0,
,,,-0.209771,0,
,,,-0.209739,0,
,,,-0.209707,0,
,,,-0.209675,0.0195312476716936,
,,,-0.209643,0,
,,,-0.209611,0,
,,,-0.209579,0,
,,,-0.209547,0,
,,,-0.209515,0,
,,,-0.209483,0,
,,,-0.209451,0,
,,,-0.209419,0,
,,,-0.209387,0.0195312476716936,
,,,-0.209355,0.0195312476716936,
,,,-0.209323,0,
,,,-0.209291,0,
,,,-0.209259,0.0195312476716936,
,,,-0.209227,0.0195312476716936,
,,,-0.209195,0,
,,,-0.209163,0,
,,,-0.209131,0,
,,,-0.209099,0.0195312476716936,
,,,-0.209067,0,
,,,-0.209035,0,
,,,-0.209003,0.0195312476716936,
,,,-0.208971,0,
,,,-0.208939,0.0195312476716936,
,,,-0.208907,-0.0214843724388629,
,,,-0.208875,0,
,,,-0.208843,0.0195312476716936,
,,,-0.208811,0,
,,,-0.208779,0,
,,,-0.208747,0,
,,,-0.208715,0.0195312476716936,
,,,-0.208683,0.0195312476716936,
,,,-0.208651,0,
,,,-0.208619,0.0195312476716936,
,,,-0.208587,0,
,,,-0.208555,0,
,,,-0.208523,0,
,,,-0.208491,0.0195312476716936,
,,,-0.208459,0.0195312476716936,
,,,-0.208427,0.0195312476716936,
,,,-0.208395,0.0195312476716936,
,,,-0.208363,0.0195312476716936,
,,,-0.208331,0,
,,,-0.208299,0,
,,,-0.208267,0,
,,,-0.208235,0,
,,,-0.208203,0.0195312476716936,
,,,-0.208171,0,
,,,-0.208139,0.0195312476716936,
,,,-0.208107,0.0195312476716936,
,,,-0.208075,0.0195312476716936,
,,,-0.208043,0.0195312476716936,
,,,-0.208011,0.0195312476716936,
,,,-0.207979,0,
,,,-0.207947,0.0195312476716936,
,,,-0.207915,0.0195312476716936,
,,,-0.207883,-0.0214843724388629,
,,,-0.207851,0.0390624953433871,
,,,-0.207819,0.0195312476716936,
,,,-0.207787,0,
,,,-0.207755,0.0195312476716936,
,,,-0.207723,0,
,,,-0.207691,0.0195312476716936,
,,,-0.207659,0.0195312476716936,
,,,-0.207627,0,
,,,-0.207595,0.0195312476716936,
,,,-0.207563,0.0585937430150807,
,,,-0.207531,0.0195312476716936,
,,,-0.207499,0.0195312476716936,
,,,-0.207467,0.0195312476716936,
,,,-0.207435,0.0195312476716936,
,,,-0.207403,0,
,,,-0.207371,0.0195312476716936,
,,,-0.207339,0.0195312476716936,
,,,-0.207307,0.0195312476716936,
,,,-0.207275,0,
,,,-0.207243,-0.0214843724388629,
,,,-0.207211,0.0195312476716936,
,,,-0.207179,0.0195312476716936,
,,,-0.207147,0.0195312476716936,
,,,-0.207115,0.0390624953433871,
,,,-0.207083,0.0195312476716936,
,,,-0.207051,0,
,,,-0.207019,0.0195312476716936,
,,,-0.206987,0,
,,,-0.206955,0,
,,,-0.206923,0.0585937430150807,
,,,-0.206891,0.0195312476716936,
,,,-0.206859,0.0195312476716936,
,,,-0.206827,0,
,,,-0.206795,0,
,,,-0.206763,0.0195312476716936,
,,,-0.206731,0,
,,,-0.206699,0.0585937430150807,
,,,-0.206667,0.0195312476716936,
,,,-0.206635,0.0195312476716936,
,,,-0.206603,0.0195312476716936,
,,,-0.206571,0.0195312476716936,
,,,-0.206539,-0.0214843724388629,
,,,-0.206507,0.0390624953433871,
,,,-0.206475,0.0195312476716936,
,,,-0.206443,0,
,,,-0.206411,0,
,,,-0.206379,0,
,,,-0.206347,0.0195312476716936,
,,,-0.206315,0.0195312476716936,
,,,-0.206283,0,
,,,-0.206251,0,
,,,-0.206219,0,
,,,-0.206187,-0.0214843724388629,
,,,-0.206155,0.0390624953433871,
,,,-0.206123,0,
,,,-0.206091,0.0195312476716936,
,,,-0.206059,0,
,,,-0.206027,0.0195312476716936,
,,,-0.205995,0,
,,,-0.205963,0,
,,,-0.205931,0,
,,,-0.205899,0.0195312476716936,
,,,-0.205867,0,
,,,-0.205835,0,
,,,-0.205803,-0.0214843724388629,
,,,-0.205771,0.0585937430150807,
,,,-0.205739,0,
,,,-0.205707,0,
,,,-0.205675,0,
,,,-0.205643,0,
,,,-0.205611,0.0195312476716936,
,,,-0.205579,0,
,,,-0.205547,0.0585937430150807,
,,,-0.205515,0,
,,,-0.205483,0,
,,,-0.205451,0.0585937430150807,
,,,-0.205419,0.0195312476716936,
,,,-0.205387,-0.0214843724388629,
,,,-0.205355,0,
,,,-0.205323,-0.06054686778225,
,,,-0.205291,0,
,,,-0.205259,-0.0214843724388629,
,,,-0.205227,0.0195312476716936,
,,,-0.205195,0.0195312476716936,
,,,-0.205163,0.0195312476716936,
,,,-0.205131,0,
,,,-0.205099,0,
,,,-0.205067,0,
,,,-0.205035,0,
,,,-0.205003,0,
,,,-0.204971,0.0195312476716936,
,,,-0.204939,0,
,,,-0.204907,0,
,,,-0.204875,0.0195312476716936,
,,,-0.204843,-0.0214843724388629,
,,,-0.204811,0.0195312476716936,
,,,-0.204779,-0.0214843724388629,
,,,-0.204747,0,
,,,-0.204715,0,
,,,-0.204683,0,
,,,-0.204651,0.0390624953433871,
,,,-0.204619,0,
,,,-0.204587,0,
,,,-0.204555,0,
,,,-0.204523,0.0195312476716936,
,,,-0.204491,0,
,,,-0.204459,0,
,,,-0.204427,0,
,,,-0.204395,0,
,,,-0.204363,0,
,,,-0.204331,0.0195312476716936,
,,,-0.204299,0,
,,,-0.204267,0.0195312476716936,
,,,-0.204235,0.0195312476716936,
,,,-0.204203,0,
,,,-0.204171,0,
,,,-0.204139,-0.0214843724388629,
,,,-0.204107,0.0195312476716936,
,,,-0.204075,0,
,,,-0.204043,0.0195312476716936,
,,,-0.204011,0.0195312476716936,
,,,-0.203979,-0.0214843724388629,
,,,-0.203947,0,
,,,-0.203915,0.0195312476716936,
,,,-0.203883,0.0195312476716936,
,,,-0.203851,0,
,,,-0.203819,-0.0214843724388629,
,,,-0.203787,0,
,,,-0.203755,0,
,,,-0.203723,0.0195312476716936,
,,,-0.203691,0,
,,,-0.203659,0,
,,,-0.203627,0.0195312476716936,
,,,-0.203595,0,
,,,-0.203563,0.0195312476716936,
,,,-0.203531,0,
,,,-0.203499,0,
,,,-0.203467,0,
,,,-0.203435,0,
,,,-0.203403,0,
,,,-0.203371,0,
,,,-0.203339,0.0195312476716936,
,,,-0.203307,0.0195312476716936,
,,,-0.203275,0.0195312476716936,
,,,-0.203243,0.0195312476716936,
,,,-0.203211,0,
,,,-0.203179,0.0195312476716936,
,,,-0.203147,0.0195312476716936,
,,,-0.203115,0,
,,,-0.203083,0,
,,,-0.203051,0.0195312476716936,
,,,-0.203019,0.0195312476716936,
,,,-0.202987,0.0195312476716936,
,,,-0.202955,0.0195312476716936,
,,,-0.202923,0.0195312476716936,
,,,-0.202891,0.0195312476716936,
,,,-0.202859,-0.0214843724388629,
,,,-0.202827,0.0195312476716936,
,,,-0.202795,0,
,,,-0.202763,-0.0214843724388629,
,,,-0.202731,0.0195312476716936,
,,,-0.202699,0,
,,,-0.202667,0,
,,,-0.202635,-0.0214843724388629,
,,,-0.202603,0.0195312476716936,
,,,-0.202571,0.0195312476716936,
,,,-0.202539,0.0195312476716936,
,,,-0.202507,0,
,,,-0.202475,0,
,,,-0.202443,0.0195312476716936,
,,,-0.202411,0,
,,,-0.202379,0.0195312476716936,
,,,-0.202347,0.0195312476716936,
,,,-0.202315,0.0195312476716936,
,,,-0.202283,0,
,,,-0.202251,0,
,,,-0.202219,0.0195312476716936,
,,,-0.202187,0,
,,,-0.202155,0,
,,,-0.202123,-0.0214843724388629,
,,,-0.202091,0,
,,,-0.202059,0.0195312476716936,
,,,-0.202027,0,
,,,-0.201995,0.0195312476716936,
,,,-0.201963,0.0195312476716936,
,,,-0.201931,0,
,,,-0.201899,0.0195312476716936,
,,,-0.201867,0,
,,,-0.201835,0,
,,,-0.201803,0,
,,,-0.201771,0,
,,,-0.201739,0.0195312476716936,
,,,-0.201707,0,
,,,-0.201675,0,
,,,-0.201643,0,
,,,-0.201611,0,
,,,-0.201579,0,
,,,-0.201547,0,
,,,-0.201515,0,
,,,-0.201483,0.0195312476716936,
,,,-0.201451,0.0195312476716936,
,,,-0.201419,0.0195312476716936,
,,,-0.201387,0,
,,,-0.201355,0.0195312476716936,
,,,-0.201323,0.0195312476716936,
,,,-0.201291,0.0195312476716936,
,,,-0.201259,0,
,,,-0.201227,0,
,,,-0.201195,0.0195312476716936,
,,,-0.201163,0,
,,,-0.201131,0,
,,,-0.201099,0.0195312476716936,
,,,-0.201067,0.0195312476716936,
,,,-0.201035,0,
,,,-0.201003,0,
,,,-0.200971,0.0195312476716936,
,,,-0.200939,0.0195312476716936,
,,,-0.200907,0,
,,,-0.200875,-0.0410156201105565,
,,,-0.200843,0.0195312476716936,
,,,-0.200811,0,
,,,-0.200779,0.0195312476716936,
,,,-0.200747,-0.0214843724388629,
,,,-0.200715,-0.0214843724388629,
,,,-0.200683,0.0195312476716936,
,,,-0.200651,0,
,,,-0.200619,0.0195312476716936,
,,,-0.200587,0,
,,,-0.200555,0,
,,,-0.200523,0.0195312476716936,
,,,-0.200491,0,
,,,-0.200459,0,
,,,-0.200427,0,
,,,-0.200395,0.0195312476716936,
,,,-0.200363,0,
,,,-0.200331,-0.0214843724388629,
,,,-0.200299,0,
,,,-0.200267,0,
,,,-0.200235,0,
,,,-0.200203,0.0195312476716936,
,,,-0.200171,0,
,,,-0.200139,0,
,,,-0.200107,0.0195312476716936,
,,,-0.200075,0,
,,,-0.200043,0.0195312476716936,
,,,-0.200011,0,
,,,-0.199979,0.0195312476716936,
,,,-0.199947,0.0195312476716936,
,,,-0.199915,0.0195312476716936,
,,,-0.199883,0,
,,,-0.199851,0,
,,,-0.199819,0,
,,,-0.199787,0,
,,,-0.199755,0,
,,,-0.199723,0.0195312476716936,
,,,-0.199691,0,
,,,-0.199659,0.0195312476716936,
,,,-0.199627,0,
,,,-0.199595,0.0195312476716936,
,,,-0.199563,0,
,,,-0.199531,0,
,,,-0.199499,0.0195312476716936,
,,,-0.199467,0.0195312476716936,
,,,-0.199435,-0.0214843724388629,
,,,-0.199403,0.0195312476716936,
,,,-0.199371,0,
,,,-0.199339,-0.0214843724388629,
,,,-0.199307,0,
,,,-0.199275,0.0195312476716936,
,,,-0.199243,0,
,,,-0.199211,0.0195312476716936,
,,,-0.199179,0.0195312476716936,
,,,-0.199147,0,
,,,-0.199115,0,
,,,-0.199083,0,
,,,-0.199051,0,
,,,-0.199019,0.0195312476716936,
,,,-0.198987,-0.0214843724388629,
,,,-0.198955,0.0195312476716936,
,,,-0.198923,0.0195312476716936,
,,,-0.198891,0.0195312476716936,
,,,-0.198859,0.0195312476716936,
,,,-0.198827,0.0195312476716936,
,,,-0.198795,0,
,,,-0.198763,0.0195312476716936,
,,,-0.198731,0,
,,,-0.198699,0.0195312476716936,
,,,-0.198667,0.0390624953433871,
,,,-0.198635,0.0195312476716936,
,,,-0.198603,0.0390624953433871,
,,,-0.198571,0.0195312476716936,
,,,-0.198539,0,
,,,-0.198507,0.0390624953433871,
,,,-0.198475,0.0195312476716936,
,,,-0.198443,0,
,,,-0.198411,0.0390624953433871,
,,,-0.198379,0.0195312476716936,
,,,-0.198347,0.0195312476716936,
,,,-0.198315,0.0195312476716936,
,,,-0.198283,0,
,,,-0.198251,0.0195312476716936,
,,,-0.198219,0.0195312476716936,
,,,-0.198187,0,
,,,-0.198155,0.0195312476716936,
,,,-0.198123,0,
,,,-0.198091,0.0390624953433871,
,,,-0.198059,0,
,,,-0.198027,0.0195312476716936,
,,,-0.197995,0,
,,,-0.197963,-0.0214843724388629,
,,,-0.197931,0.0195312476716936,
,,,-0.197899,0.0195312476716936,
,,,-0.197867,0,
,,,-0.197835,-0.0214843724388629,
,,,-0.197803,0.0195312476716936,
,,,-0.197771,0.0195312476716936,
,,,-0.197739,0.0195312476716936,
,,,-0.197707,0.0195312476716936,
,,,-0.197675,0,
,,,-0.197643,0.0195312476716936,
,,,-0.197611,0,
,,,-0.197579,0.0390624953433871,
,,,-0.197547,0,
,,,-0.197515,0.0195312476716936,
,,,-0.197483,0,
,,,-0.197451,-0.0214843724388629,
,,,-0.197419,0.0195312476716936,
,,,-0.197387,0.0195312476716936,
,,,-0.197355,0.0195312476716936,
,,,-0.197323,0.0195312476716936,
,,,-0.197291,0.0195312476716936,
,,,-0.197259,0,
,,,-0.197227,0,
,,,-0.197195,0.0195312476716936,
,,,-0.197163,0.0195312476716936,
,,,-0.197131,0.0195312476716936,
,,,-0.197099,0.0195312476716936,
,,,-0.197067,-0.0410156201105565,
,,,-0.197035,0.0195312476716936,
,,,-0.197003,0.0195312476716936,
,,,-0.196971,0.0195312476716936,
,,,-0.196939,0,
,,,-0.196907,0,
,,,-0.196875,0.0195312476716936,
,,,-0.196843,0.0195312476716936,
,,,-0.196811,0.0195312476716936,
,,,-0.196779,0.0195312476716936,
,,,-0.196747,0.0195312476716936,
,,,-0.196715,0.0195312476716936,
,,,-0.196683,0.0195312476716936,
,,,-0.196651,0,
,,,-0.196619,0.0195312476716936,
,,,-0.196587,0,
,,,-0.196555,0,
,,,-0.196523,0,
,,,-0.196491,0.0195312476716936,
,,,-0.196459,-0.0214843724388629,
,,,-0.196427,-0.0214843724388629,
,,,-0.196395,0.0195312476716936,
,,,-0.196363,0,
,,,-0.196331,0.0195312476716936,
,,,-0.196299,0.0195312476716936,
,,,-0.196267,0.0195312476716936,
,,,-0.196235,0,
,,,-0.196203,0,
,,,-0.196171,0.0195312476716936,
,,,-0.196139,0,
,,,-0.196107,0.0195312476716936,
,,,-0.196075,0,
,,,-0.196043,-0.0214843724388629,
,,,-0.196011,0,
,,,-0.195979,-0.0214843724388629,
,,,-0.195947,0.0195312476716936,
,,,-0.195915,0.0195312476716936,
,,,-0.195883,0,
,,,-0.195851,0.0195312476716936,
,,,-0.195819,0.0195312476716936,
,,,-0.195787,0,
,,,-0.195755,0.0195312476716936,
,,,-0.195723,0.0195312476716936,
,,,-0.195691,0.0195312476716936,
,,,-0.195659,0.0195312476716936,
,,,-0.195627,0,
,,,-0.195595,0,
,,,-0.195563,0,
,,,-0.195531,0,
,,,-0.195499,0,
,,,-0.195467,0.0195312476716936,
,,,-0.195435,0,
,,,-0.195403,0.0195312476716936,
,,,-0.195371,0.0195312476716936,
,,,-0.195339,0,
,,,-0.195307,0,
,,,-0.195275,0.0195312476716936,
,,,-0.195243,0,
,,,-0.195211,0,
,,,-0.195179,0.0195312476716936,
,,,-0.195147,0.0195312476716936,
,,,-0.195115,0,
,,,-0.195083,0.0195312476716936,
,,,-0.195051,0.0195312476716936,
,,,-0.195019,-0.0214843724388629,
,,,-0.194987,0.0195312476716936,
,,,-0.194955,0,
,,,-0.194923,0.0195312476716936,
,,,-0.194891,0.0195312476716936,
,,,-0.194859,0,
,,,-0.194827,0,
,,,-0.194795,0.0195312476716936,
,,,-0.194763,0,
,,,-0.194731,0.0195312476716936,
,,,-0.194699,0.0195312476716936,
,,,-0.194667,0,
,,,-0.194635,0.0390624953433871,
,,,-0.194603,-0.0214843724388629,
,,,-0.194571,0,
,,,-0.194539,0.0195312476716936,
,,,-0.194507,0,
,,,-0.194475,0,
,,,-0.194443,0,
,,,-0.194411,0,
,,,-0.194379,0.0195312476716936,
,,,-0.194347,0,
,,,-0.194315,0.0195312476716936,
,,,-0.194283,0.0195312476716936,
,,,-0.194251,0.0195312476716936,
,,,-0.194219,0,
,,,-0.194187,0.0195312476716936,
,,,-0.194155,0.0390624953433871,
,,,-0.194123,0,
,,,-0.194091,-0.0214843724388629,
,,,-0.194059,0,
,,,-0.194027,0,
,,,-0.193995,0,
,,,-0.193963,0,
,,,-0.193931,0,
,,,-0.193899,0,
,,,-0.193867,0.0195312476716936,
,,,-0.193835,0.0195312476716936,
,,,-0.193803,0.0195312476716936,
,,,-0.193771,0,
,,,-0.193739,0,
,,,-0.193707,0,
,,,-0.193675,0,
,,,-0.193643,0,
,,,-0.193611,0,
,,,-0.193579,0,
,,,-0.193547,0,
,,,-0.193515,0,
,,,-0.193483,0,
,,,-0.193451,0,
,,,-0.193419,0,
,,,-0.193387,0,
,,,-0.193355,0,
,,,-0.193323,0,
,,,-0.193291,-0.0214843724388629,
,,,-0.193259,0,
,,,-0.193227,0,
,,,-0.193195,0,
,,,-0.193163,-0.0214843724388629,
,,,-0.193131,0,
,,,-0.193099,0,
,,,-0.193067,0.0195312476716936,
,,,-0.193035,0,
,,,-0.193003,0,
,,,-0.192971,0,
,,,-0.192939,0,
,,,-0.192907,0.0195312476716936,
,,,-0.192875,0,
,,,-0.192843,0.0195312476716936,
,,,-0.192811,0.0195312476716936,
,,,-0.192779,0.0195312476716936,
,,,-0.192747,0.0195312476716936,
,,,-0.192715,0.0195312476716936,
,,,-0.192683,0.0195312476716936,
,,,-0.192651,0.0195312476716936,
,,,-0.192619,0,
,,,-0.192587,0,
,,,-0.192555,0.0195312476716936,
,,,-0.192523,0.0195312476716936,
,,,-0.192491,0,
,,,-0.192459,0,
,,,-0.192427,-0.0214843724388629,
,,,-0.192395,0.0195312476716936,
,,,-0.192363,0,
,,,-0.192331,0.0195312476716936,
,,,-0.192299,0,
,,,-0.192267,0,
,,,-0.192235,0.0195312476716936,
,,,-0.192203,0,
,,,-0.192171,0.0195312476716936,
,,,-0.192139,0,
,,,-0.192107,0.0195312476716936,
,,,-0.192075,0.0195312476716936,
,,,-0.192043,-0.0214843724388629,
,,,-0.192011,0.0195312476716936,
,,,-0.191979,0.0195312476716936,
,,,-0.191947,0.0195312476716936,
,,,-0.191915,0,
,,,-0.191883,0.0195312476716936,
,,,-0.191851,0,
,,,-0.191819,0,
,,,-0.191787,0.0195312476716936,
,,,-0.191755,-0.0214843724388629,
,,,-0.191723,0.0195312476716936,
,,,-0.191691,0.0195312476716936,
,,,-0.191659,0,
,,,-0.191627,0.0195312476716936,
,,,-0.191595,0.0195312476716936,
,,,-0.191563,0.0195312476716936,
,,,-0.191531,0.0195312476716936,
,,,-0.191499,0.0195312476716936,
,,,-0.191467,0.0390624953433871,
,,,-0.191435,0,
,,,-0.191403,0,
,,,-0.191371,0.0195312476716936,
,,,-0.191339,0,
,,,-0.191307,0.0195312476716936,
,,,-0.191275,0.0195312476716936,
,,,-0.191243,0.0195312476716936,
,,,-0.191211,-0.0214843724388629,
,,,-0.191179,-0.0214843724388629,
,,,-0.191147,0,
,,,-0.191115,0.0195312476716936,
,,,-0.191083,0.0195312476716936,
,,,-0.191051,0,
,,,-0.191019,0.0195312476716936,
,,,-0.190987,0.0195312476716936,
,,,-0.190955,0.0195312476716936,
,,,-0.190923,0,
,,,-0.190891,0.0195312476716936,
,,,-0.190859,0,
,,,-0.190827,0.0390624953433871,
,,,-0.190795,0.0195312476716936,
,,,-0.190763,0,
,,,-0.190731,0,
,,,-0.190699,0.0195312476716936,
,,,-0.190667,0,
,,,-0.190635,0.0195312476716936,
,,,-0.190603,0.0390624953433871,
,,,-0.190571,0,
,,,-0.190539,0.0195312476716936,
,,,-0.190507,0.0585937430150807,
,,,-0.190475,0,
,,,-0.190443,0.0195312476716936,
,,,-0.190411,0.0195312476716936,
,,,-0.190379,0.0195312476716936,
,,,-0.190347,-0.0214843724388629,
,,,-0.190315,0.0195312476716936,
,,,-0.190283,0,
,,,-0.190251,0,
,,,-0.190219,0.0195312476716936,
,,,-0.190187,0.0195312476716936,
,,,-0.190155,0.0195312476716936,
,,,-0.190123,-0.0214843724388629,
,,,-0.190091,0,
,,,-0.190059,0,
,,,-0.190027,0,
,,,-0.189995,0.0195312476716936,
,,,-0.189963,0,
,,,-0.189931,0,
,,,-0.189899,0,
,,,-0.189867,-0.0214843724388629,
,,,-0.189835,0,
,,,-0.189803,0,
,,,-0.189771,0.0195312476716936,
,,,-0.189739,0.0195312476716936,
,,,-0.189707,0,
,,,-0.189675,0.0195312476716936,
,,,-0.189643,0,
,,,-0.189611,0.0195312476716936,
,,,-0.189579,0.0195312476716936,
,,,-0.189547,0.0195312476716936,
,,,-0.189515,0,
,,,-0.189483,0,
,,,-0.189451,0.0195312476716936,
,,,-0.189419,0.0195312476716936,
,,,-0.189387,0.0195312476716936,
,,,-0.189355,0.0195312476716936,
,,,-0.189323,0,
,,,-0.189291,0,
,,,-0.189259,0,
,,,-0.189227,0.0390624953433871,
,,,-0.189195,0.0195312476716936,
,,,-0.189163,0,
,,,-0.189131,0,
,,,-0.189099,0,
,,,-0.189067,0,
,,,-0.189035,0.0390624953433871,
,,,-0.189003,0,
,,,-0.188971,0.0195312476716936,
,,,-0.188939,0,
,,,-0.188907,0.0195312476716936,
,,,-0.188875,0.0195312476716936,
,,,-0.188843,0,
,,,-0.188811,0,
,,,-0.188779,0,
,,,-0.188747,0,
,,,-0.188715,0.0195312476716936,
,,,-0.188683,0.0195312476716936,
,,,-0.188651,0,
,,,-0.188619,0,
,,,-0.188587,0,
,,,-0.188555,0,
,,,-0.188523,0,
,,,-0.188491,0,
,,,-0.188459,0.0195312476716936,
,,,-0.188427,0.0195312476716936,
,,,-0.188395,0,
,,,-0.188363,0.0195312476716936,
,,,-0.188331,-0.0410156201105565,
,,,-0.188299,0.0195312476716936,
,,,-0.188267,0,
,,,-0.188235,0,
,,,-0.188203,0.0195312476716936,
,,,-0.188171,0,
,,,-0.188139,0,
,,,-0.188107,0.0390624953433871,
,,,-0.188075,0,
,,,-0.188043,0,
,,,-0.188011,-0.0214843724388629,
,,,-0.187979,0,
,,,-0.187947,0.0390624953433871,
,,,-0.187915,0,
,,,-0.187883,0.0195312476716936,
,,,-0.187851,0.0195312476716936,
,,,-0.187819,0,
,,,-0.187787,0,
,,,-0.187755,0,
,,,-0.187723,0.0195312476716936,
,,,-0.187691,0.0195312476716936,
,,,-0.187659,0.0195312476716936,
,,,-0.187627,0,
,,,-0.187595,-0.0214843724388629,
,,,-0.187563,0,
,,,-0.187531,0.0195312476716936,
,,,-0.187499,0,
,,,-0.187467,0,
,,,-0.187435,0,
,,,-0.187403,0,
,,,-0.187371,0,
,,,-0.187339,0,
,,,-0.187307,0.0195312476716936,
,,,-0.187275,0,
,,,-0.187243,0.0195312476716936,
,,,-0.187211,0,
,,,-0.187179,0.0195312476716936,
,,,-0.187147,0.0195312476716936,
,,,-0.187115,0,
,,,-0.187083,0.0195312476716936,
,,,-0.187051,0,
,,,-0.187019,0,
,,,-0.186987,0.0195312476716936,
,,,-0.186955,0,
,,,-0.186923,0,
,,,-0.186891,0.0195312476716936,
,,,-0.186859,0.0195312476716936,
,,,-0.186827,0.0195312476716936,
,,,-0.186795,0,
,,,-0.186763,0,
,,,-0.186731,0,
,,,-0.186699,0,
,,,-0.186667,-0.0214843724388629,
,,,-0.186635,0,
,,,-0.186603,0.0195312476716936,
,,,-0.186571,0,
,,,-0.186539,0.0195312476716936,
,,,-0.186507,0,
,,,-0.186475,-0.0214843724388629,
,,,-0.186443,0,
,,,-0.186411,0.0195312476716936,
,,,-0.186379,0,
,,,-0.186347,-0.0214843724388629,
,,,-0.186315,0.0195312476716936,
,,,-0.186283,0.0195312476716936,
,,,-0.186251,0.0195312476716936,
,,,-0.186219,0.0195312476716936,
,,,-0.186187,0.0195312476716936,
,,,-0.186155,0,
,,,-0.186123,0.0390624953433871,
,,,-0.186091,0,
,,,-0.186059,0.0195312476716936,
,,,-0.186027,0.0195312476716936,
,,,-0.185995,0.0195312476716936,
,,,-0.185963,0,
,,,-0.185931,0.0195312476716936,
,,,-0.185899,0,
,,,-0.185867,0.0195312476716936,
,,,-0.185835,0,
,,,-0.185803,0.0195312476716936,
,,,-0.185771,0,
,,,-0.185739,0.0195312476716936,
,,,-0.185707,0,
,,,-0.185675,0,
,,,-0.185643,0.0195312476716936,
,,,-0.185611,0.0195312476716936,
,,,-0.185579,0,
,,,-0.185547,0,
,,,-0.185515,-0.0214843724388629,
,,,-0.185483,0,
,,,-0.185451,0,
,,,-0.185419,0,
,,,-0.185387,0.0195312476716936,
,,,-0.185355,0.0195312476716936,
,,,-0.185323,0,
,,,-0.185291,0,
,,,-0.185259,0.0195312476716936,
,,,-0.185227,0,
,,,-0.185195,0.0195312476716936,
,,,-0.185163,0.0195312476716936,
,,,-0.185131,0,
,,,-0.185099,0.0195312476716936,
,,,-0.185067,0.0195312476716936,
,,,-0.185035,0.0195312476716936,
,,,-0.185003,0,
,,,-0.184971,0.0195312476716936,
,,,-0.184939,0.0195312476716936,
,,,-0.184907,0.0195312476716936,
,,,-0.184875,0.0195312476716936,
,,,-0.184843,0,
,,,-0.184811,0,
,,,-0.184779,0.0195312476716936,
,,,-0.184747,0,
,,,-0.184715,0,
,,,-0.184683,0,
,,,-0.184651,0.0195312476716936,
,,,-0.184619,0.0195312476716936,
,,,-0.184587,0.0195312476716936,
,,,-0.184555,0,
,,,-0.184523,0,
,,,-0.184491,0.0195312476716936,
,,,-0.184459,0,
,,,-0.184427,0.0195312476716936,
,,,-0.184395,0.0195312476716936,
,,,-0.184363,0.0195312476716936,
,,,-0.184331,0,
,,,-0.184299,0,
,,,-0.184267,0.0195312476716936,
,,,-0.184235,0.0195312476716936,
,,,-0.184203,0.0195312476716936,
,,,-0.184171,0.0195312476716936,
,,,-0.184139,0.0195312476716936,
,,,-0.184107,0,
,,,-0.184075,0.0195312476716936,
,,,-0.184043,0.0195312476716936,
,,,-0.184011,0.0195312476716936,
,,,-0.183979,0,
,,,-0.183947,0,
,,,-0.183915,0.0195312476716936,
,,,-0.183883,0,
,,,-0.183851,0.0195312476716936,
,,,-0.183819,0.0195312476716936,
,,,-0.183787,0.0195312476716936,
,,,-0.183755,0.0195312476716936,
,,,-0.183723,0,
,,,-0.183691,0.0195312476716936,
,,,-0.183659,0,
,,,-0.183627,0,
,,,-0.183595,0,
,,,-0.183563,0.0195312476716936,
,,,-0.183531,0.0195312476716936,
,,,-0.183499,-0.0214843724388629,
,,,-0.183467,0.0195312476716936,
,,,-0.183435,0.0195312476716936,
,,,-0.183403,0,
,,,-0.183371,0.0195312476716936,
,,,-0.183339,-0.0214843724388629,
,,,-0.183307,0.0195312476716936,
,,,-0.183275,0.0195312476716936,
,,,-0.183243,0,
,,,-0.183211,0,
,,,-0.183179,0.0195312476716936,
,,,-0.183147,0.0195312476716936,
,,,-0.183115,0,
,,,-0.183083,0.0195312476716936,
,,,-0.183051,0.0195312476716936,
,,,-0.183019,0.0195312476716936,
,,,-0.182987,0,
,,,-0.182955,0.0195312476716936,
,,,-0.182923,0,
,,,-0.182891,0.0195312476716936,
,,,-0.182859,0.0195312476716936,
,,,-0.182827,0,
,,,-0.182795,0,
,,,-0.182763,-0.0214843724388629,
,,,-0.182731,0,
,,,-0.182699,0.0390624953433871,
,,,-0.182667,0,
,,,-0.182635,0,
,,,-0.182603,-0.0214843724388629,
,,,-0.182571,0.0195312476716936,
,,,-0.182539,-0.0214843724388629,
,,,-0.182507,0,
,,,-0.182475,-0.0214843724388629,
,,,-0.182443,0.0195312476716936,
,,,-0.182411,0.0195312476716936,
,,,-0.182379,-0.06054686778225,
,,,-0.182347,0,
,,,-0.182315,0.0195312476716936,
,,,-0.182283,0.0390624953433871,
,,,-0.182251,0.0390624953433871,
,,,-0.182219,0.0195312476716936,
,,,-0.182187,0.0195312476716936,
,,,-0.182155,0.0195312476716936,
,,,-0.182123,0,
,,,-0.182091,0.0195312476716936,
,,,-0.182059,-0.0214843724388629,
,,,-0.182027,0,
,,,-0.181995,0.0195312476716936,
,,,-0.181963,0.0195312476716936,
,,,-0.181931,0.0195312476716936,
,,,-0.181899,0,
,,,-0.181867,0,
,,,-0.181835,0,
,,,-0.181803,0.0195312476716936,
,,,-0.181771,-0.0214843724388629,
,,,-0.181739,0,
,,,-0.181707,0,
,,,-0.181675,0.0195312476716936,
,,,-0.181643,0,
,,,-0.181611,0.0195312476716936,
,,,-0.181579,0.0195312476716936,
,,,-0.181547,0.0195312476716936,
,,,-0.181515,0,
,,,-0.181483,-0.0214843724388629,
,,,-0.181451,0,
,,,-0.181419,0.0195312476716936,
,,,-0.181387,-0.0800781154539436,
,,,-0.181355,0.0195312476716936,
,,,-0.181323,0.0195312476716936,
,,,-0.181291,0.0195312476716936,
,,,-0.181259,-0.0214843724388629,
,,,-0.181227,0.0390624953433871,
,,,-0.181195,0,
,,,-0.181163,0.0195312476716936,
,,,-0.181131,0.0195312476716936,
,,,-0.181099,0,
,,,-0.181067,0,
,,,-0.181035,0.0195312476716936,
,,,-0.181003,0.0195312476716936,
,,,-0.180971,-0.0214843724388629,
,,,-0.180939,0,
,,,-0.180907,0,
,,,-0.180875,0.0195312476716936,
,,,-0.180843,0.0195312476716936,
,,,-0.180811,0.0195312476716936,
,,,-0.180779,0,
,,,-0.180747,0.0195312476716936,
,,,-0.180715,0.0195312476716936,
,,,-0.180683,-0.0214843724388629,
,,,-0.180651,0.0195312476716936,
,,,-0.180619,0,
,,,-0.180587,-0.0214843724388629,
,,,-0.180555,0.0195312476716936,
,,,-0.180523,0.0195312476716936,
,,,-0.180491,0,
,,,-0.180459,0.0195312476716936,
,,,-0.180427,0.0195312476716936,
,,,-0.180395,0.0195312476716936,
,,,-0.180363,0.0195312476716936,
,,,-0.180331,0.0195312476716936,
,,,-0.180299,0.0195312476716936,
,,,-0.180267,-0.0214843724388629,
,,,-0.180235,0,
,,,-0.180203,0.0195312476716936,
,,,-0.180171,0.0195312476716936,
,,,-0.180139,0.0195312476716936,
,,,-0.180107,0.0195312476716936,
,,,-0.180075,0.0195312476716936,
,,,-0.180043,0,
,,,-0.180011,0,
,,,-0.179979,0.0195312476716936,
,,,-0.179947,0.0195312476716936,
,,,-0.179915,0,
,,,-0.179883,0,
,,,-0.179851,0,
,,,-0.179819,0,
,,,-0.179787,0,
,,,-0.179755,0.0195312476716936,
,,,-0.179723,0.0195312476716936,
,,,-0.179691,0,
,,,-0.179659,0.0195312476716936,
,,,-0.179627,0.0195312476716936,
,,,-0.179595,0.0195312476716936,
,,,-0.179563,0.0390624953433871,
,,,-0.179531,0,
,,,-0.179499,0.0195312476716936,
,,,-0.179467,0.0390624953433871,
,,,-0.179435,0.0195312476716936,
,,,-0.179403,0,
,,,-0.179371,0,
,,,-0.179339,0.0195312476716936,
,,,-0.179307,0.0195312476716936,
,,,-0.179275,0.0195312476716936,
,,,-0.179243,0.0390624953433871,
,,,-0.179211,0,
,,,-0.179179,0.0195312476716936,
,,,-0.179147,0,
,,,-0.179115,0.0195312476716936,
,,,-0.179083,0,
,,,-0.179051,0.0195312476716936,
,,,-0.179019,0,
,,,-0.178987,0,
,,,-0.178955,0,
,,,-0.178923,0.0390624953433871,
,,,-0.178891,-0.0214843724388629,
,,,-0.178859,0,
,,,-0.178827,0.0195312476716936,
,,,-0.178795,0.0195312476716936,
,,,-0.178763,-0.0214843724388629,
,,,-0.178731,0,
,,,-0.178699,0.0390624953433871,
,,,-0.178667,0.0195312476716936,
,,,-0.178635,0.0195312476716936,
,,,-0.178603,0,
,,,-0.178571,0,
,,,-0.178539,0.0195312476716936,
,,,-0.178507,0.0195312476716936,
,,,-0.178475,0.0195312476716936,
,,,-0.178443,0,
,,,-0.178411,0.0195312476716936,
,,,-0.178379,0.0195312476716936,
,,,-0.178347,-0.0214843724388629,
,,,-0.178315,-0.0214843724388629,
,,,-0.178283,0.0195312476716936,
,,,-0.178251,-0.0214843724388629,
,,,-0.178219,0,
,,,-0.178187,0.0195312476716936,
,,,-0.178155,0.0390624953433871,
,,,-0.178123,0,
,,,-0.178091,0,
,,,-0.178059,0,
,,,-0.178027,0,
,,,-0.177995,0,
,,,-0.177963,0,
,,,-0.177931,0,
,,,-0.177899,0,
,,,-0.177867,0,
,,,-0.177835,0.0390624953433871,
,,,-0.177803,0,
,,,-0.177771,-0.0214843724388629,
,,,-0.177739,0,
,,,-0.177707,0,
,,,-0.177675,0.0195312476716936,
,,,-0.177643,0,
,,,-0.177611,-0.0214843724388629,
,,,-0.177579,0,
,,,-0.177547,0,
,,,-0.177515,-0.0214843724388629,
,,,-0.177483,0,
,,,-0.177451,0,
,,,-0.177419,0,
,,,-0.177387,0.0195312476716936,
,,,-0.177355,0,
,,,-0.177323,0.0195312476716936,
,,,-0.177291,0,
,,,-0.177259,0,
,,,-0.177227,0,
,,,-0.177195,0.0195312476716936,
,,,-0.177163,0,
,,,-0.177131,0,
,,,-0.177099,-0.0214843724388629,
,,,-0.177067,0,
,,,-0.177035,0,
,,,-0.177003,0,
,,,-0.176971,-0.0214843724388629,
,,,-0.176939,0,
,,,-0.176907,0,
,,,-0.176875,0,
,,,-0.176843,0,
,,,-0.176811,0,
,,,-0.176779,0,
,,,-0.176747,0,
,,,-0.176715,0.0390624953433871,
,,,-0.176683,0,
,,,-0.176651,0,
,,,-0.176619,0,
,,,-0.176587,0,
,,,-0.176555,0,
,,,-0.176523,0,
,,,-0.176491,0,
,,,-0.176459,0,
,,,-0.176427,0,
,,,-0.176395,0,
,,,-0.176363,-0.0214843724388629,
,,,-0.176331,-0.0214843724388629,
,,,-0.176299,0,
,,,-0.176267,0.0195312476716936,
,,,-0.176235,0,
,,,-0.176203,0,
,,,-0.176171,0,
,,,-0.176139,0,
,,,-0.176107,0,
,,,-0.176075,0,
,,,-0.176043,0.0195312476716936,
,,,-0.176011,0.0195312476716936,
,,,-0.175979,0.0195312476716936,
,,,-0.175947,0,
,,,-0.175915,0.0195312476716936,
,,,-0.175883,0,
,,,-0.175851,0,
,,,-0.175819,0,
,,,-0.175787,-0.0214843724388629,
,,,-0.175755,0,
,,,-0.175723,0.0195312476716936,
,,,-0.175691,0.0195312476716936,
,,,-0.175659,0,
,,,-0.175627,0.0195312476716936,
,,,-0.175595,0,
,,,-0.175563,0,
,,,-0.175531,0,
,,,-0.175499,-0.0214843724388629,
,,,-0.175467,0.0195312476716936,
,,,-0.175435,0.0195312476716936,
,,,-0.175403,0.0195312476716936,
,,,-0.175371,-0.0410156201105565,
,,,-0.175339,0,
,,,-0.175307,0.0195312476716936,
,,,-0.175275,0,
,,,-0.175243,0,
,,,-0.175211,0.0195312476716936,
,,,-0.175179,0,
,,,-0.175147,0,
,,,-0.175115,0,
,,,-0.175083,0,
,,,-0.175051,0,
,,,-0.175019,0,
,,,-0.174987,0.0195312476716936,
,,,-0.174955,0,
,,,-0.174923,0,
,,,-0.174891,0.0195312476716936,
,,,-0.174859,0.0195312476716936,
,,,-0.174827,0.0195312476716936,
,,,-0.174795,0.0195312476716936,
,,,-0.174763,0.0195312476716936,
,,,-0.174731,0.0195312476716936,
,,,-0.174699,-0.0214843724388629,
,,,-0.174667,0.0195312476716936,
,,,-0.174635,0.0195312476716936,
,,,-0.174603,0.0195312476716936,
,,,-0.174571,0,
,,,-0.174539,0.0195312476716936,
,,,-0.174507,0.0585937430150807,
,,,-0.174475,0.0195312476716936,
,,,-0.174443,0.0195312476716936,
,,,-0.174411,0,
,,,-0.174379,0,
,,,-0.174347,0,
,,,-0.174315,0.0195312476716936,
,,,-0.174283,0,
,,,-0.174251,0.0195312476716936,
,,,-0.174219,0.0195312476716936,
,,,-0.174187,0,
,,,-0.174155,0.0195312476716936,
,,,-0.174123,0,
,,,-0.174091,0.0195312476716936,
,,,-0.174059,-0.06054686778225,
,,,-0.174027,0.0390624953433871,
,,,-0.173995,0,
,,,-0.173963,0.0195312476716936,
,,,-0.173931,0.0195312476716936,
,,,-0.173899,0,
,,,-0.173867,0.0195312476716936,
,,,-0.173835,-0.0214843724388629,
,,,-0.173803,0.0390624953433871,
,,,-0.173771,-0.0214843724388629,
,,,-0.173739,0,
,,,-0.173707,0.0195312476716936,
,,,-0.173675,0,
,,,-0.173643,0,
,,,-0.173611,0.0195312476716936,
,,,-0.173579,0.0195312476716936,
,,,-0.173547,0,
,,,-0.173515,0,
,,,-0.173483,0,
,,,-0.173451,-0.0214843724388629,
,,,-0.173419,-0.0214843724388629,
,,,-0.173387,0,
,,,-0.173355,0,
,,,-0.173323,-0.0410156201105565,
,,,-0.173291,0,
,,,-0.173259,0.0195312476716936,
,,,-0.173227,0.0390624953433871,
,,,-0.173195,0,
,,,-0.173163,0,
,,,-0.173131,0.0195312476716936,
,,,-0.173099,0,
,,,-0.173067,0,
,,,-0.173035,0,
,,,-0.173003,0.0195312476716936,
,,,-0.172971,0,
,,,-0.172939,0.0195312476716936,
,,,-0.172907,-0.0214843724388629,
,,,-0.172875,0.0195312476716936,
,,,-0.172843,0,
,,,-0.172811,-0.0214843724388629,
,,,-0.172779,0,
,,,-0.172747,0,
,,,-0.172715,0.0195312476716936,
,,,-0.172683,0,
,,,-0.172651,0,
,,,-0.172619,0.0195312476716936,
,,,-0.172587,0.0195312476716936,
,,,-0.172555,0.0390624953433871,
,,,-0.172523,0.0195312476716936,
,,,-0.172491,0,
,,,-0.172459,0,
,,,-0.172427,0,
,,,-0.172395,0.0195312476716936,
,,,-0.172363,0,
,,,-0.172331,0,
,,,-0.172299,0,
,,,-0.172267,0.0195312476716936,
,,,-0.172235,0.0195312476716936,
,,,-0.172203,0,
,,,-0.172171,0,
,,,-0.172139,0.0195312476716936,
,,,-0.172107,0.0195312476716936,
,,,-0.172075,0.0195312476716936,
,,,-0.172043,0.0195312476716936,
,,,-0.172011,0,
,,,-0.171979,0,
,,,-0.171947,0,
,,,-0.171915,0,
,,,-0.171883,0,
,,,-0.171851,0.0195312476716936,
,,,-0.171819,0,
,,,-0.171787,0,
,,,-0.171755,0,
,,,-0.171723,0,
,,,-0.171691,0,
,,,-0.171659,0,
,,,-0.171627,0.0195312476716936,
,,,-0.171595,0.0195312476716936,
,,,-0.171563,0.0195312476716936,
,,,-0.171531,0.0195312476716936,
,,,-0.171499,-0.0214843724388629,
,,,-0.171467,0,
,,,-0.171435,0,
,,,-0.171403,0.0390624953433871,
,,,-0.171371,0.0195312476716936,
,,,-0.171339,0.0195312476716936,
,,,-0.171307,0,
,,,-0.171275,0,
,,,-0.171243,0,
,,,-0.171211,0.0195312476716936,
,,,-0.171179,0,
,,,-0.171147,0,
,,,-0.171115,0,
,,,-0.171083,0.0390624953433871,
,,,-0.171051,0,
,,,-0.171019,0,
,,,-0.170987,0,
,,,-0.170955,0.0195312476716936,
,,,-0.170923,0,
,,,-0.170891,0,
,,,-0.170859,-0.0214843724388629,
,,,-0.170827,0,
,,,-0.170795,0.0195312476716936,
,,,-0.170763,0,
,,,-0.170731,0.0195312476716936,
,,,-0.170699,-0.0214843724388629,
,,,-0.170667,0,
,,,-0.170635,0.0195312476716936,
,,,-0.170603,0.0195312476716936,
,,,-0.170571,0,
,,,-0.170539,0.0195312476716936,
,,,-0.170507,0,
,,,-0.170475,0.0195312476716936,
,,,-0.170443,0,
,,,-0.170411,0.0390624953433871,
,,,-0.170379,0.0195312476716936,
,,,-0.170347,0,
,,,-0.170315,0,
,,,-0.170283,-0.0214843724388629,
,,,-0.170251,-0.0214843724388629,
,,,-0.170219,-0.0214843724388629,
,,,-0.170187,-0.0214843724388629,
,,,-0.170155,0,
,,,-0.170123,0.0195312476716936,
,,,-0.170091,0,
,,,-0.170059,0.0195312476716936,
,,,-0.170027,0.0195312476716936,
,,,-0.169995,0,
,,,-0.169963,0.0195312476716936,
,,,-0.169931,0.0195312476716936,
,,,-0.169899,0.0195312476716936,
,,,-0.169867,0.0195312476716936,
,,,-0.169835,0.0195312476716936,
,,,-0.169803,-0.0214843724388629,
,,,-0.169771,0.0195312476716936,
,,,-0.169739,0,
,,,-0.169707,0.0195312476716936,
,,,-0.169675,0.0195312476716936,
,,,-0.169643,-0.0214843724388629,
,,,-0.169611,0.0195312476716936,
,,,-0.169579,0.0195312476716936,
,,,-0.169547,0,
,,,-0.169515,0.0195312476716936,
,,,-0.169483,0.0195312476716936,
,,,-0.169451,0,
,,,-0.169419,0.0195312476716936,
,,,-0.169387,0.0195312476716936,
,,,-0.169355,0.0195312476716936,
,,,-0.169323,0.0195312476716936,
,,,-0.169291,0.0195312476716936,
,,,-0.169259,0.0195312476716936,
,,,-0.169227,0,
,,,-0.169195,0.0195312476716936,
,,,-0.169163,0.0195312476716936,
,,,-0.169131,0.0195312476716936,
,,,-0.169099,0.0195312476716936,
,,,-0.169067,0.0195312476716936,
,,,-0.169035,0,
,,,-0.169003,0,
,,,-0.168971,0,
,,,-0.168939,0.0195312476716936,
,,,-0.168907,0,
,,,-0.168875,0,
,,,-0.168843,0.0195312476716936,
,,,-0.168811,0.0390624953433871,
,,,-0.168779,0.0195312476716936,
,,,-0.168747,-0.0214843724388629,
,,,-0.168715,0.0195312476716936,
,,,-0.168683,0,
,,,-0.168651,0,
,,,-0.168619,0.0195312476716936,
,,,-0.168587,0.0195312476716936,
,,,-0.168555,0,
,,,-0.168523,0,
,,,-0.168491,0,
,,,-0.168459,0,
,,,-0.168427,0,
,,,-0.168395,0,
,,,-0.168363,0.0195312476716936,
,,,-0.168331,0.0195312476716936,
,,,-0.168299,0,
,,,-0.168267,0,
,,,-0.168235,0,
,,,-0.168203,0.0195312476716936,
,,,-0.168171,0.0195312476716936,
,,,-0.168139,0,
,,,-0.168107,0,
,,,-0.168075,0.0195312476716936,
,,,-0.168043,0.0195312476716936,
,,,-0.168011,0,
,,,-0.167979,0.0195312476716936,
,,,-0.167947,0.0195312476716936,
,,,-0.167915,0.0195312476716936,
,,,-0.167883,0,
,,,-0.167851,0.0195312476716936,
,,,-0.167819,0,
,,,-0.167787,0,
,,,-0.167755,0,
,,,-0.167723,0.0195312476716936,
,,,-0.167691,0.0195312476716936,
,,,-0.167659,0,
,,,-0.167627,0.0195312476716936,
,,,-0.167595,0,
,,,-0.167563,0,
,,,-0.167531,0.0195312476716936,
,,,-0.167499,0.0195312476716936,
,,,-0.167467,0,
,,,-0.167435,0.0195312476716936,
,,,-0.167403,0.0195312476716936,
,,,-0.167371,0.0195312476716936,
,,,-0.167339,0,
,,,-0.167307,0.0195312476716936,
,,,-0.167275,0,
,,,-0.167243,0,
,,,-0.167211,0.0195312476716936,
,,,-0.167179,-0.0214843724388629,
,,,-0.167147,0,
,,,-0.167115,0,
,,,-0.167083,0.0195312476716936,
,,,-0.167051,0,
,,,-0.167019,0.0195312476716936,
,,,-0.166987,0.0195312476716936,
,,,-0.166955,-0.0214843724388629,
,,,-0.166923,0.0195312476716936,
,,,-0.166891,0.0195312476716936,
,,,-0.166859,-0.0214843724388629,
,,,-0.166827,0,
,,,-0.166795,0.0195312476716936,
,,,-0.166763,0,
,,,-0.166731,0,
,,,-0.166699,0.0195312476716936,
,,,-0.166667,-0.06054686778225,
,,,-0.166635,0.0195312476716936,
,,,-0.166603,0,
,,,-0.166571,0.0195312476716936,
,,,-0.166539,-0.0214843724388629,
,,,-0.166507,0,
,,,-0.166475,0,
,,,-0.166443,0.0195312476716936,
,,,-0.166411,0.0195312476716936,
,,,-0.166379,0,
,,,-0.166347,0,
,,,-0.166315,0.0195312476716936,
,,,-0.166283,0.0195312476716936,
,,,-0.166251,-0.0214843724388629,
,,,-0.166219,0,
,,,-0.166187,0.0195312476716936,
,,,-0.166155,0.0390624953433871,
,,,-0.166123,0.0195312476716936,
,,,-0.166091,0.0195312476716936,
,,,-0.166059,0.0195312476716936,
,,,-0.166027,0,
,,,-0.165995,0.0390624953433871,
,,,-0.165963,0.0195312476716936,
,,,-0.165931,0.0195312476716936,
,,,-0.165899,0.0195312476716936,
,,,-0.165867,0.0585937430150807,
,,,-0.165835,0.0195312476716936,
,,,-0.165803,0.0195312476716936,
,,,-0.165771,0,
,,,-0.165739,0,
,,,-0.165707,0,
,,,-0.165675,0.0195312476716936,
,,,-0.165643,0.0195312476716936,
,,,-0.165611,0,
,,,-0.165579,0.0195312476716936,
,,,-0.165547,0,
,,,-0.165515,0.0195312476716936,
,,,-0.165483,0.0195312476716936,
,,,-0.165451,0.0195312476716936,
,,,-0.165419,0,
,,,-0.165387,-0.0214843724388629,
,,,-0.165355,-0.0214843724388629,
,,,-0.165323,0.0195312476716936,
,,,-0.165291,0,
,,,-0.165259,0,
,,,-0.165227,0.0195312476716936,
,,,-0.165195,0.0195312476716936,
,,,-0.165163,0,
,,,-0.165131,0,
,,,-0.165099,0.0195312476716936,
,,,-0.165067,0,
,,,-0.165035,0,
,,,-0.165003,0.0390624953433871,
,,,-0.164971,0.0195312476716936,
,,,-0.164939,0,
,,,-0.164907,0.0195312476716936,
,,,-0.164875,0.0195312476716936,
,,,-0.164843,0,
,,,-0.164811,0.0390624953433871,
,,,-0.164779,0.0195312476716936,
,,,-0.164747,0,
,,,-0.164715,0.0195312476716936,
,,,-0.164683,0.0195312476716936,
,,,-0.164651,0.0195312476716936,
,,,-0.164619,0,
,,,-0.164587,0,
,,,-0.164555,0,
,,,-0.164523,0.0585937430150807,
,,,-0.164491,0.0195312476716936,
,,,-0.164459,0.0195312476716936,
,,,-0.164427,0.0195312476716936,
,,,-0.164395,-0.0214843724388629,
,,,-0.164363,0.0195312476716936,
,,,-0.164331,0,
,,,-0.164299,0.0195312476716936,
,,,-0.164267,0.0195312476716936,
,,,-0.164235,0,
,,,-0.164203,0,
,,,-0.164171,0,
,,,-0.164139,0,
,,,-0.164107,0,
,,,-0.164075,0.0195312476716936,
,,,-0.164043,0.0195312476716936,
,,,-0.164011,0,
,,,-0.163979,0,
,,,-0.163947,0.0195312476716936,
,,,-0.163915,0.0195312476716936,
,,,-0.163883,0,
,,,-0.163851,0.0195312476716936,
,,,-0.163819,0,
,,,-0.163787,0,
,,,-0.163755,0.0195312476716936,
,,,-0.163723,-0.0214843724388629,
,,,-0.163691,0.0195312476716936,
,,,-0.163659,-0.0214843724388629,
,,,-0.163627,0,
,,,-0.163595,0,
,,,-0.163563,0.0585937430150807,
,,,-0.163531,0.0195312476716936,
,,,-0.163499,0.0195312476716936,
,,,-0.163467,0,
,,,-0.163435,0,
,,,-0.163403,0.0195312476716936,
,,,-0.163371,0.0195312476716936,
,,,-0.163339,0.0195312476716936,
,,,-0.163307,0,
,,,-0.163275,0.0195312476716936,
,,,-0.163243,0.0195312476716936,
,,,-0.163211,0,
,,,-0.163179,0,
,,,-0.163147,0.0195312476716936,
,,,-0.163115,0.0195312476716936,
,,,-0.163083,-0.06054686778225,
,,,-0.163051,0.0195312476716936,
,,,-0.163019,0,
,,,-0.162987,0,
,,,-0.162955,0.0195312476716936,
,,,-0.162923,0.0195312476716936,
,,,-0.162891,0,
,,,-0.162859,-0.0214843724388629,
,,,-0.162827,0.0195312476716936,
,,,-0.162795,0.0195312476716936,
,,,-0.162763,-0.0214843724388629,
,,,-0.162731,-0.0214843724388629,
,,,-0.162699,-0.0214843724388629,
,,,-0.162667,0.0195312476716936,
,,,-0.162635,0.0195312476716936,
,,,-0.162603,0.0390624953433871,
,,,-0.162571,0,
,,,-0.162539,0,
,,,-0.162507,0.0195312476716936,
,,,-0.162475,0.0195312476716936,
,,,-0.162443,0.0390624953433871,
,,,-0.162411,0,
,,,-0.162379,0.0195312476716936,
,,,-0.162347,0,
,,,-0.162315,0,
,,,-0.162283,0,
,,,-0.162251,0,
,,,-0.162219,0.0195312476716936,
,,,-0.162187,0,
,,,-0.162155,0.0195312476716936,
,,,-0.162123,0.0195312476716936,
,,,-0.162091,0.0195312476716936,
,,,-0.162059,0.0195312476716936,
,,,-0.162027,0,
,,,-0.161995,0,
,,,-0.161963,0.0195312476716936,
,,,-0.161931,-0.0214843724388629,
,,,-0.161899,0,
,,,-0.161867,0,
,,,-0.161835,0,
,,,-0.161803,0.0195312476716936,
,,,-0.161771,0.0195312476716936,
,,,-0.161739,0,
,,,-0.161707,0,
,,,-0.161675,0.0195312476716936,
,,,-0.161643,0.0195312476716936,
,,,-0.161611,0.0390624953433871,
,,,-0.161579,0,
,,,-0.161547,0.0195312476716936,
,,,-0.161515,0,
,,,-0.161483,0,
,,,-0.161451,0.0195312476716936,
,,,-0.161419,0.0195312476716936,
,,,-0.161387,0,
,,,-0.161355,0.0195312476716936,
,,,-0.161323,0,
,,,-0.161291,0,
,,,-0.161259,-0.0214843724388629,
,,,-0.161227,0,
,,,-0.161195,0.0195312476716936,
,,,-0.161163,0.0195312476716936,
,,,-0.161131,0.0195312476716936,
,,,-0.161099,0.0195312476716936,
,,,-0.161067,0.0390624953433871,
,,,-0.161035,0,
,,,-0.161003,0,
,,,-0.160971,-0.0214843724388629,
,,,-0.160939,0,
,,,-0.160907,0,
,,,-0.160875,0.0195312476716936,
,,,-0.160843,0.0195312476716936,
,,,-0.160811,-0.0214843724388629,
,,,-0.160779,0.0195312476716936,
,,,-0.160747,0,
,,,-0.160715,0.0195312476716936,
,,,-0.160683,0,
,,,-0.160651,0.0390624953433871,
,,,-0.160619,0.0195312476716936,
,,,-0.160587,0,
,,,-0.160555,0,
,,,-0.160523,0,
,,,-0.160491,0,
,,,-0.160459,0,
,,,-0.160427,0,
,,,-0.160395,0.0195312476716936,
,,,-0.160363,0,
,,,-0.160331,0.0195312476716936,
,,,-0.160299,0.0195312476716936,
,,,-0.160267,0,
,,,-0.160235,0,
,,,-0.160203,0.0195312476716936,
,,,-0.160171,0,
,,,-0.160139,0.0195312476716936,
,,,-0.160107,0.0195312476716936,
,,,-0.160075,0,
,,,-0.160043,0.0195312476716936,
,,,-0.160011,-0.0214843724388629,
,,,-0.159979,0,
,,,-0.159947,0.0195312476716936,
,,,-0.159915,0,
,,,-0.159883,0.0195312476716936,
,,,-0.159851,0,
,,,-0.159819,0,
,,,-0.159787,0.0195312476716936,
,,,-0.159755,0,
,,,-0.159723,0.0195312476716936,
,,,-0.159691,0,
,,,-0.159659,0.0195312476716936,
,,,-0.159627,-0.0214843724388629,
,,,-0.159595,0.0195312476716936,
,,,-0.159563,0,
,,,-0.159531,0,
,,,-0.159499,0,
,,,-0.159467,0.0195312476716936,
,,,-0.159435,0.0195312476716936,
,,,-0.159403,0,
,,,-0.159371,0.0195312476716936,
,,,-0.159339,0,
,,,-0.159307,0,
,,,-0.159275,0,
,,,-0.159243,0,
,,,-0.159211,0,
,,,-0.159179,0.0195312476716936,
,,,-0.159147,0.0195312476716936,
,,,-0.159115,0,
,,,-0.159083,0.0195312476716936,
,,,-0.159051,0.0195312476716936,
,,,-0.159019,0,
,,,-0.158987,0,
,,,-0.158955,0.0195312476716936,
,,,-0.158923,0,
,,,-0.158891,0.0390624953433871,
,,,-0.158859,0.0195312476716936,
,,,-0.158827,0.0195312476716936,
,,,-0.158795,0.0195312476716936,
,,,-0.158763,0.0195312476716936,
,,,-0.158731,-0.0214843724388629,
,,,-0.158699,0.0195312476716936,
,,,-0.158667,0,
,,,-0.158635,0,
,,,-0.158603,0.0195312476716936,
,,,-0.158571,0.0195312476716936,
,,,-0.158539,0.0195312476716936,
,,,-0.158507,0.0195312476716936,
,,,-0.158475,0.0195312476716936,
,,,-0.158443,0.0390624953433871,
,,,-0.158411,0.0195312476716936,
,,,-0.158379,0.0195312476716936,
,,,-0.158347,0.0195312476716936,
,,,-0.158315,0.0195312476716936,
,,,-0.158283,0.0390624953433871,
,,,-0.158251,0.0195312476716936,
,,,-0.158219,0,
,,,-0.158187,0,
,,,-0.158155,0,
,,,-0.158123,0.0195312476716936,
,,,-0.158091,0,
,,,-0.158059,0.0195312476716936,
,,,-0.158027,0.0195312476716936,
,,,-0.157995,0.0195312476716936,
,,,-0.157963,0.0195312476716936,
,,,-0.157931,0.0195312476716936,
,,,-0.157899,0,
,,,-0.157867,0,
,,,-0.157835,0,
,,,-0.157803,0.0195312476716936,
,,,-0.157771,0,
,,,-0.157739,0.0195312476716936,
,,,-0.157707,0.0195312476716936,
,,,-0.157675,0.0195312476716936,
,,,-0.157643,0,
,,,-0.157611,0,
,,,-0.157579,0.0195312476716936,
,,,-0.157547,0,
,,,-0.157515,0,
,,,-0.157483,0,
,,,-0.157451,0.0195312476716936,
,,,-0.157419,-0.0214843724388629,
,,,-0.157387,0,
,,,-0.157355,0,
,,,-0.157323,0.0195312476716936,
,,,-0.157291,0,
,,,-0.157259,0,
,,,-0.157227,0,
,,,-0.157195,0,
,,,-0.157163,0,
,,,-0.157131,0,
,,,-0.157099,0,
,,,-0.157067,0,
,,,-0.157035,0,
,,,-0.157003,0.0195312476716936,
,,,-0.156971,0.0195312476716936,
,,,-0.156939,0,
,,,-0.156907,0,
,,,-0.156875,0.0195312476716936,
,,,-0.156843,0.0195312476716936,
,,,-0.156811,-0.0214843724388629,
,,,-0.156779,0.0195312476716936,
,,,-0.156747,0.0195312476716936,
,,,-0.156715,0.0195312476716936,
,,,-0.156683,0,
,,,-0.156651,0.0195312476716936,
,,,-0.156619,0.0195312476716936,
,,,-0.156587,0,
,,,-0.156555,0.0390624953433871,
,,,-0.156523,0.0390624953433871,
,,,-0.156491,0.0195312476716936,
,,,-0.156459,0.0195312476716936,
,,,-0.156427,0.0195312476716936,
,,,-0.156395,-0.0410156201105565,
,,,-0.156363,0.0195312476716936,
,,,-0.156331,0.0195312476716936,
,,,-0.156299,0.0390624953433871,
,,,-0.156267,0.0195312476716936,
,,,-0.156235,0.0195312476716936,
,,,-0.156203,0,
,,,-0.156171,0.0195312476716936,
,,,-0.156139,0.0390624953433871,
,,,-0.156107,0.0195312476716936,
,,,-0.156075,0,
,,,-0.156043,0.0195312476716936,
,,,-0.156011,-0.06054686778225,
,,,-0.155979,0.0195312476716936,
,,,-0.155947,0.0195312476716936,
,,,-0.155915,0,
,,,-0.155883,0,
,,,-0.155851,0.0195312476716936,
,,,-0.155819,0.0195312476716936,
,,,-0.155787,0.0195312476716936,
,,,-0.155755,-0.06054686778225,
,,,-0.155723,0.0195312476716936,
,,,-0.155691,0,
,,,-0.155659,0,
,,,-0.155627,0,
,,,-0.155595,0.0390624953433871,
,,,-0.155563,0,
,,,-0.155531,0,
,,,-0.155499,0,
,,,-0.155467,0,
,,,-0.155435,0,
,,,-0.155403,0.0195312476716936,
,,,-0.155371,0,
,,,-0.155339,0.0195312476716936,
,,,-0.155307,0.0390624953433871,
,,,-0.155275,0.0195312476716936,
,,,-0.155243,0,
,,,-0.155211,0.0195312476716936,
,,,-0.155179,0,
,,,-0.155147,0.0195312476716936,
,,,-0.155115,0,
,,,-0.155083,0,
,,,-0.155051,0.0195312476716936,
,,,-0.155019,-0.0410156201105565,
,,,-0.154987,0,
,,,-0.154955,0,
,,,-0.154923,0.0195312476716936,
,,,-0.154891,0.0195312476716936,
,,,-0.154859,0,
,,,-0.154827,0,
,,,-0.154795,0.0195312476716936,
,,,-0.154763,0.0195312476716936,
,,,-0.154731,0.0195312476716936,
,,,-0.154699,0,
,,,-0.154667,0,
,,,-0.154635,0,
,,,-0.154603,-0.0214843724388629,
,,,-0.154571,-0.0214843724388629,
,,,-0.154539,0,
,,,-0.154507,0,
,,,-0.154475,0.0195312476716936,
,,,-0.154443,0,
,,,-0.154411,0,
,,,-0.154379,0,
,,,-0.154347,0,
,,,-0.154315,0,
,,,-0.154283,0,
,,,-0.154251,0.0195312476716936,
,,,-0.154219,0,
,,,-0.154187,0,
,,,-0.154155,0,
,,,-0.154123,0.0195312476716936,
,,,-0.154091,0.0195312476716936,
,,,-0.154059,0.0195312476716936,
,,,-0.154027,0,
,,,-0.153995,0,
,,,-0.153963,0.0195312476716936,
,,,-0.153931,0,
,,,-0.153899,0,
,,,-0.153867,0.0195312476716936,
,,,-0.153835,0,
,,,-0.153803,0.0195312476716936,
,,,-0.153771,0,
,,,-0.153739,0,
,,,-0.153707,0.0195312476716936,
,,,-0.153675,0,
,,,-0.153643,0.0195312476716936,
,,,-0.153611,0.0195312476716936,
,,,-0.153579,0,
,,,-0.153547,0.0195312476716936,
,,,-0.153515,0.0195312476716936,
,,,-0.153483,0.0195312476716936,
,,,-0.153451,0.0195312476716936,
,,,-0.153419,0.0195312476716936,
,,,-0.153387,0,
,,,-0.153355,0.0195312476716936,
,,,-0.153323,0,
,,,-0.153291,0.0195312476716936,
,,,-0.153259,0.0195312476716936,
,,,-0.153227,0,
,,,-0.153195,0.0195312476716936,
,,,-0.153163,0,
,,,-0.153131,0,
,,,-0.153099,0.0195312476716936,
,,,-0.153067,0.0195312476716936,
,,,-0.153035,0,
,,,-0.153003,0,
,,,-0.152971,0.0195312476716936,
,,,-0.152939,0.0195312476716936,
,,,-0.152907,0.0390624953433871,
,,,-0.152875,0,
,,,-0.152843,0.0195312476716936,
,,,-0.152811,0.0195312476716936,
,,,-0.152779,0,
,,,-0.152747,0.0195312476716936,
,,,-0.152715,0.0195312476716936,
,,,-0.152683,0.0195312476716936,
,,,-0.152651,0.0195312476716936,
,,,-0.152619,0,
,,,-0.152587,-0.0214843724388629,
,,,-0.152555,0,
,,,-0.152523,0.0195312476716936,
,,,-0.152491,0,
,,,-0.152459,0.0195312476716936,
,,,-0.152427,0.0195312476716936,
,,,-0.152395,0.0195312476716936,
,,,-0.152363,0.0195312476716936,
,,,-0.152331,0.0195312476716936,
,,,-0.152299,0.0195312476716936,
,,,-0.152267,0.0195312476716936,
,,,-0.152235,0,
,,,-0.152203,0,
,,,-0.152171,0,
,,,-0.152139,0,
,,,-0.152107,0.0390624953433871,
,,,-0.152075,0,
,,,-0.152043,0.0195312476716936,
,,,-0.152011,0,
,,,-0.151979,0,
,,,-0.151947,0.0195312476716936,
,,,-0.151915,0,
,,,-0.151883,0.0195312476716936,
,,,-0.151851,0.0195312476716936,
,,,-0.151819,-0.0214843724388629,
,,,-0.151787,0.0390624953433871,
,,,-0.151755,0,
,,,-0.151723,0,
,,,-0.151691,0,
,,,-0.151659,0,
,,,-0.151627,0.0195312476716936,
,,,-0.151595,0,
,,,-0.151563,0,
,,,-0.151531,0,
,,,-0.151499,0.0195312476716936,
,,,-0.151467,0,
,,,-0.151435,0.0195312476716936,
,,,-0.151403,0,
,,,-0.151371,0,
,,,-0.151339,-0.0410156201105565,
,,,-0.151307,0,
,,,-0.151275,0,
,,,-0.151243,0.0195312476716936,
,,,-0.151211,0.0195312476716936,
,,,-0.151179,0.0195312476716936,
,,,-0.151147,0,
,,,-0.151115,0,
,,,-0.151083,0,
,,,-0.151051,0.0195312476716936,
,,,-0.151019,0.0195312476716936,
,,,-0.150987,0,
,,,-0.150955,0.0195312476716936,
,,,-0.150923,0.0195312476716936,
,,,-0.150891,0.0195312476716936,
,,,-0.150859,0.0195312476716936,
,,,-0.150827,0.0195312476716936,
,,,-0.150795,0,
,,,-0.150763,0.0195312476716936,
,,,-0.150731,0,
,,,-0.150699,0.0195312476716936,
,,,-0.150667,0.0195312476716936,
,,,-0.150635,-0.0214843724388629,
,,,-0.150603,0.0195312476716936,
,,,-0.150571,0.0195312476716936,
,,,-0.150539,0.0195312476716936,
,,,-0.150507,0.0195312476716936,
,,,-0.150475,0,
,,,-0.150443,-0.0214843724388629,
,,,-0.150411,0,
,,,-0.150379,0.0195312476716936,
,,,-0.150347,0.0195312476716936,
,,,-0.150315,0,
,,,-0.150283,0.0195312476716936,
,,,-0.150251,0,
,,,-0.150219,0.0195312476716936,
,,,-0.150187,0.0195312476716936,
,,,-0.150155,0.0195312476716936,
,,,-0.150123,0.0195312476716936,
,,,-0.150091,0.0390624953433871,
,,,-0.150059,0,
,,,-0.150027,-0.0214843724388629,
,,,-0.149995,0,
,,,-0.149963,0,
,,,-0.149931,0,
,,,-0.149899,0.0195312476716936,
,,,-0.149867,0.0390624953433871,
,,,-0.149835,-0.0214843724388629,
,,,-0.149803,0,
,,,-0.149771,0.0195312476716936,
,,,-0.149739,0,
,,,-0.149707,-0.0214843724388629,
,,,-0.149675,0.0195312476716936,
,,,-0.149643,0.0585937430150807,
,,,-0.149611,0,
,,,-0.149579,0.0195312476716936,
,,,-0.149547,0.0390624953433871,
,,,-0.149515,0,
,,,-0.149483,0.0195312476716936,
,,,-0.149451,0,
,,,-0.149419,0.0195312476716936,
,,,-0.149387,0.0195312476716936,
,,,-0.149355,0.0195312476716936,
,,,-0.149323,0.0195312476716936,
,,,-0.149291,0.0195312476716936,
,,,-0.149259,0.0390624953433871,
,,,-0.149227,0.0195312476716936,
,,,-0.149195,0.0195312476716936,
,,,-0.149163,0,
,,,-0.149131,0.0195312476716936,
,,,-0.149099,0.0195312476716936,
,,,-0.149067,0.0195312476716936,
,,,-0.149035,0.0195312476716936,
,,,-0.149003,0,
,,,-0.148971,0.0195312476716936,
,,,-0.148939,0.0195312476716936,
,,,-0.148907,0.0195312476716936,
,,,-0.148875,0,
,,,-0.148843,0.0195312476716936,
,,,-0.148811,0.0195312476716936,
,,,-0.148779,0.0195312476716936,
,,,-0.148747,0.0195312476716936,
,,,-0.148715,0,
,,,-0.148683,-0.0214843724388629,
,,,-0.148651,0.0195312476716936,
,,,-0.148619,0.0195312476716936,
,,,-0.148587,0.0195312476716936,
,,,-0.148555,0.0195312476716936,
,,,-0.148523,0,
,,,-0.148491,0.0390624953433871,
,,,-0.148459,0,
,,,-0.148427,0.0195312476716936,
,,,-0.148395,0.0390624953433871,
,,,-0.148363,0,
,,,-0.148331,0.0195312476716936,
,,,-0.148299,0.0195312476716936,
,,,-0.148267,0.0195312476716936,
,,,-0.148235,0.0390624953433871,
,,,-0.148203,0,
,,,-0.148171,0.0195312476716936,
,,,-0.148139,0,
,,,-0.148107,0,
,,,-0.148075,0.0195312476716936,
,,,-0.148043,0.0195312476716936,
,,,-0.148011,0.0195312476716936,
,,,-0.147979,0,
,,,-0.147947,0,
,,,-0.147915,-0.0410156201105565,
,,,-0.147883,0,
,,,-0.147851,-0.06054686778225,
,,,-0.147819,0,
,,,-0.147787,0.0195312476716936,
,,,-0.147755,0.0195312476716936,
,,,-0.147723,0.0195312476716936,
,,,-0.147691,0.0195312476716936,
,,,-0.147659,-0.0214843724388629,
,,,-0.147627,0,
,,,-0.147595,0.0195312476716936,
,,,-0.147563,0.0195312476716936,
,,,-0.147531,0.0195312476716936,
,,,-0.147499,0.0195312476716936,
,,,-0.147467,-0.0410156201105565,
,,,-0.147435,0,
,,,-0.147403,0.0585937430150807,
,,,-0.147371,0.0195312476716936,
,,,-0.147339,0.0195312476716936,
,,,-0.147307,0,
,,,-0.147275,0.0195312476716936,
,,,-0.147243,0.0195312476716936,
,,,-0.147211,0,
,,,-0.147179,0,
,,,-0.147147,-0.0800781154539436,
,,,-0.147115,0,
,,,-0.147083,0,
,,,-0.147051,0,
,,,-0.147019,0,
,,,-0.146987,-0.0214843724388629,
,,,-0.146955,0.0195312476716936,
,,,-0.146923,0,
,,,-0.146891,0,
,,,-0.146859,0.0195312476716936,
,,,-0.146827,0.0195312476716936,
,,,-0.146795,0,
,,,-0.146763,0,
,,,-0.146731,0.0195312476716936,
,,,-0.146699,0.0195312476716936,
,,,-0.146667,0,
,,,-0.146635,0.0195312476716936,
,,,-0.146603,0.0195312476716936,
,,,-0.146571,0.0195312476716936,
,,,-0.146539,0,
,,,-0.146507,0.0195312476716936,
,,,-0.146475,0.0195312476716936,
,,,-0.146443,0,
,,,-0.146411,0.0195312476716936,
,,,-0.146379,0,
,,,-0.146347,0.0195312476716936,
,,,-0.146315,0,
,,,-0.146283,0,
,,,-0.146251,0.0195312476716936,
,,,-0.146219,0,
,,,-0.146187,0.0195312476716936,
,,,-0.146155,0,
,,,-0.146123,0.0195312476716936,
,,,-0.146091,0.0195312476716936,
,,,-0.146059,0.0195312476716936,
,,,-0.146027,0,
,,,-0.145995,0,
,,,-0.145963,0,
,,,-0.145931,0,
,,,-0.145899,0.0195312476716936,
,,,-0.145867,0,
,,,-0.145835,-0.0410156201105565,
,,,-0.145803,-0.0214843724388629,
,,,-0.145771,0,
,,,-0.145739,0.0195312476716936,
,,,-0.145707,-0.0214843724388629,
,,,-0.145675,0,
,,,-0.145643,0,
,,,-0.145611,0,
,,,-0.145579,0,
,,,-0.145547,-0.0214843724388629,
,,,-0.145515,-0.0214843724388629,
,,,-0.145483,0,
,,,-0.145451,0,
,,,-0.145419,0.0195312476716936,
,,,-0.145387,-0.0214843724388629,
,,,-0.145355,0,
,,,-0.145323,0,
,,,-0.145291,0,
,,,-0.145259,0,
,,,-0.145227,0,
,,,-0.145195,-0.0214843724388629,
,,,-0.145163,0.0195312476716936,
,,,-0.145131,0,
,,,-0.145099,0,
,,,-0.145067,0,
,,,-0.145035,0,
,,,-0.145003,0,
,,,-0.144971,0.0195312476716936,
,,,-0.144939,0,
,,,-0.144907,0.0390624953433871,
,,,-0.144875,0.0195312476716936,
,,,-0.144843,0.0195312476716936,
,,,-0.144811,0,
,,,-0.144779,0,
,,,-0.144747,0,
,,,-0.144715,-0.0214843724388629,
,,,-0.144683,-0.0214843724388629,
,,,-0.144651,0,
,,,-0.144619,0,
,,,-0.144587,0,
,,,-0.144555,0.0195312476716936,
,,,-0.144523,0,
,,,-0.144491,0,
,,,-0.144459,0.0195312476716936,
,,,-0.144427,0,
,,,-0.144395,0.0195312476716936,
,,,-0.144363,0,
,,,-0.144331,0.0195312476716936,
,,,-0.144299,0,
,,,-0.144267,0,
,,,-0.144235,0,
,,,-0.144203,0,
,,,-0.144171,0.0195312476716936,
,,,-0.144139,0,
,,,-0.144107,0.0195312476716936,
,,,-0.144075,0,
,,,-0.144043,0,
,,,-0.144011,0.0195312476716936,
,,,-0.143979,0,
,,,-0.143947,0.0390624953433871,
,,,-0.143915,-0.0214843724388629,
,,,-0.143883,0,
,,,-0.143851,0,
,,,-0.143819,0.0195312476716936,
,,,-0.143787,0.0195312476716936,
,,,-0.143755,0,
,,,-0.143723,0.0195312476716936,
,,,-0.143691,0,
,,,-0.143659,0.0195312476716936,
,,,-0.143627,0,
,,,-0.143595,0.0195312476716936,
,,,-0.143563,0,
,,,-0.143531,0,
,,,-0.143499,0,
,,,-0.143467,-0.0214843724388629,
,,,-0.143435,0,
,,,-0.143403,0,
,,,-0.143371,0,
,,,-0.143339,0.0195312476716936,
,,,-0.143307,0,
,,,-0.143275,0,
,,,-0.143243,0,
,,,-0.143211,0,
,,,-0.143179,0,
,,,-0.143147,0,
,,,-0.143115,0,
,,,-0.143083,0,
,,,-0.143051,0,
,,,-0.143019,0,
,,,-0.142987,0,
,,,-0.142955,0,
,,,-0.142923,0.0195312476716936,
,,,-0.142891,0,
,,,-0.142859,0,
,,,-0.142827,0.0195312476716936,
,,,-0.142795,0.0195312476716936,
,,,-0.142763,0.0195312476716936,
,,,-0.142731,0,
,,,-0.142699,0,
,,,-0.142667,0.0195312476716936,
,,,-0.142635,0.0195312476716936,
,,,-0.142603,0.0195312476716936,
,,,-0.142571,0.0195312476716936,
,,,-0.142539,0,
,,,-0.142507,0,
,,,-0.142475,0,
,,,-0.142443,0,
,,,-0.142411,0,
,,,-0.142379,0,
,,,-0.142347,0.0195312476716936,
,,,-0.142315,0.0195312476716936,
,,,-0.142283,0,
,,,-0.142251,0.0195312476716936,
,,,-0.142219,0,
,,,-0.142187,0,
,,,-0.142155,0,
,,,-0.142123,0,
,,,-0.142091,0,
,,,-0.142059,0,
,,,-0.142027,0,
,,,-0.141995,0.0195312476716936,
,,,-0.141963,0,
,,,-0.141931,0,
,,,-0.141899,0.0195312476716936,
,,,-0.141867,0.0195312476716936,
,,,-0.141835,0,
,,,-0.141803,0.0195312476716936,
,,,-0.141771,0.0195312476716936,
,,,-0.141739,0,
,,,-0.141707,0,
,,,-0.141675,0,
,,,-0.141643,-0.0214843724388629,
,,,-0.141611,0.0195312476716936,
,,,-0.141579,0.0195312476716936,
,,,-0.141547,0.0195312476716936,
,,,-0.141515,0.0195312476716936,
,,,-0.141483,0.0195312476716936,
,,,-0.141451,0.0195312476716936,
,,,-0.141419,-0.0214843724388629,
,,,-0.141387,0,
,,,-0.141355,0.0390624953433871,
,,,-0.141323,0.0195312476716936,
,,,-0.141291,0,
,,,-0.141259,-0.0214843724388629,
,,,-0.141227,0.0195312476716936,
,,,-0.141195,0.0195312476716936,
,,,-0.141163,0,
,,,-0.141131,0,
,,,-0.141099,0.0195312476716936,
,,,-0.141067,0.0195312476716936,
,,,-0.141035,0.0195312476716936,
,,,-0.141003,0.0195312476716936,
,,,-0.140971,0.0195312476716936,
,,,-0.140939,0,
,,,-0.140907,0.0195312476716936,
,,,-0.140875,0.0195312476716936,
,,,-0.140843,0,
,,,-0.140811,0.0195312476716936,
,,,-0.140779,0.0195312476716936,
,,,-0.140747,0.0195312476716936,
,,,-0.140715,0.0195312476716936,
,,,-0.140683,0,
,,,-0.140651,0.0195312476716936,
,,,-0.140619,0.0195312476716936,
,,,-0.140587,0.0195312476716936,
,,,-0.140555,0.0195312476716936,
,,,-0.140523,0,
,,,-0.140491,0,
,,,-0.140459,-0.0214843724388629,
,,,-0.140427,0.0195312476716936,
,,,-0.140395,-0.0214843724388629,
,,,-0.140363,0,
,,,-0.140331,0.0390624953433871,
,,,-0.140299,0.0195312476716936,
,,,-0.140267,0,
,,,-0.140235,0.0195312476716936,
,,,-0.140203,0.0195312476716936,
,,,-0.140171,0,
,,,-0.140139,0.0195312476716936,
,,,-0.140107,0,
,,,-0.140075,0.0195312476716936,
,,,-0.140043,0.0585937430150807,
,,,-0.140011,0.0195312476716936,
,,,-0.139979,0.0195312476716936,
,,,-0.139947,0.0195312476716936,
,,,-0.139915,0,
,,,-0.139883,0,
,,,-0.139851,0.0195312476716936,
,,,-0.139819,0.0195312476716936,
,,,-0.139787,0.0195312476716936,
,,,-0.139755,0.0195312476716936,
,,,-0.139723,0.0195312476716936,
,,,-0.139691,0.0585937430150807,
,,,-0.139659,0,
,,,-0.139627,0,
,,,-0.139595,0.0195312476716936,
,,,-0.139563,0,
,,,-0.139531,0,
,,,-0.139499,0,
,,,-0.139467,0,
,,,-0.139435,-0.0214843724388629,
,,,-0.139403,0.0195312476716936,
,,,-0.139371,0.0195312476716936,
,,,-0.139339,0,
,,,-0.139307,0,
,,,-0.139275,0.0195312476716936,
,,,-0.139243,0.0195312476716936,
,,,-0.139211,0.0195312476716936,
,,,-0.139179,0.0195312476716936,
,,,-0.139147,0.0195312476716936,
,,,-0.139115,0,
,,,-0.139083,0,
,,,-0.139051,0,
,,,-0.139019,0.0390624953433871,
,,,-0.138987,0,
,,,-0.138955,0,
,,,-0.138923,0.0195312476716936,
,,,-0.138891,0,
,,,-0.138859,0.0195312476716936,
,,,-0.138827,0,
,,,-0.138795,0,
,,,-0.138763,0,
,,,-0.138731,0,
,,,-0.138699,0,
,,,-0.138667,-0.0214843724388629,
,,,-0.138635,0,
,,,-0.138603,0,
,,,-0.138571,0,
,,,-0.138539,0,
,,,-0.138507,0.0195312476716936,
,,,-0.138475,0.0195312476716936,
,,,-0.138443,0,
,,,-0.138411,-0.0214843724388629,
,,,-0.138379,0,
,,,-0.138347,0,
,,,-0.138315,0.0195312476716936,
,,,-0.138283,0.0390624953433871,
,,,-0.138251,0.0195312476716936,
,,,-0.138219,0,
,,,-0.138187,0.0195312476716936,
,,,-0.138155,0,
,,,-0.138123,0,
,,,-0.138091,0.0195312476716936,
,,,-0.138059,0,
,,,-0.138027,0,
,,,-0.137995,0,
,,,-0.137963,-0.0214843724388629,
,,,-0.137931,0.0195312476716936,
,,,-0.137899,0.0195312476716936,
,,,-0.137867,0,
,,,-0.137835,-0.0214843724388629,
,,,-0.137803,0,
,,,-0.137771,0.0195312476716936,
,,,-0.137739,-0.0214843724388629,
,,,-0.137707,-0.0410156201105565,
,,,-0.137675,0.0195312476716936,
,,,-0.137643,0,
,,,-0.137611,0,
,,,-0.137579,0,
,,,-0.137547,-0.0410156201105565,
,,,-0.137515,-0.0214843724388629,
,,,-0.137483,0.0195312476716936,
,,,-0.137451,0,
,,,-0.137419,0.0195312476716936,
,,,-0.137387,0,
,,,-0.137355,0,
,,,-0.137323,0,
,,,-0.137291,0.0195312476716936,
,,,-0.137259,0.0195312476716936,
,,,-0.137227,0,
,,,-0.137195,0.0195312476716936,
,,,-0.137163,-0.0214843724388629,
,,,-0.137131,0.0390624953433871,
,,,-0.137099,0,
,,,-0.137067,0,
,,,-0.137035,-0.0214843724388629,
,,,-0.137003,0,
,,,-0.136971,0,
,,,-0.136939,0.0195312476716936,
,,,-0.136907,0.0195312476716936,
,,,-0.136875,0,
,,,-0.136843,0,
,,,-0.136811,0.0195312476716936,
,,,-0.136779,0,
,,,-0.136747,0,
,,,-0.136715,0.0195312476716936,
,,,-0.136683,0.0195312476716936,
,,,-0.136651,0,
,,,-0.136619,0.0195312476716936,
,,,-0.136587,0.0195312476716936,
,,,-0.136555,0.0195312476716936,
,,,-0.136523,-0.0214843724388629,
,,,-0.136491,0,
,,,-0.136459,-0.0214843724388629,
,,,-0.136427,0.0195312476716936,
,,,-0.136395,0,
,,,-0.136363,0.0195312476716936,
,,,-0.136331,0.0195312476716936,
,,,-0.136299,0.0195312476716936,
,,,-0.136267,0,
,,,-0.136235,0.0195312476716936,
,,,-0.136203,0,
,,,-0.136171,0.0195312476716936,
,,,-0.136139,0.0195312476716936,
,,,-0.136107,-0.0214843724388629,
,,,-0.136075,0.0195312476716936,
,,,-0.136043,0.0195312476716936,
,,,-0.136011,0,
,,,-0.135979,0,
,,,-0.135947,0,
,,,-0.135915,0,
,,,-0.135883,0,
,,,-0.135851,0,
,,,-0.135819,0.0195312476716936,
,,,-0.135787,0.0195312476716936,
,,,-0.135755,0,
,,,-0.135723,0,
,,,-0.135691,0.0195312476716936,
,,,-0.135659,0.0195312476716936,
,,,-0.135627,0.0195312476716936,
,,,-0.135595,0,
,,,-0.135563,0.0195312476716936,
,,,-0.135531,-0.0214843724388629,
,,,-0.135499,0.0195312476716936,
,,,-0.135467,0.0195312476716936,
,,,-0.135435,0.0195312476716936,
,,,-0.135403,0,
,,,-0.135371,0.0390624953433871,
,,,-0.135339,0.0195312476716936,
,,,-0.135307,0,
,,,-0.135275,0.0195312476716936,
,,,-0.135243,0.0195312476716936,
,,,-0.135211,0,
,,,-0.135179,0.0195312476716936,
,,,-0.135147,0,
,,,-0.135115,0.0195312476716936,
,,,-0.135083,0,
,,,-0.135051,0,
,,,-0.135019,0.0195312476716936,
,,,-0.134987,0.0195312476716936,
,,,-0.134955,0,
,,,-0.134923,0,
,,,-0.134891,0,
,,,-0.134859,0.0195312476716936,
,,,-0.134827,0,
,,,-0.134795,0,
,,,-0.134763,0,
,,,-0.134731,0,
,,,-0.134699,0,
,,,-0.134667,0,
,,,-0.134635,0.0195312476716936,
,,,-0.134603,0.0195312476716936,
,,,-0.134571,0.0195312476716936,
,,,-0.134539,0,
,,,-0.134507,0,
,,,-0.134475,0.0195312476716936,
,,,-0.134443,0.0195312476716936,
,,,-0.134411,0.0195312476716936,
,,,-0.134379,0,
,,,-0.134347,0,
,,,-0.134315,0,
,,,-0.134283,0,
,,,-0.134251,0.0195312476716936,
,,,-0.134219,0.0195312476716936,
,,,-0.134187,-0.0214843724388629,
,,,-0.134155,0,
,,,-0.134123,-0.0410156201105565,
,,,-0.134091,0.0195312476716936,
,,,-0.134059,0,
,,,-0.134027,0.0195312476716936,
,,,-0.133995,0,
,,,-0.133963,0.0195312476716936,
,,,-0.133931,0,
,,,-0.133899,0.0195312476716936,
,,,-0.133867,0.0195312476716936,
,,,-0.133835,0,
,,,-0.133803,0.0195312476716936,
,,,-0.133771,0.0195312476716936,
,,,-0.133739,0.0195312476716936,
,,,-0.133707,0.0195312476716936,
,,,-0.133675,0,
,,,-0.133643,0.0390624953433871,
,,,-0.133611,-0.0214843724388629,
,,,-0.133579,0,
,,,-0.133547,0.0195312476716936,
,,,-0.133515,0.0195312476716936,
,,,-0.133483,0,
,,,-0.133451,0.0195312476716936,
,,,-0.133419,0,
,,,-0.133387,0,
,,,-0.133355,-0.0214843724388629,
,,,-0.133323,0,
,,,-0.133291,0,
,,,-0.133259,0.0195312476716936,
,,,-0.133227,0.0195312476716936,
,,,-0.133195,0.0195312476716936,
,,,-0.133163,0,
,,,-0.133131,0.0390624953433871,
,,,-0.133099,0,
,,,-0.133067,0.0195312476716936,
,,,-0.133035,0.0195312476716936,
,,,-0.133003,0.0195312476716936,
,,,-0.132971,-0.0214843724388629,
,,,-0.132939,0.0195312476716936,
,,,-0.132907,0.0195312476716936,
,,,-0.132875,0,
,,,-0.132843,0,
,,,-0.132811,0.0195312476716936,
,,,-0.132779,0.0195312476716936,
,,,-0.132747,-0.0214843724388629,
,,,-0.132715,0.0195312476716936,
,,,-0.132683,0,
,,,-0.132651,0.0195312476716936,
,,,-0.132619,0.0390624953433871,
,,,-0.132587,0,
,,,-0.132555,0.0195312476716936,
,,,-0.132523,0,
,,,-0.132491,0,
,,,-0.132459,0.0195312476716936,
,,,-0.132427,0.0195312476716936,
,,,-0.132395,-0.0214843724388629,
,,,-0.132363,0,
,,,-0.132331,0,
,,,-0.132299,0,
,,,-0.132267,0.0195312476716936,
,,,-0.132235,0,
,,,-0.132203,0.0195312476716936,
,,,-0.132171,0.0195312476716936,
,,,-0.132139,0.0195312476716936,
,,,-0.132107,0.0195312476716936,
,,,-0.132075,0.0390624953433871,
,,,-0.132043,0,
,,,-0.132011,0,
,,,-0.131979,0.0195312476716936,
,,,-0.131947,0.0195312476716936,
,,,-0.131915,0.0195312476716936,
,,,-0.131883,0.0585937430150807,
,,,-0.131851,0.0195312476716936,
,,,-0.131819,0,
,,,-0.131787,-0.0214843724388629,
,,,-0.131755,0.0195312476716936,
,,,-0.131723,0.0390624953433871,
,,,-0.131691,0.0195312476716936,
,,,-0.131659,0,
,,,-0.131627,0.0195312476716936,
,,,-0.131595,0.0195312476716936,
,,,-0.131563,0.0195312476716936,
,,,-0.131531,0.0195312476716936,
,,,-0.131499,0.0195312476716936,
,,,-0.131467,-0.0214843724388629,
,,,-0.131435,0.0195312476716936,
,,,-0.131403,0.0195312476716936,
,,,-0.131371,0,
,,,-0.131339,0.0195312476716936,
,,,-0.131307,0,
,,,-0.131275,0,
,,,-0.131243,0,
,,,-0.131211,0,
,,,-0.131179,0.0195312476716936,
,,,-0.131147,0.0195312476716936,
,,,-0.131115,0,
,,,-0.131083,0,
,,,-0.131051,0,
,,,-0.131019,0,
,,,-0.130987,0.0195312476716936,
,,,-0.130955,-0.0800781154539436,
,,,-0.130923,0.0195312476716936,
,,,-0.130891,0.0195312476716936,
,,,-0.130859,0.0195312476716936,
,,,-0.130827,0.0390624953433871,
,,,-0.130795,0.0195312476716936,
,,,-0.130763,0.0195312476716936,
,,,-0.130731,0.0390624953433871,
,,,-0.130699,0,
,,,-0.130667,0.0195312476716936,
,,,-0.130635,0.0195312476716936,
,,,-0.130603,0,
,,,-0.130571,0,
,,,-0.130539,0,
,,,-0.130507,0.0195312476716936,
,,,-0.130475,0.0390624953433871,
,,,-0.130443,0.0195312476716936,
,,,-0.130411,0.0195312476716936,
,,,-0.130379,0,
,,,-0.130347,0.0195312476716936,
,,,-0.130315,0.0195312476716936,
,,,-0.130283,-0.0214843724388629,
,,,-0.130251,0.0195312476716936,
,,,-0.130219,0.0195312476716936,
,,,-0.130187,0,
,,,-0.130155,0,
,,,-0.130123,0.0195312476716936,
,,,-0.130091,0.0195312476716936,
,,,-0.130059,-0.0214843724388629,
,,,-0.130027,0.0195312476716936,
,,,-0.129995,0.0195312476716936,
,,,-0.129963,0.0195312476716936,
,,,-0.129931,0.0195312476716936,
,,,-0.129899,0.0195312476716936,
,,,-0.129867,0,
,,,-0.129835,0.0195312476716936,
,,,-0.129803,0,
,,,-0.129771,0.0195312476716936,
,,,-0.129739,0.0195312476716936,
,,,-0.129707,-0.0214843724388629,
,,,-0.129675,0.0195312476716936,
,,,-0.129643,0.0195312476716936,
,,,-0.129611,0.0195312476716936,
,,,-0.129579,0.0195312476716936,
,,,-0.129547,0,
,,,-0.129515,0,
,,,-0.129483,0,
,,,-0.129451,0.0195312476716936,
,,,-0.129419,0,
,,,-0.129387,0,
,,,-0.129355,-0.0214843724388629,
,,,-0.129323,0.0195312476716936,
,,,-0.129291,0,
,,,-0.129259,0.0195312476716936,
,,,-0.129227,0,
,,,-0.129195,0.0195312476716936,
,,,-0.129163,0.0195312476716936,
,,,-0.129131,0.0195312476716936,
,,,-0.129099,0,
,,,-0.129067,0,
,,,-0.129035,0.0390624953433871,
,,,-0.129003,0,
,,,-0.128971,0.0195312476716936,
,,,-0.128939,-0.0214843724388629,
,,,-0.128907,-0.0214843724388629,
,,,-0.128875,0.0195312476716936,
,,,-0.128843,0,
,,,-0.128811,0.0195312476716936,
,,,-0.128779,0,
,,,-0.128747,0,
,,,-0.128715,0.0195312476716936,
,,,-0.128683,0,
,,,-0.128651,0.0195312476716936,
,,,-0.128619,0.0195312476716936,
,,,-0.128587,0.0195312476716936,
,,,-0.128555,-0.0214843724388629,
,,,-0.128523,0,
,,,-0.128491,0,
,,,-0.128459,0.0195312476716936,
,,,-0.128427,0.0195312476716936,
,,,-0.128395,-0.0214843724388629,
,,,-0.128363,0.0390624953433871,
,,,-0.128331,0,
,,,-0.128299,0.0195312476716936,
,,,-0.128267,0,
,,,-0.128235,0,
,,,-0.128203,-0.0214843724388629,
,,,-0.128171,0,
,,,-0.128139,0.0195312476716936,
,,,-0.128107,0,
,,,-0.128075,0.0195312476716936,
,,,-0.128043,0,
,,,-0.128011,0,
,,,-0.127979,0,
,,,-0.127947,0.0195312476716936,
,,,-0.127915,0,
,,,-0.127883,0,
,,,-0.127851,0.0195312476716936,
,,,-0.127819,0,
,,,-0.127787,0,
,,,-0.127755,0,
,,,-0.127723,0.0195312476716936,
,,,-0.127691,-0.0214843724388629,
,,,-0.127659,0,
,,,-0.127627,0.0195312476716936,
,,,-0.127595,0.0195312476716936,
,,,-0.127563,0,
,,,-0.127531,0,
,,,-0.127499,0,
,,,-0.127467,0.0195312476716936,
,,,-0.127435,0.0195312476716936,
,,,-0.127403,0.0195312476716936,
,,,-0.127371,0.0195312476716936,
,,,-0.127339,0,
,,,-0.127307,0,
,,,-0.127275,0.0195312476716936,
,,,-0.127243,0.0195312476716936,
,,,-0.127211,0,
,,,-0.127179,0,
,,,-0.127147,0,
,,,-0.127115,0,
,,,-0.127083,-0.0214843724388629,
,,,-0.127051,-0.0214843724388629,
,,,-0.127019,0.0195312476716936,
,,,-0.126987,0.0195312476716936,
,,,-0.126955,0,
,,,-0.126923,0,
,,,-0.126891,0.0195312476716936,
,,,-0.126859,0,
,,,-0.126827,0,
,,,-0.126795,0,
,,,-0.126763,-0.0214843724388629,
,,,-0.126731,0,
,,,-0.126699,0,
,,,-0.126667,0,
,,,-0.126635,0.0195312476716936,
,,,-0.126603,0.0195312476716936,
,,,-0.126571,0,
,,,-0.126539,0.0195312476716936,
,,,-0.126507,0,
,,,-0.126475,0,
,,,-0.126443,0,
,,,-0.126411,0,
,,,-0.126379,0.0390624953433871,
,,,-0.126347,0.0195312476716936,
,,,-0.126315,0,
,,,-0.126283,0,
,,,-0.126251,0,
,,,-0.126219,0,
,,,-0.126187,0,
,,,-0.126155,0.0195312476716936,
,,,-0.126123,0,
,,,-0.126091,0.0195312476716936,
,,,-0.126059,0.0195312476716936,
,,,-0.126027,0,
,,,-0.125995,0.0195312476716936,
,,,-0.125963,0,
,,,-0.125931,0,
,,,-0.125899,0,
,,,-0.125867,0,
,,,-0.125835,0.0195312476716936,
,,,-0.125803,0,
,,,-0.125771,0.0195312476716936,
,,,-0.125739,0,
,,,-0.125707,0.0195312476716936,
,,,-0.125675,0.0195312476716936,
,,,-0.125643,0.0195312476716936,
,,,-0.125611,0.0390624953433871,
,,,-0.125579,0.0195312476716936,
,,,-0.125547,0,
,,,-0.125515,0.0195312476716936,
,,,-0.125483,0,
,,,-0.125451,0.0195312476716936,
,,,-0.125419,0.0195312476716936,
,,,-0.125387,0,
,,,-0.125355,-0.0214843724388629,
,,,-0.125323,0.0195312476716936,
,,,-0.125291,0.0195312476716936,
,,,-0.125259,0.0195312476716936,
,,,-0.125227,0,
,,,-0.125195,0,
,,,-0.125163,0,
,,,-0.125131,0.0195312476716936,
,,,-0.125099,0,
,,,-0.125067,0.0195312476716936,
,,,-0.125035,0,
,,,-0.125003,0.0195312476716936,
,,,-0.124971,0.0195312476716936,
,,,-0.124939,0,
,,,-0.124907,0.0195312476716936,
,,,-0.124875,0,
,,,-0.124843,0.0195312476716936,
,,,-0.124811,0.0195312476716936,
,,,-0.124779,0.0195312476716936,
,,,-0.124747,0.0195312476716936,
,,,-0.124715,0.0195312476716936,
,,,-0.124683,0,
,,,-0.124651,0.0195312476716936,
,,,-0.124619,0,
,,,-0.124587,0.0195312476716936,
,,,-0.124555,0,
,,,-0.124523,0,
,,,-0.124491,0,
,,,-0.124459,0.0195312476716936,
,,,-0.124427,0.0195312476716936,
,,,-0.124395,0.0195312476716936,
,,,-0.124363,0.0195312476716936,
,,,-0.124331,0,
,,,-0.124299,0.0195312476716936,
,,,-0.124267,0.0195312476716936,
,,,-0.124235,0.0195312476716936,
,,,-0.124203,0,
,,,-0.124171,0.0195312476716936,
,,,-0.124139,0,
,,,-0.124107,0.0195312476716936,
,,,-0.124075,0.0195312476716936,
,,,-0.124043,0,
,,,-0.124011,0,
,,,-0.123979,0.0195312476716936,
,,,-0.123947,0,
,,,-0.123915,-0.0800781154539436,
,,,-0.123883,-0.0214843724388629,
,,,-0.123851,0,
,,,-0.123819,0.0195312476716936,
,,,-0.123787,0,
,,,-0.123755,0.0195312476716936,
,,,-0.123723,0.0195312476716936,
,,,-0.123691,0,
,,,-0.123659,-0.0214843724388629,
,,,-0.123627,0.0195312476716936,
,,,-0.123595,0.0195312476716936,
,,,-0.123563,0.0195312476716936,
,,,-0.123531,0.0195312476716936,
,,,-0.123499,0.0195312476716936,
,,,-0.123467,0.0195312476716936,
,,,-0.123435,0,
,,,-0.123403,0,
,,,-0.123371,0.0195312476716936,
,,,-0.123339,0,
,,,-0.123307,0.0195312476716936,
,,,-0.123275,0.0195312476716936,
,,,-0.123243,-0.0214843724388629,
,,,-0.123211,-0.0214843724388629,
,,,-0.123179,0.0195312476716936,
,,,-0.123147,0.0195312476716936,
,,,-0.123115,0.0195312476716936,
,,,-0.123083,0.0195312476716936,
,,,-0.123051,0,
,,,-0.123019,0.0195312476716936,
,,,-0.122987,0.0195312476716936,
,,,-0.122955,0,
,,,-0.122923,0,
,,,-0.122891,0.0390624953433871,
,,,-0.122859,0.0195312476716936,
,,,-0.122827,0,
,,,-0.122795,0.0195312476716936,
,,,-0.122763,0,
,,,-0.122731,0,
,,,-0.122699,0,
,,,-0.122667,0,
,,,-0.122635,0,
,,,-0.122603,0,
,,,-0.122571,0,
,,,-0.122539,0.0195312476716936,
,,,-0.122507,0,
,,,-0.122475,0,
,,,-0.122443,0,
,,,-0.122411,0,
,,,-0.122379,0,
,,,-0.122347,0.0195312476716936,
,,,-0.122315,0,
,,,-0.122283,0,
,,,-0.122251,0.0195312476716936,
,,,-0.122219,-0.0214843724388629,
,,,-0.122187,0,
,,,-0.122155,0.0195312476716936,
,,,-0.122123,0,
,,,-0.122091,0,
,,,-0.122059,0.0195312476716936,
,,,-0.122027,0,
,,,-0.121995,0,
,,,-0.121963,0,
,,,-0.121931,0,
,,,-0.121899,0.0195312476716936,
,,,-0.121867,0,
,,,-0.121835,0,
,,,-0.121803,0.0195312476716936,
,,,-0.121771,0,
,,,-0.121739,0.0390624953433871,
,,,-0.121707,0.0390624953433871,
,,,-0.121675,0,
,,,-0.121643,-0.0214843724388629,
,,,-0.121611,0,
,,,-0.121579,0.0195312476716936,
,,,-0.121547,0.0195312476716936,
,,,-0.121515,0,
,,,-0.121483,0,
,,,-0.121451,0,
,,,-0.121419,0,
,,,-0.121387,-0.0214843724388629,
,,,-0.121355,0.0195312476716936,
,,,-0.121323,0,
,,,-0.121291,0,
,,,-0.121259,0.0195312476716936,
,,,-0.121227,0,
,,,-0.121195,0,
,,,-0.121163,0,
,,,-0.121131,0.0195312476716936,
,,,-0.121099,0,
,,,-0.121067,0,
,,,-0.121035,0,
,,,-0.121003,0.0390624953433871,
,,,-0.120971,0,
,,,-0.120939,0,
,,,-0.120907,0.0195312476716936,
,,,-0.120875,0,
,,,-0.120843,0.0195312476716936,
,,,-0.120811,0.0195312476716936,
,,,-0.120779,0,
,,,-0.120747,0.0195312476716936,
,,,-0.120715,-0.0214843724388629,
,,,-0.120683,0,
,,,-0.120651,0.0195312476716936,
,,,-0.120619,0,
,,,-0.120587,0.0195312476716936,
,,,-0.120555,0.0195312476716936,
,,,-0.120523,0.0195312476716936,
,,,-0.120491,0.0195312476716936,
,,,-0.120459,0.0195312476716936,
,,,-0.120427,0.0195312476716936,
,,,-0.120395,0.0195312476716936,
,,,-0.120363,0.0195312476716936,
,,,-0.120331,0.0195312476716936,
,,,-0.120299,0,
,,,-0.120267,0.0195312476716936,
,,,-0.120235,0.0195312476716936,
,,,-0.120203,0,
,,,-0.120171,0.0195312476716936,
,,,-0.120139,0,
,,,-0.120107,0.0195312476716936,
,,,-0.120075,0.0195312476716936,
,,,-0.120043,0.0195312476716936,
,,,-0.120011,0,
,,,-0.119979,0,
,,,-0.119947,-0.0214843724388629,
,,,-0.119915,0.0195312476716936,
,,,-0.119883,0.0195312476716936,
,,,-0.119851,-0.0214843724388629,
,,,-0.119819,0,
,,,-0.119787,0.0390624953433871,
,,,-0.119755,0.0195312476716936,
,,,-0.119723,0,
,,,-0.119691,0,
,,,-0.119659,0,
,,,-0.119627,0,
,,,-0.119595,0,
,,,-0.119563,0,
,,,-0.119531,0.0195312476716936,
,,,-0.119499,0,
,,,-0.119467,0,
,,,-0.119435,0.0195312476716936,
,,,-0.119403,0,
,,,-0.119371,0.0195312476716936,
,,,-0.119339,0,
,,,-0.119307,0,
,,,-0.119275,0,
,,,-0.119243,0.0195312476716936,
,,,-0.119211,0,
,,,-0.119179,0.0390624953433871,
,,,-0.119147,0,
,,,-0.119115,0.0195312476716936,
,,,-0.119083,0.0195312476716936,
,,,-0.119051,0.0195312476716936,
,,,-0.119019,0.0195312476716936,
,,,-0.118987,0.0195312476716936,
,,,-0.118955,0.0195312476716936,
,,,-0.118923,0,
,,,-0.118891,0,
,,,-0.118859,0.0195312476716936,
,,,-0.118827,0,
,,,-0.118795,0.0195312476716936,
,,,-0.118763,0.0195312476716936,
,,,-0.118731,0.0195312476716936,
,,,-0.118699,0,
,,,-0.118667,0.0195312476716936,
,,,-0.118635,0.0195312476716936,
,,,-0.118603,0.0195312476716936,
,,,-0.118571,-0.0214843724388629,
,,,-0.118539,0.0195312476716936,
,,,-0.118507,0.0195312476716936,
,,,-0.118475,-0.0214843724388629,
,,,-0.118443,0.0195312476716936,
,,,-0.118411,0,
,,,-0.118379,0,
,,,-0.118347,0.0195312476716936,
,,,-0.118315,0.0195312476716936,
,,,-0.118283,0.0195312476716936,
,,,-0.118251,0,
,,,-0.118219,0.0195312476716936,
,,,-0.118187,0,
,,,-0.118155,0.0195312476716936,
,,,-0.118123,0.0195312476716936,
,,,-0.118091,0,
,,,-0.118059,0.0195312476716936,
,,,-0.118027,0.0195312476716936,
,,,-0.117995,0.0195312476716936,
,,,-0.117963,0,
,,,-0.117931,0,
,,,-0.117899,0,
,,,-0.117867,0.0195312476716936,
,,,-0.117835,0,
,,,-0.117803,0,
,,,-0.117771,0,
,,,-0.117739,0,
,,,-0.117707,0,
,,,-0.117675,0.0195312476716936,
,,,-0.117643,0.0195312476716936,
,,,-0.117611,0,
,,,-0.117579,0,
,,,-0.117547,0.0195312476716936,
,,,-0.117515,0.0195312476716936,
,,,-0.117483,0.0390624953433871,
,,,-0.117451,0.0195312476716936,
,,,-0.117419,-0.0214843724388629,
,,,-0.117387,0.0195312476716936,
,,,-0.117355,0,
,,,-0.117323,0,
,,,-0.117291,0.0195312476716936,
,,,-0.117259,0,
,,,-0.117227,0.0195312476716936,
,,,-0.117195,0,
,,,-0.117163,0,
,,,-0.117131,-0.0214843724388629,
,,,-0.117099,0,
,,,-0.117067,0.0195312476716936,
,,,-0.117035,0.0195312476716936,
,,,-0.117003,0,
,,,-0.116971,0.0390624953433871,
,,,-0.116939,0.0195312476716936,
,,,-0.116907,0.0195312476716936,
,,,-0.116875,0.0195312476716936,
,,,-0.116843,0.0195312476716936,
,,,-0.116811,0.0195312476716936,
,,,-0.116779,0.0195312476716936,
,,,-0.116747,0.0195312476716936,
,,,-0.116715,0,
,,,-0.116683,0.0195312476716936,
,,,-0.116651,0,
,,,-0.116619,0.0195312476716936,
,,,-0.116587,0.0195312476716936,
,,,-0.116555,0.0195312476716936,
,,,-0.116523,0,
,,,-0.116491,-0.0214843724388629,
,,,-0.116459,0.0195312476716936,
,,,-0.116427,0.0195312476716936,
,,,-0.116395,0,
,,,-0.116363,0.0195312476716936,
,,,-0.116331,0,
,,,-0.116299,0.0195312476716936,
,,,-0.116267,0.0390624953433871,
,,,-0.116235,0,
,,,-0.116203,0,
,,,-0.116171,0,
,,,-0.116139,0.0195312476716936,
,,,-0.116107,0.0195312476716936,
,,,-0.116075,0,
,,,-0.116043,0.0195312476716936,
,,,-0.116011,0.0195312476716936,
,,,-0.115979,0,
,,,-0.115947,0,
,,,-0.115915,0,
,,,-0.115883,0.0390624953433871,
,,,-0.115851,0.0195312476716936,
,,,-0.115819,0,
,,,-0.115787,0,
,,,-0.115755,0.0195312476716936,
,,,-0.115723,0.0195312476716936,
,,,-0.115691,0.0195312476716936,
,,,-0.115659,0.0195312476716936,
,,,-0.115627,0.0195312476716936,
,,,-0.115595,0,
,,,-0.115563,0.0195312476716936,
,,,-0.115531,-0.0214843724388629,
,,,-0.115499,0,
,,,-0.115467,0,
,,,-0.115435,0.0195312476716936,
,,,-0.115403,0.0195312476716936,
,,,-0.115371,0.0195312476716936,
,,,-0.115339,0,
,,,-0.115307,0.0195312476716936,
,,,-0.115275,0.0195312476716936,
,,,-0.115243,0.0195312476716936,
,,,-0.115211,-0.0214843724388629,
,,,-0.115179,0,
,,,-0.115147,0.0195312476716936,
,,,-0.115115,0.0195312476716936,
,,,-0.115083,0,
,,,-0.115051,0.0195312476716936,
,,,-0.115019,0.0195312476716936,
,,,-0.114987,0.0195312476716936,
,,,-0.114955,0,
,,,-0.114923,0,
,,,-0.114891,0.0195312476716936,
,,,-0.114859,0.0195312476716936,
,,,-0.114827,0,
,,,-0.114795,0.0195312476716936,
,,,-0.114763,0.0195312476716936,
,,,-0.114731,0,
,,,-0.114699,0.0195312476716936,
,,,-0.114667,0,
,,,-0.114635,0.0195312476716936,
,,,-0.114603,0,
,,,-0.114571,0,
,,,-0.114539,0,
,,,-0.114507,0.0195312476716936,
,,,-0.114475,0,
,,,-0.114443,0.0195312476716936,
,,,-0.114411,0,
,,,-0.114379,0.0195312476716936,
,,,-0.114347,0.0195312476716936,
,,,-0.114315,0.0195312476716936,
,,,-0.114283,0,
,,,-0.114251,0.0195312476716936,
,,,-0.114219,0,
,,,-0.114187,0.0195312476716936,
,,,-0.114155,0.0195312476716936,
,,,-0.114123,-0.0214843724388629,
,,,-0.114091,0,
,,,-0.114059,0.0195312476716936,
,,,-0.114027,0.0195312476716936,
,,,-0.113995,0.0195312476716936,
,,,-0.113963,0.0195312476716936,
,,,-0.113931,0.0195312476716936,
,,,-0.113899,0.0195312476716936,
,,,-0.113867,0.0390624953433871,
,,,-0.113835,0,
,,,-0.113803,0,
,,,-0.113771,0.0390624953433871,
,,,-0.113739,0.0390624953433871,
,,,-0.113707,0.0195312476716936,
,,,-0.113675,-0.0214843724388629,
,,,-0.113643,0,
,,,-0.113611,0.0390624953433871,
,,,-0.113579,0.0195312476716936,
,,,-0.113547,0.0390624953433871,
,,,-0.113515,0,
,,,-0.113483,0.0195312476716936,
,,,-0.113451,0,
,,,-0.113419,0.0195312476716936,
,,,-0.113387,0.0195312476716936,
,,,-0.113355,0.0390624953433871,
,,,-0.113323,0.0195312476716936,
,,,-0.113291,0.0195312476716936,
,,,-0.113259,0.0390624953433871,
,,,-0.113227,0.0195312476716936,
,,,-0.113195,0.0195312476716936,
,,,-0.113163,0.0195312476716936,
,,,-0.113131,-0.0214843724388629,
,,,-0.113099,0,
,,,-0.113067,0,
,,,-0.113035,0,
,,,-0.113003,0.0195312476716936,
,,,-0.112971,0.0195312476716936,
,,,-0.112939,0.0195312476716936,
,,,-0.112907,0.0195312476716936,
,,,-0.112875,0.0195312476716936,
,,,-0.112843,-0.0410156201105565,
,,,-0.112811,0,
,,,-0.112779,0.0195312476716936,
,,,-0.112747,0.0195312476716936,
,,,-0.112715,0.0390624953433871,
,,,-0.112683,0.0195312476716936,
,,,-0.112651,0,
,,,-0.112619,-0.0214843724388629,
,,,-0.112587,-0.0214843724388629,
,,,-0.112555,0.0195312476716936,
,,,-0.112523,0,
,,,-0.112491,0.0195312476716936,
,,,-0.112459,0,
,,,-0.112427,0.0195312476716936,
,,,-0.112395,0.0195312476716936,
,,,-0.112363,0.0390624953433871,
,,,-0.112331,0,
,,,-0.112299,0.0195312476716936,
,,,-0.112267,0.0195312476716936,
,,,-0.112235,0,
,,,-0.112203,0,
,,,-0.112171,0,
,,,-0.112139,0,
,,,-0.112107,0.0195312476716936,
,,,-0.112075,0.0195312476716936,
,,,-0.112043,0,
,,,-0.112011,0.0195312476716936,
,,,-0.111979,0.0390624953433871,
,,,-0.111947,0.0195312476716936,
,,,-0.111915,0.0195312476716936,
,,,-0.111883,-0.0214843724388629,
,,,-0.111851,0,
,,,-0.111819,0,
,,,-0.111787,0,
,,,-0.111755,0,
,,,-0.111723,-0.0214843724388629,
,,,-0.111691,0,
,,,-0.111659,0,
,,,-0.111627,-0.0214843724388629,
,,,-0.111595,-0.0410156201105565,
,,,-0.111563,0,
,,,-0.111531,0,
,,,-0.111499,0.0195312476716936,
,,,-0.111467,-0.0214843724388629,
,,,-0.111435,-0.0214843724388629,
,,,-0.111403,0,
,,,-0.111371,0.0195312476716936,
,,,-0.111339,0.0195312476716936,
,,,-0.111307,0.0195312476716936,
,,,-0.111275,0.0195312476716936,
,,,-0.111243,0,
,,,-0.111211,0.0195312476716936,
,,,-0.111179,0,
,,,-0.111147,0,
,,,-0.111115,0.0195312476716936,
,,,-0.111083,0.0195312476716936,
,,,-0.111051,0.0195312476716936,
,,,-0.111019,0.0195312476716936,
,,,-0.110987,0,
,,,-0.110955,0.0195312476716936,
,,,-0.110923,-0.0214843724388629,
,,,-0.110891,0,
,,,-0.110859,0,
,,,-0.110827,0,
,,,-0.110795,0.0195312476716936,
,,,-0.110763,0,
,,,-0.110731,0.0195312476716936,
,,,-0.110699,0,
,,,-0.110667,0.0195312476716936,
,,,-0.110635,0,
,,,-0.110603,-0.0214843724388629,
,,,-0.110571,0.0195312476716936,
,,,-0.110539,0,
,,,-0.110507,0,
,,,-0.110475,0,
,,,-0.110443,0,
,,,-0.110411,0,
,,,-0.110379,0,
,,,-0.110347,0,
,,,-0.110315,0,
,,,-0.110283,0.0195312476716936,
,,,-0.110251,0.0195312476716936,
,,,-0.110219,0.0195312476716936,
,,,-0.110187,0.0195312476716936,
,,,-0.110155,0,
,,,-0.110123,-0.0214843724388629,
,,,-0.110091,0,
,,,-0.110059,0,
,,,-0.110027,0,
,,,-0.109995,-0.0214843724388629,
,,,-0.109963,0.0195312476716936,
,,,-0.109931,0,
,,,-0.109899,0,
,,,-0.109867,0,
,,,-0.109835,0,
,,,-0.109803,0,
,,,-0.109771,0,
,,,-0.109739,0.0195312476716936,
,,,-0.109707,0.0195312476716936,
,,,-0.109675,0,
,,,-0.109643,0.0195312476716936,
,,,-0.109611,0,
,,,-0.109579,0,
,,,-0.109547,0,
,,,-0.109515,0.0195312476716936,
,,,-0.109483,0,
,,,-0.109451,0,
,,,-0.109419,0.0390624953433871,
,,,-0.109387,-0.0214843724388629,
,,,-0.109355,0.0195312476716936,
,,,-0.109323,0.0195312476716936,
,,,-0.109291,0,
,,,-0.109259,0,
,,,-0.109227,0,
,,,-0.109195,0,
,,,-0.109163,0.0195312476716936,
,,,-0.109131,0,
,,,-0.109099,0.0195312476716936,
,,,-0.109067,0,
,,,-0.109035,0.0195312476716936,
,,,-0.109003,0,
,,,-0.108971,0,
,,,-0.108939,0.0195312476716936,
,,,-0.108907,0,
,,,-0.108875,0,
,,,-0.108843,0,
,,,-0.108811,0.0195312476716936,
,,,-0.108779,-0.0214843724388629,
,,,-0.108747,0.0195312476716936,
,,,-0.108715,0,
,,,-0.108683,0.0195312476716936,
,,,-0.108651,0.0390624953433871,
,,,-0.108619,0.0195312476716936,
,,,-0.108587,0,
,,,-0.108555,0,
,,,-0.108523,0.0390624953433871,
,,,-0.108491,0.0195312476716936,
,,,-0.108459,0,
,,,-0.108427,0,
,,,-0.108395,0.0195312476716936,
,,,-0.108363,0.0390624953433871,
,,,-0.108331,0.0390624953433871,
,,,-0.108299,0,
,,,-0.108267,0.0195312476716936,
,,,-0.108235,0.0195312476716936,
,,,-0.108203,0.0195312476716936,
,,,-0.108171,0.0195312476716936,
,,,-0.108139,0.0195312476716936,
,,,-0.108107,0,
,,,-0.108075,0.0195312476716936,
,,,-0.108043,0.0195312476716936,
,,,-0.108011,0.0195312476716936,
,,,-0.107979,0,
,,,-0.107947,0.0195312476716936,
,,,-0.107915,0,
,,,-0.107883,0.0195312476716936,
,,,-0.107851,0.0195312476716936,
,,,-0.107819,0.0195312476716936,
,,,-0.107787,0,
,,,-0.107755,0,
,,,-0.107723,0.0195312476716936,
,,,-0.107691,0.0195312476716936,
,,,-0.107659,0.0195312476716936,
,,,-0.107627,0,
,,,-0.107595,0.0195312476716936,
,,,-0.107563,0.0195312476716936,
,,,-0.107531,0,
,,,-0.107499,0,
,,,-0.107467,0,
,,,-0.107435,0.0195312476716936,
,,,-0.107403,0.0195312476716936,
,,,-0.107371,0.0195312476716936,
,,,-0.107339,0.0195312476716936,
,,,-0.107307,0.0195312476716936,
,,,-0.107275,0,
,,,-0.107243,0.0195312476716936,
,,,-0.107211,0.0195312476716936,
,,,-0.107179,0.0195312476716936,
,,,-0.107147,0.0195312476716936,
,,,-0.107115,0.0195312476716936,
,,,-0.107083,0.0195312476716936,
,,,-0.107051,0.0195312476716936,
,,,-0.107019,0.0195312476716936,
,,,-0.106987,0.0195312476716936,
,,,-0.106955,0.0195312476716936,
,,,-0.106923,0,
,,,-0.106891,0,
,,,-0.106859,0,
,,,-0.106827,0.0195312476716936,
,,,-0.106795,0.0195312476716936,
,,,-0.106763,0.0195312476716936,
,,,-0.106731,0.0195312476716936,
,,,-0.106699,0.0195312476716936,
,,,-0.106667,0.0195312476716936,
,,,-0.106635,0.0195312476716936,
,,,-0.106603,0.0195312476716936,
,,,-0.106571,0,
,,,-0.106539,0,
,,,-0.106507,0.0195312476716936,
,,,-0.106475,0,
,,,-0.106443,0,
,,,-0.106411,0.0195312476716936,
,,,-0.106379,0,
,,,-0.106347,0.0195312476716936,
,,,-0.106315,0.0195312476716936,
,,,-0.106283,0.0195312476716936,
,,,-0.106251,0.0195312476716936,
,,,-0.106219,0.0390624953433871,
,,,-0.106187,0,
,,,-0.106155,0,
,,,-0.106123,0,
,,,-0.106091,0,
,,,-0.106059,-0.0214843724388629,
,,,-0.106027,0,
,,,-0.105995,0.0195312476716936,
,,,-0.105963,0,
,,,-0.105931,0.0195312476716936,
,,,-0.105899,0,
,,,-0.105867,0,
,,,-0.105835,0,
,,,-0.105803,0.0195312476716936,
,,,-0.105771,0.0195312476716936,
,,,-0.105739,0,
,,,-0.105707,0,
,,,-0.105675,0.0195312476716936,
,,,-0.105643,0,
,,,-0.105611,0,
,,,-0.105579,0,
,,,-0.105547,0,
,,,-0.105515,0,
,,,-0.105483,0.0195312476716936,
,,,-0.105451,0,
,,,-0.105419,0,
,,,-0.105387,0,
,,,-0.105355,-0.0214843724388629,
,,,-0.105323,0,
,,,-0.105291,-0.0214843724388629,
,,,-0.105259,0,
,,,-0.105227,0,
,,,-0.105195,0,
,,,-0.105163,0.0195312476716936,
,,,-0.105131,0,
,,,-0.105099,0,
,,,-0.105067,0,
,,,-0.105035,0,
,,,-0.105003,0,
,,,-0.104971,0,
,,,-0.104939,0,
,,,-0.104907,-0.0214843724388629,
,,,-0.104875,0,
,,,-0.104843,0,
,,,-0.104811,0.0390624953433871,
,,,-0.104779,0,
,,,-0.104747,0,
,,,-0.104715,0,
,,,-0.104683,0.0195312476716936,
,,,-0.104651,0.0195312476716936,
,,,-0.104619,0,
,,,-0.104587,0,
,,,-0.104555,0,
,,,-0.104523,0,
,,,-0.104491,0,
,,,-0.104459,0.0195312476716936,
,,,-0.104427,0.0195312476716936,
,,,-0.104395,0,
,,,-0.104363,0.0195312476716936,
,,,-0.104331,0.0195312476716936,
,,,-0.104299,0,
,,,-0.104267,-0.0214843724388629,
,,,-0.104235,0.0195312476716936,
,,,-0.104203,0.0390624953433871,
,,,-0.104171,0.0195312476716936,
,,,-0.104139,-0.0214843724388629,
,,,-0.104107,0,
,,,-0.104075,0,
,,,-0.104043,0.0195312476716936,
,,,-0.104011,0,
,,,-0.103979,0.0195312476716936,
,,,-0.103947,0.0195312476716936,
,,,-0.103915,0.0195312476716936,
,,,-0.103883,0,
,,,-0.103851,0,
,,,-0.103819,0,
,,,-0.103787,0,
,,,-0.103755,0,
,,,-0.103723,0,
,,,-0.103691,0.0195312476716936,
,,,-0.103659,0.0195312476716936,
,,,-0.103627,-0.0410156201105565,
,,,-0.103595,0.0195312476716936,
,,,-0.103563,0,
,,,-0.103531,0.0195312476716936,
,,,-0.103499,0,
,,,-0.103467,0,
,,,-0.103435,0.0195312476716936,
,,,-0.103403,-0.0214843724388629,
,,,-0.103371,0,
,,,-0.103339,0.0195312476716936,
,,,-0.103307,0.0195312476716936,
,,,-0.103275,0.0195312476716936,
,,,-0.103243,0.0195312476716936,
,,,-0.103211,0.0195312476716936,
,,,-0.103179,0.0390624953433871,
,,,-0.103147,0,
,,,-0.103115,0,
,,,-0.103083,0.0195312476716936,
,,,-0.103051,0.0195312476716936,
,,,-0.103019,0.0195312476716936,
,,,-0.102987,0,
,,,-0.102955,0,
,,,-0.102923,-0.0214843724388629,
,,,-0.102891,0.0195312476716936,
,,,-0.102859,0.0195312476716936,
,,,-0.102827,0.0195312476716936,
,,,-0.102795,0,
,,,-0.102763,0,
,,,-0.102731,0.0195312476716936,
,,,-0.102699,0,
,,,-0.102667,0,
,,,-0.102635,0,
,,,-0.102603,0.0390624953433871,
,,,-0.102571,0.0195312476716936,
,,,-0.102539,0.0195312476716936,
,,,-0.102507,0.0195312476716936,
,,,-0.102475,0,
,,,-0.102443,0,
,,,-0.102411,0,
,,,-0.102379,0.0195312476716936,
,,,-0.102347,0.0195312476716936,
,,,-0.102315,0.0195312476716936,
,,,-0.102283,0,
,,,-0.102251,0.0195312476716936,
,,,-0.102219,0,
,,,-0.102187,0.0195312476716936,
,,,-0.102155,0,
,,,-0.102123,0.0195312476716936,
,,,-0.102091,0,
,,,-0.102059,0,
,,,-0.102027,0,
,,,-0.101995,0,
,,,-0.101963,0.0195312476716936,
,,,-0.101931,0.0195312476716936,
,,,-0.101899,0.0195312476716936,
,,,-0.101867,0.0195312476716936,
,,,-0.101835,0,
,,,-0.101803,0.0195312476716936,
,,,-0.101771,0.0195312476716936,
,,,-0.101739,0,
,,,-0.101707,0,
,,,-0.101675,0,
,,,-0.101643,0.0195312476716936,
,,,-0.101611,0.0195312476716936,
,,,-0.101579,0,
,,,-0.101547,0.0195312476716936,
,,,-0.101515,0.0195312476716936,
,,,-0.101483,0,
,,,-0.101451,0,
,,,-0.101419,0,
,,,-0.101387,0,
,,,-0.101355,0,
,,,-0.101323,0.0195312476716936,
,,,-0.101291,0,
,,,-0.101259,0,
,,,-0.101227,0,
,,,-0.101195,0,
,,,-0.101163,0.0195312476716936,
,,,-0.101131,0.0390624953433871,
,,,-0.101099,0.0195312476716936,
,,,-0.101067,0.0195312476716936,
,,,-0.101035,0.0195312476716936,
,,,-0.101003,0.0195312476716936,
,,,-0.100971,0.0195312476716936,
,,,-0.100939,0.0195312476716936,
,,,-0.100907,0.0195312476716936,
,,,-0.100875,0,
,,,-0.100843,0.0195312476716936,
,,,-0.100811,0.0390624953433871,
,,,-0.100779,0.0195312476716936,
,,,-0.100747,0,
,,,-0.100715,0.0195312476716936,
,,,-0.100683,0.0195312476716936,
,,,-0.100651,0.0195312476716936,
,,,-0.100619,0,
,,,-0.100587,0,
,,,-0.100555,0,
,,,-0.100523,0.0195312476716936,
,,,-0.100491,0,
,,,-0.100459,0,
,,,-0.100427,0.0195312476716936,
,,,-0.100395,0.0195312476716936,
,,,-0.100363,0,
,,,-0.100331,0,
,,,-0.100299,0.0195312476716936,
,,,-0.100267,0,
,,,-0.100235,0,
,,,-0.100203,0.0195312476716936,
,,,-0.100171,0.0195312476716936,
,,,-0.100139,0.0195312476716936,
,,,-0.100107,0.0195312476716936,
,,,-0.100075,0.0195312476716936,
,,,-0.100043,0.0195312476716936,
,,,-0.100011,0,
,,,-0.099979,0,
,,,-0.099947,0.0195312476716936,
,,,-0.099915,0,
,,,-0.0998829999999999,-0.0214843724388629,
,,,-0.099851,0.0195312476716936,
,,,-0.099819,-0.0410156201105565,
,,,-0.099787,0,
,,,-0.099755,0.0195312476716936,
,,,-0.099723,0,
,,,-0.099691,0.0195312476716936,
,,,-0.0996589999999999,0,
,,,-0.099627,0,
,,,-0.099595,-0.0800781154539436,
,,,-0.099563,-0.0214843724388629,
,,,-0.099531,-0.0214843724388629,
,,,-0.099499,0.0195312476716936,
,,,-0.099467,0,
,,,-0.0994350000000001,0.0195312476716936,
,,,-0.099403,0.0195312476716936,
,,,-0.099371,0.0195312476716936,
,,,-0.099339,0.0195312476716936,
,,,-0.099307,0,
,,,-0.099275,0.0195312476716936,
,,,-0.099243,0.0195312476716936,
,,,-0.099211,0.0585937430150807,
,,,-0.099179,0,
,,,-0.099147,0,
,,,-0.099115,0,
,,,-0.099083,0,
,,,-0.099051,0.0195312476716936,
,,,-0.099019,0.0195312476716936,
,,,-0.098987,0.0195312476716936,
,,,-0.098955,0.0195312476716936,
,,,-0.098923,-0.0214843724388629,
,,,-0.098891,0.0195312476716936,
,,,-0.098859,0,
,,,-0.098827,0.0195312476716936,
,,,-0.098795,0.0195312476716936,
,,,-0.098763,0,
,,,-0.098731,-0.0214843724388629,
,,,-0.098699,-0.0214843724388629,
,,,-0.0986669999999999,0.0195312476716936,
,,,-0.098635,0.0195312476716936,
,,,-0.098603,-0.0214843724388629,
,,,-0.098571,0.0195312476716936,
,,,-0.098539,0,
,,,-0.098507,0.0195312476716936,
,,,-0.098475,0,
,,,-0.0984429999999999,0.0195312476716936,
,,,-0.098411,0,
,,,-0.098379,0.0195312476716936,
,,,-0.098347,0.0195312476716936,
,,,-0.098315,0.0195312476716936,
,,,-0.098283,0.0390624953433871,
,,,-0.098251,0.0195312476716936,
,,,-0.0982189999999999,0.0195312476716936,
,,,-0.098187,0.0195312476716936,
,,,-0.098155,0.0195312476716936,
,,,-0.098123,0.0390624953433871,
,,,-0.098091,0.0195312476716936,
,,,-0.098059,0,
,,,-0.098027,0.0195312476716936,
,,,-0.0979949999999999,0.0195312476716936,
,,,-0.097963,0.0195312476716936,
,,,-0.097931,0.0195312476716936,
,,,-0.097899,0,
,,,-0.097867,0.0195312476716936,
,,,-0.097835,0.0390624953433871,
,,,-0.097803,0,
,,,-0.0977709999999999,0,
,,,-0.097739,0,
,,,-0.097707,0.0195312476716936,
,,,-0.097675,0.0195312476716936,
,,,-0.097643,0.0195312476716936,
,,,-0.097611,0.0195312476716936,
,,,-0.097579,0.0195312476716936,
,,,-0.0975470000000001,0,
,,,-0.097515,0.0195312476716936,
,,,-0.097483,0.0195312476716936,
,,,-0.097451,0.0195312476716936,
,,,-0.097419,0,
,,,-0.097387,0,
,,,-0.097355,0.0195312476716936,
,,,-0.097323,0.0195312476716936,
,,,-0.097291,0,
,,,-0.097259,0,
,,,-0.097227,0,
,,,-0.097195,0.0195312476716936,
,,,-0.097163,0.0390624953433871,
,,,-0.097131,0.0195312476716936,
,,,-0.097099,0,
,,,-0.097067,0.0195312476716936,
,,,-0.097035,0.0195312476716936,
,,,-0.097003,-0.0214843724388629,
,,,-0.096971,0.0195312476716936,
,,,-0.096939,0,
,,,-0.096907,0.0195312476716936,
,,,-0.096875,0.0195312476716936,
,,,-0.096843,0,
,,,-0.096811,0.0195312476716936,
,,,-0.0967789999999999,0.0195312476716936,
,,,-0.096747,-0.0214843724388629,
,,,-0.096715,-0.0214843724388629,
,,,-0.096683,0,
,,,-0.096651,0,
,,,-0.096619,0.0195312476716936,
,,,-0.096587,0,
,,,-0.0965549999999999,0.0195312476716936,
,,,-0.096523,0.0195312476716936,
,,,-0.096491,0,
,,,-0.096459,-0.0410156201105565,
,,,-0.096427,-0.0214843724388629,
,,,-0.096395,0,
,,,-0.096363,0.0195312476716936,
,,,-0.0963309999999999,0.0195312476716936,
,,,-0.096299,0,
,,,-0.096267,0.0390624953433871,
,,,-0.096235,0.0195312476716936,
,,,-0.096203,0,
,,,-0.096171,0.0195312476716936,
,,,-0.096139,0.0195312476716936,
,,,-0.0961069999999999,0,
,,,-0.096075,0.0390624953433871,
,,,-0.096043,0,
,,,-0.096011,0.0195312476716936,
,,,-0.095979,0.0195312476716936,
,,,-0.095947,0.0195312476716936,
,,,-0.095915,0,
,,,-0.0958830000000001,0.0195312476716936,
,,,-0.095851,0,
,,,-0.095819,0.0195312476716936,
,,,-0.095787,0,
,,,-0.095755,0.0195312476716936,
,,,-0.095723,0.0195312476716936,
,,,-0.095691,0,
,,,-0.0956590000000001,0,
,,,-0.095627,0.0195312476716936,
,,,-0.095595,0.0195312476716936,
,,,-0.095563,0.0195312476716936,
,,,-0.095531,0.0390624953433871,
,,,-0.095499,0.0195312476716936,
,,,-0.095467,0.0195312476716936,
,,,-0.095435,0,
,,,-0.095403,0,
,,,-0.095371,-0.0214843724388629,
,,,-0.095339,0,
,,,-0.095307,0,
,,,-0.095275,0.0195312476716936,
,,,-0.095243,0,
,,,-0.095211,0.0195312476716936,
,,,-0.095179,-0.0214843724388629,
,,,-0.095147,0,
,,,-0.095115,0,
,,,-0.095083,0.0195312476716936,
,,,-0.095051,-0.0214843724388629,
,,,-0.095019,-0.0214843724388629,
,,,-0.094987,0.0195312476716936,
,,,-0.094955,0,
,,,-0.094923,0.0195312476716936,
,,,-0.0948909999999999,0,
,,,-0.094859,0,
,,,-0.094827,0,
,,,-0.094795,0.0195312476716936,
,,,-0.094763,0,
,,,-0.094731,0.0195312476716936,
,,,-0.094699,0.0195312476716936,
,,,-0.0946669999999999,0.0195312476716936,
,,,-0.094635,0,
,,,-0.094603,0,
,,,-0.094571,0,
,,,-0.094539,0,
,,,-0.094507,0,
,,,-0.094475,0,
,,,-0.0944429999999999,0,
,,,-0.094411,0,
,,,-0.094379,-0.0214843724388629,
,,,-0.094347,-0.0214843724388629,
,,,-0.094315,0.0195312476716936,
,,,-0.094283,0.0195312476716936,
,,,-0.094251,0.0195312476716936,
,,,-0.0942189999999999,0,
,,,-0.094187,0,
,,,-0.094155,0,
,,,-0.094123,0.0195312476716936,
,,,-0.094091,0.0195312476716936,
,,,-0.094059,0,
,,,-0.094027,0,
,,,-0.0939950000000001,0,
,,,-0.093963,0,
,,,-0.093931,0,
,,,-0.093899,0,
,,,-0.093867,0,
,,,-0.093835,0,
,,,-0.093803,0,
,,,-0.093771,0.0195312476716936,
,,,-0.093739,-0.0214843724388629,
,,,-0.093707,0,
,,,-0.093675,0,
,,,-0.093643,0,
,,,-0.093611,0,
,,,-0.093579,0,
,,,-0.093547,0.0390624953433871,
,,,-0.093515,0.0195312476716936,
,,,-0.093483,0.0195312476716936,
,,,-0.093451,0.0195312476716936,
,,,-0.093419,0,
,,,-0.093387,0,
,,,-0.093355,0,
,,,-0.093323,0,
,,,-0.093291,0,
,,,-0.093259,-0.0214843724388629,
,,,-0.0932269999999999,0,
,,,-0.093195,0,
,,,-0.093163,0.0195312476716936,
,,,-0.093131,0,
,,,-0.093099,0,
,,,-0.093067,0,
,,,-0.093035,0,
,,,-0.0930029999999999,0,
,,,-0.092971,0,
,,,-0.092939,0,
,,,-0.092907,0.0195312476716936,
,,,-0.092875,0.0195312476716936,
,,,-0.092843,0,
,,,-0.092811,0.0195312476716936,
,,,-0.0927789999999999,0.0195312476716936,
,,,-0.092747,0.0195312476716936,
,,,-0.092715,0.0195312476716936,
,,,-0.092683,0,
,,,-0.092651,0.0195312476716936,
,,,-0.092619,0.0195312476716936,
,,,-0.092587,0,
,,,-0.0925549999999999,0,
,,,-0.092523,0,
,,,-0.092491,0,
,,,-0.092459,0,
,,,-0.092427,0,
,,,-0.092395,0,
,,,-0.092363,0.0195312476716936,
,,,-0.0923310000000001,0,
,,,-0.092299,0.0195312476716936,
,,,-0.092267,0.0195312476716936,
,,,-0.092235,0,
,,,-0.092203,0,
,,,-0.092171,0.0195312476716936,
,,,-0.092139,0.0195312476716936,
,,,-0.0921070000000001,0,
,,,-0.092075,0,
,,,-0.092043,0.0195312476716936,
,,,-0.092011,0.0195312476716936,
,,,-0.091979,0.0195312476716936,
,,,-0.091947,-0.0214843724388629,
,,,-0.091915,0,
,,,-0.091883,0.0195312476716936,
,,,-0.091851,0.0195312476716936,
,,,-0.091819,0,
,,,-0.091787,-0.0214843724388629,
,,,-0.091755,0,
,,,-0.091723,0.0390624953433871,
,,,-0.091691,0,
,,,-0.091659,0,
,,,-0.091627,0,
,,,-0.091595,0,
,,,-0.091563,0.0195312476716936,
,,,-0.091531,0.0195312476716936,
,,,-0.091499,0.0195312476716936,
,,,-0.091467,0.0195312476716936,
,,,-0.091435,0.0195312476716936,
,,,-0.091403,0.0195312476716936,
,,,-0.091371,0.0195312476716936,
,,,-0.0913389999999999,0.0195312476716936,
,,,-0.091307,0.0195312476716936,
,,,-0.091275,0,
,,,-0.091243,0.0195312476716936,
,,,-0.091211,0.0195312476716936,
,,,-0.091179,0.0195312476716936,
,,,-0.091147,0.0390624953433871,
,,,-0.0911149999999999,0,
,,,-0.091083,0.0195312476716936,
,,,-0.091051,0,
,,,-0.091019,0.0195312476716936,
,,,-0.090987,0.0195312476716936,
,,,-0.090955,-0.0214843724388629,
,,,-0.090923,0.0195312476716936,
,,,-0.0908909999999999,-0.0214843724388629,
,,,-0.090859,0.0390624953433871,
,,,-0.090827,0.0195312476716936,
,,,-0.090795,0,
,,,-0.090763,0,
,,,-0.090731,0,
,,,-0.090699,0.0195312476716936,
,,,-0.0906669999999999,0.0195312476716936,
,,,-0.090635,0.0195312476716936,
,,,-0.090603,0.0195312476716936,
,,,-0.090571,0,
,,,-0.090539,0.0195312476716936,
,,,-0.090507,-0.0214843724388629,
,,,-0.090475,0.0195312476716936,
,,,-0.0904430000000001,-0.0214843724388629,
,,,-0.090411,0,
,,,-0.090379,0.0195312476716936,
,,,-0.090347,-0.0410156201105565,
,,,-0.090315,0,
,,,-0.090283,0.0195312476716936,
,,,-0.090251,0.0195312476716936,
,,,-0.090219,0.0195312476716936,
,,,-0.090187,0,
,,,-0.090155,0,
,,,-0.090123,0.0195312476716936,
,,,-0.090091,0.0195312476716936,
,,,-0.090059,0.0195312476716936,
,,,-0.090027,0,
,,,-0.089995,0.0195312476716936,
,,,-0.089963,0.0390624953433871,
,,,-0.089931,0.0390624953433871,
,,,-0.089899,0,
,,,-0.089867,0,
,,,-0.089835,0,
,,,-0.089803,0.0195312476716936,
,,,-0.089771,0.0195312476716936,
,,,-0.089739,0.0195312476716936,
,,,-0.089707,0.0195312476716936,
,,,-0.0896749999999999,0.0195312476716936,
,,,-0.089643,0.0195312476716936,
,,,-0.089611,0.0195312476716936,
,,,-0.089579,0.0195312476716936,
,,,-0.089547,0,
,,,-0.089515,0,
,,,-0.089483,0,
,,,-0.0894509999999999,0.0390624953433871,
,,,-0.089419,0,
,,,-0.089387,0.0195312476716936,
,,,-0.089355,0.0195312476716936,
,,,-0.089323,0,
,,,-0.089291,0,
,,,-0.089259,0,
,,,-0.0892269999999999,0,
,,,-0.089195,0.0390624953433871,
,,,-0.089163,0.0195312476716936,
,,,-0.089131,0.0195312476716936,
,,,-0.089099,-0.0410156201105565,
,,,-0.089067,0.0195312476716936,
,,,-0.089035,0,
,,,-0.0890029999999999,0.0195312476716936,
,,,-0.088971,-0.0214843724388629,
,,,-0.088939,0,
,,,-0.088907,0.0195312476716936,
,,,-0.088875,-0.0214843724388629,
,,,-0.088843,0,
,,,-0.088811,0.0195312476716936,
,,,-0.0887789999999999,0,
,,,-0.088747,0,
,,,-0.088715,0,
,,,-0.088683,0.0195312476716936,
,,,-0.088651,0,
,,,-0.088619,0,
,,,-0.088587,0.0195312476716936,
,,,-0.0885550000000001,0,
,,,-0.088523,0.0195312476716936,
,,,-0.088491,0,
,,,-0.088459,0.0390624953433871,
,,,-0.088427,0,
,,,-0.088395,0,
,,,-0.088363,0.0195312476716936,
,,,-0.088331,0,
,,,-0.088299,0.0800781154539436,
,,,-0.088267,0.0195312476716936,
,,,-0.088235,0,
,,,-0.088203,-0.0214843724388629,
,,,-0.088171,0,
,,,-0.088139,0,
,,,-0.088107,0.0195312476716936,
,,,-0.088075,0,
,,,-0.088043,0,
,,,-0.088011,0,
,,,-0.087979,0.0195312476716936,
,,,-0.087947,0,
,,,-0.087915,0,
,,,-0.087883,0.0195312476716936,
,,,-0.087851,0,
,,,-0.087819,0,
,,,-0.0877869999999999,0,
,,,-0.087755,0,
,,,-0.087723,0,
,,,-0.087691,0,
,,,-0.087659,0.0195312476716936,
,,,-0.087627,0.0390624953433871,
,,,-0.087595,0,
,,,-0.0875629999999999,0,
,,,-0.087531,0,
,,,-0.087499,0.0195312476716936,
,,,-0.087467,0.0195312476716936,
,,,-0.087435,-0.0214843724388629,
,,,-0.087403,0,
,,,-0.087371,0,
,,,-0.0873389999999999,-0.0214843724388629,
,,,-0.087307,0,
,,,-0.087275,0.0195312476716936,
,,,-0.087243,0,
,,,-0.087211,0.0195312476716936,
,,,-0.087179,0,
,,,-0.087147,0.0390624953433871,
,,,-0.0871149999999999,0,
,,,-0.087083,0,
,,,-0.087051,-0.0214843724388629,
,,,-0.087019,0.0195312476716936,
,,,-0.086987,-0.0410156201105565,
,,,-0.086955,0,
,,,-0.086923,-0.0214843724388629,
,,,-0.0868910000000001,0.0195312476716936,
,,,-0.086859,0,
,,,-0.086827,0,
,,,-0.086795,0,
,,,-0.086763,0.0195312476716936,
,,,-0.086731,0.0195312476716936,
,,,-0.086699,0.0195312476716936,
,,,-0.0866670000000001,0,
,,,-0.086635,0,
,,,-0.086603,0.0195312476716936,
,,,-0.086571,0.0390624953433871,
,,,-0.086539,-0.0214843724388629,
,,,-0.086507,0,
,,,-0.086475,0,
,,,-0.086443,0,
,,,-0.086411,0.0195312476716936,
,,,-0.086379,0.0195312476716936,
,,,-0.086347,0.0195312476716936,
,,,-0.086315,0,
,,,-0.086283,0.0195312476716936,
,,,-0.086251,0,
,,,-0.086219,0,
,,,-0.086187,0.0195312476716936,
,,,-0.086155,0,
,,,-0.086123,0,
,,,-0.086091,0,
,,,-0.086059,0.0195312476716936,
,,,-0.086027,0.0195312476716936,
,,,-0.085995,0.0195312476716936,
,,,-0.085963,0.0195312476716936,
,,,-0.085931,0.0390624953433871,
,,,-0.0858989999999999,0.0195312476716936,
,,,-0.085867,0.0195312476716936,
,,,-0.085835,-0.0214843724388629,
,,,-0.085803,0.0195312476716936,
,,,-0.085771,0.0195312476716936,
,,,-0.085739,0.0195312476716936,
,,,-0.085707,-0.0214843724388629,
,,,-0.0856749999999999,0,
,,,-0.085643,0.0195312476716936,
,,,-0.085611,0,
,,,-0.085579,0.0195312476716936,
,,,-0.085547,0,
,,,-0.085515,0.0195312476716936,
,,,-0.085483,0,
,,,-0.0854509999999999,0.0195312476716936,
,,,-0.085419,0,
,,,-0.085387,0,
,,,-0.085355,0.0195312476716936,
,,,-0.085323,0.0195312476716936,
,,,-0.085291,0.0195312476716936,
,,,-0.085259,0,
,,,-0.0852269999999999,0,
,,,-0.085195,0,
,,,-0.085163,0,
,,,-0.085131,0,
,,,-0.085099,0,
,,,-0.085067,0,
,,,-0.085035,0.0195312476716936,
,,,-0.0850030000000001,0.0195312476716936,
,,,-0.084971,0,
,,,-0.084939,0.0195312476716936,
,,,-0.084907,0.0195312476716936,
,,,-0.084875,0.0195312476716936,
,,,-0.084843,0.0195312476716936,
,,,-0.084811,0.0195312476716936,
,,,-0.084779,0.0195312476716936,
,,,-0.084747,0.0390624953433871,
,,,-0.084715,0.0195312476716936,
,,,-0.084683,0.0195312476716936,
,,,-0.084651,0.0195312476716936,
,,,-0.084619,0.0195312476716936,
,,,-0.084587,0.0195312476716936,
,,,-0.084555,0,
,,,-0.084523,0.0195312476716936,
,,,-0.084491,0,
,,,-0.084459,0.0195312476716936,
,,,-0.084427,0,
,,,-0.084395,0,
,,,-0.084363,0,
,,,-0.084331,0,
,,,-0.084299,0.0195312476716936,
,,,-0.084267,0.0195312476716936,
,,,-0.0842349999999999,0.0195312476716936,
,,,-0.084203,0.0195312476716936,
,,,-0.084171,0,
,,,-0.084139,0.0195312476716936,
,,,-0.084107,0.0195312476716936,
,,,-0.084075,0,
,,,-0.084043,0.0195312476716936,
,,,-0.0840109999999999,0.0195312476716936,
,,,-0.083979,0.0195312476716936,
,,,-0.083947,0.0195312476716936,
,,,-0.083915,0.0195312476716936,
,,,-0.083883,0,
,,,-0.083851,0.0195312476716936,
,,,-0.083819,0.0195312476716936,
,,,-0.0837869999999999,0.0195312476716936,
,,,-0.083755,0.0195312476716936,
,,,-0.083723,-0.0214843724388629,
,,,-0.083691,0.0195312476716936,
,,,-0.083659,0.0195312476716936,
,,,-0.083627,0.0195312476716936,
,,,-0.083595,0,
,,,-0.0835629999999999,0.0195312476716936,
,,,-0.083531,0.0195312476716936,
,,,-0.083499,-0.0214843724388629,
,,,-0.083467,0.0195312476716936,
,,,-0.083435,0.0195312476716936,
,,,-0.083403,0,
,,,-0.083371,0.0390624953433871,
,,,-0.0833390000000001,0.0195312476716936,
,,,-0.083307,0.0195312476716936,
,,,-0.083275,0,
,,,-0.083243,0.0195312476716936,
,,,-0.083211,0,
,,,-0.083179,0,
,,,-0.083147,0.0195312476716936,
,,,-0.0831150000000001,0.0195312476716936,
,,,-0.083083,0,
,,,-0.083051,0,
,,,-0.083019,0.0195312476716936,
,,,-0.082987,0.0195312476716936,
,,,-0.082955,0.0390624953433871,
,,,-0.082923,0,
,,,-0.082891,0.0195312476716936,
,,,-0.082859,0.0195312476716936,
,,,-0.082827,0.0195312476716936,
,,,-0.082795,0,
,,,-0.082763,0,
,,,-0.082731,-0.0214843724388629,
,,,-0.082699,0.0195312476716936,
,,,-0.082667,0,
,,,-0.082635,0.0390624953433871,
,,,-0.082603,0.0195312476716936,
,,,-0.082571,0.0390624953433871,
,,,-0.082539,0.0195312476716936,
,,,-0.082507,-0.0410156201105565,
,,,-0.082475,0.0195312476716936,
,,,-0.082443,0.0195312476716936,
,,,-0.082411,0,
,,,-0.082379,-0.0214843724388629,
,,,-0.0823469999999999,0.0195312476716936,
,,,-0.082315,0.0195312476716936,
,,,-0.082283,0.0195312476716936,
,,,-0.082251,0.0390624953433871,
,,,-0.082219,-0.0214843724388629,
,,,-0.082187,0,
,,,-0.082155,-0.0410156201105565,
,,,-0.0821229999999999,0,
,,,-0.082091,-0.06054686778225,
,,,-0.082059,0.0195312476716936,
,,,-0.082027,0.0195312476716936,
,,,-0.081995,0.0195312476716936,
,,,-0.081963,0.0195312476716936,
,,,-0.081931,0.0195312476716936,
,,,-0.0818989999999999,0.0195312476716936,
,,,-0.081867,0.0195312476716936,
,,,-0.081835,0.0195312476716936,
,,,-0.081803,0.0195312476716936,
,,,-0.081771,0.0195312476716936,
,,,-0.081739,-0.0214843724388629,
,,,-0.081707,0.0195312476716936,
,,,-0.0816749999999999,0.0195312476716936,
,,,-0.081643,-0.0214843724388629,
,,,-0.081611,-0.0214843724388629,
,,,-0.081579,-0.0214843724388629,
,,,-0.081547,-0.06054686778225,
,,,-0.081515,0.0195312476716936,
,,,-0.081483,-0.0214843724388629,
,,,-0.0814510000000001,-0.0214843724388629,
,,,-0.081419,0.0195312476716936,
,,,-0.081387,0.0195312476716936,
,,,-0.081355,0.0195312476716936,
,,,-0.081323,0,
,,,-0.081291,0,
,,,-0.081259,-0.0410156201105565,
,,,-0.081227,0.0195312476716936,
,,,-0.081195,0.0195312476716936,
,,,-0.081163,0.0195312476716936,
,,,-0.081131,0.0195312476716936,
,,,-0.081099,0,
,,,-0.081067,0.0195312476716936,
,,,-0.081035,0.0195312476716936,
,,,-0.081003,0,
,,,-0.080971,-0.0214843724388629,
,,,-0.080939,-0.0214843724388629,
,,,-0.080907,0,
,,,-0.080875,0.0195312476716936,
,,,-0.080843,0.0195312476716936,
,,,-0.080811,-0.1210937355645,
,,,-0.080779,0.0195312476716936,
,,,-0.080747,0.0195312476716936,
,,,-0.080715,0.0195312476716936,
,,,-0.0806829999999999,0.0390624953433871,
,,,-0.080651,0,
,,,-0.080619,0,
,,,-0.080587,0,
,,,-0.080555,0,
,,,-0.080523,0,
,,,-0.080491,0.0195312476716936,
,,,-0.0804589999999999,0,
,,,-0.080427,0.0195312476716936,
,,,-0.080395,-0.0214843724388629,
,,,-0.080363,0.0195312476716936,
,,,-0.080331,0,
,,,-0.080299,0,
,,,-0.080267,-0.0214843724388629,
,,,-0.0802349999999999,0,
,,,-0.080203,-0.0214843724388629,
,,,-0.080171,0,
,,,-0.080139,-0.0214843724388629,
,,,-0.080107,0.0195312476716936,
,,,-0.080075,0.0390624953433871,
,,,-0.080043,0.0195312476716936,
,,,-0.0800109999999999,0,
,,,-0.079979,0,
,,,-0.079947,-0.0214843724388629,
,,,-0.079915,0,
,,,-0.079883,0.0195312476716936,
,,,-0.079851,0.0195312476716936,
,,,-0.079819,0.0195312476716936,
,,,-0.0797870000000001,0.0195312476716936,
,,,-0.079755,0.0195312476716936,
,,,-0.079723,0.0195312476716936,
,,,-0.079691,-0.0214843724388629,
,,,-0.079659,0.0195312476716936,
,,,-0.079627,0,
,,,-0.079595,0.0195312476716936,
,,,-0.0795630000000001,0.0195312476716936,
,,,-0.079531,0.0195312476716936,
,,,-0.079499,0.0195312476716936,
,,,-0.079467,0.0195312476716936,
,,,-0.079435,0.0195312476716936,
,,,-0.079403,0.0195312476716936,
,,,-0.079371,0.0195312476716936,
,,,-0.079339,-0.0214843724388629,
,,,-0.079307,0.0195312476716936,
,,,-0.079275,0.0195312476716936,
,,,-0.079243,0.0195312476716936,
,,,-0.079211,0.0195312476716936,
,,,-0.079179,0,
,,,-0.079147,0.0390624953433871,
,,,-0.079115,0.0195312476716936,
,,,-0.079083,0,
,,,-0.079051,0.0390624953433871,
,,,-0.079019,0.0195312476716936,
,,,-0.078987,0,
,,,-0.078955,0,
,,,-0.078923,0.0195312476716936,
,,,-0.078891,0,
,,,-0.078859,0.0195312476716936,
,,,-0.078827,0.0195312476716936,
,,,-0.0787949999999999,0.0195312476716936,
,,,-0.078763,0.0195312476716936,
,,,-0.078731,0,
,,,-0.078699,0.0195312476716936,
,,,-0.078667,0,
,,,-0.078635,0.0195312476716936,
,,,-0.078603,0,
,,,-0.0785709999999999,0.0195312476716936,
,,,-0.078539,0.0195312476716936,
,,,-0.078507,0,
,,,-0.078475,0,
,,,-0.078443,0,
,,,-0.078411,0.0195312476716936,
,,,-0.078379,0.0195312476716936,
,,,-0.0783469999999999,0.0195312476716936,
,,,-0.078315,-0.0214843724388629,
,,,-0.078283,-0.0214843724388629,
,,,-0.078251,0,
,,,-0.078219,0,
,,,-0.078187,0.0195312476716936,
,,,-0.078155,0.0195312476716936,
,,,-0.0781229999999999,0.0390624953433871,
,,,-0.078091,0.0195312476716936,
,,,-0.078059,0,
,,,-0.078027,0.0195312476716936,
,,,-0.077995,0.0195312476716936,
,,,-0.077963,-0.0214843724388629,
,,,-0.077931,0,
,,,-0.0778990000000001,-0.0214843724388629,
,,,-0.077867,0.0195312476716936,
,,,-0.077835,0,
,,,-0.077803,0,
,,,-0.077771,0.0390624953433871,
,,,-0.077739,0,
,,,-0.077707,0,
,,,-0.0776750000000001,0,
,,,-0.077643,0,
,,,-0.077611,0,
,,,-0.077579,0.0195312476716936,
,,,-0.077547,0,
,,,-0.077515,0.0195312476716936,
,,,-0.077483,0,
,,,-0.077451,0,
,,,-0.077419,0,
,,,-0.077387,0.0195312476716936,
,,,-0.077355,0,
,,,-0.077323,0,
,,,-0.077291,0,
,,,-0.077259,0,
,,,-0.077227,0.0195312476716936,
,,,-0.077195,0,
,,,-0.077163,0,
,,,-0.077131,0,
,,,-0.077099,0,
,,,-0.077067,0,
,,,-0.077035,0,
,,,-0.077003,0,
,,,-0.076971,0,
,,,-0.076939,0,
,,,-0.0769069999999999,0,
,,,-0.076875,0,
,,,-0.076843,0.0195312476716936,
,,,-0.076811,0.0195312476716936,
,,,-0.076779,0,
,,,-0.076747,0,
,,,-0.076715,0,
,,,-0.0766829999999999,0.0195312476716936,
,,,-0.076651,0.0195312476716936,
,,,-0.076619,0,
,,,-0.076587,0,
,,,-0.076555,0,
,,,-0.076523,0,
,,,-0.076491,0,
,,,-0.0764589999999999,0,
,,,-0.076427,-0.0214843724388629,
,,,-0.076395,0,
,,,-0.076363,0.0195312476716936,
,,,-0.076331,0.0195312476716936,
,,,-0.076299,0.0195312476716936,
,,,-0.076267,0,
,,,-0.0762350000000001,0,
,,,-0.076203,0,
,,,-0.076171,0.0195312476716936,
,,,-0.076139,0.0195312476716936,
,,,-0.076107,0,
,,,-0.076075,0,
,,,-0.076043,0,
,,,-0.0760110000000001,0,
,,,-0.075979,0,
,,,-0.075947,-0.0214843724388629,
,,,-0.075915,-0.0214843724388629,
,,,-0.075883,0,
,,,-0.075851,0.0390624953433871,
,,,-0.075819,0.0195312476716936,
,,,-0.075787,0,
,,,-0.075755,0,
,,,-0.075723,0.0195312476716936,
,,,-0.075691,0.0390624953433871,
,,,-0.075659,0,
,,,-0.075627,-0.0410156201105565,
,,,-0.075595,0,
,,,-0.075563,0.0195312476716936,
,,,-0.075531,0.0195312476716936,
,,,-0.075499,0,
,,,-0.075467,0,
,,,-0.075435,0,
,,,-0.075403,0.0195312476716936,
,,,-0.075371,0.0195312476716936,
,,,-0.075339,0.0195312476716936,
,,,-0.075307,0.0195312476716936,
,,,-0.075275,0.0195312476716936,
,,,-0.0752429999999999,0.0195312476716936,
,,,-0.075211,0,
,,,-0.075179,0.0195312476716936,
,,,-0.075147,0.0195312476716936,
,,,-0.075115,0.0195312476716936,
,,,-0.075083,0,
,,,-0.075051,0,
,,,-0.0750189999999999,0,
,,,-0.074987,0.0195312476716936,
,,,-0.074955,0,
,,,-0.074923,0.0195312476716936,
,,,-0.074891,0.0195312476716936,
,,,-0.074859,0,
,,,-0.074827,0.0195312476716936,
,,,-0.0747949999999999,0.0195312476716936,
,,,-0.074763,0,
,,,-0.074731,0.0195312476716936,
,,,-0.074699,0,
,,,-0.074667,0.0195312476716936,
,,,-0.074635,0,
,,,-0.074603,0.0195312476716936,
,,,-0.0745709999999999,0.0195312476716936,
,,,-0.074539,0.0195312476716936,
,,,-0.074507,0.0195312476716936,
,,,-0.074475,0.0585937430150807,
,,,-0.074443,0,
,,,-0.074411,0,
,,,-0.074379,0,
,,,-0.0743470000000001,0,
,,,-0.074315,0.0195312476716936,
,,,-0.074283,0.0195312476716936,
,,,-0.074251,0,
,,,-0.074219,0.0195312476716936,
,,,-0.074187,0,
,,,-0.074155,0,
,,,-0.0741230000000001,0,
,,,-0.074091,0.0390624953433871,
,,,-0.074059,0,
,,,-0.074027,0.0195312476716936,
,,,-0.073995,0.0195312476716936,
,,,-0.073963,0.0195312476716936,
,,,-0.073931,0,
,,,-0.073899,0.0195312476716936,
,,,-0.073867,0.0195312476716936,
,,,-0.073835,0.0195312476716936,
,,,-0.073803,0.0195312476716936,
,,,-0.073771,-0.0214843724388629,
,,,-0.073739,0.0195312476716936,
,,,-0.073707,0.0195312476716936,
,,,-0.073675,0.0195312476716936,
,,,-0.073643,0.0195312476716936,
,,,-0.073611,0.0195312476716936,
,,,-0.073579,0,
,,,-0.073547,0,
,,,-0.073515,0,
,,,-0.073483,0.0195312476716936,
,,,-0.073451,-0.0214843724388629,
,,,-0.073419,0,
,,,-0.073387,0,
,,,-0.0733549999999999,0,
,,,-0.073323,0.0195312476716936,
,,,-0.073291,0.0195312476716936,
,,,-0.073259,0.0195312476716936,
,,,-0.073227,0.0195312476716936,
,,,-0.073195,0,
,,,-0.073163,0.0390624953433871,
,,,-0.0731309999999999,0.0195312476716936,
,,,-0.073099,0.0195312476716936,
,,,-0.073067,0.0195312476716936,
,,,-0.073035,0,
,,,-0.073003,0.0195312476716936,
,,,-0.072971,0.0195312476716936,
,,,-0.072939,0.0195312476716936,
,,,-0.0729069999999999,0,
,,,-0.072875,0,
,,,-0.072843,0.0195312476716936,
,,,-0.072811,0,
,,,-0.072779,0.0195312476716936,
,,,-0.072747,0,
,,,-0.072715,0,
,,,-0.0726829999999999,-0.0214843724388629,
,,,-0.072651,0.0195312476716936,
,,,-0.072619,0,
,,,-0.072587,0.0195312476716936,
,,,-0.072555,-0.0214843724388629,
,,,-0.072523,-0.0214843724388629,
,,,-0.072491,0.0195312476716936,
,,,-0.0724590000000001,0,
,,,-0.072427,0,
,,,-0.072395,0.0195312476716936,
,,,-0.072363,0,
,,,-0.072331,0.0195312476716936,
,,,-0.072299,0.0195312476716936,
,,,-0.072267,0,
,,,-0.072235,0,
,,,-0.072203,0,
,,,-0.072171,0.0195312476716936,
,,,-0.072139,0,
,,,-0.072107,0.0195312476716936,
,,,-0.072075,-0.0214843724388629,
,,,-0.072043,0,
,,,-0.072011,0.0195312476716936,
,,,-0.071979,-0.0214843724388629,
,,,-0.071947,0,
,,,-0.071915,0.0195312476716936,
,,,-0.071883,0.0195312476716936,
,,,-0.071851,0.0195312476716936,
,,,-0.071819,0,
,,,-0.071787,0.0195312476716936,
,,,-0.071755,0,
,,,-0.071723,-0.0410156201105565,
,,,-0.0716909999999999,0,
,,,-0.071659,0,
,,,-0.071627,0.0195312476716936,
,,,-0.071595,0,
,,,-0.071563,0.0195312476716936,
,,,-0.071531,0.0195312476716936,
,,,-0.071499,0,
,,,-0.0714669999999999,0.0390624953433871,
,,,-0.071435,0,
,,,-0.071403,0,
,,,-0.071371,0,
,,,-0.071339,0.0195312476716936,
,,,-0.071307,0,
,,,-0.071275,0,
,,,-0.0712429999999999,0.0195312476716936,
,,,-0.071211,0.0195312476716936,
,,,-0.071179,0.0195312476716936,
,,,-0.071147,0.0195312476716936,
,,,-0.071115,0.0195312476716936,
,,,-0.071083,-0.0214843724388629,
,,,-0.071051,-0.0214843724388629,
,,,-0.0710189999999999,-0.0214843724388629,
,,,-0.070987,0,
,,,-0.070955,0.0195312476716936,
,,,-0.070923,0,
,,,-0.070891,0,
,,,-0.070859,0,
,,,-0.070827,0,
,,,-0.0707950000000001,0.0195312476716936,
,,,-0.070763,0.0195312476716936,
,,,-0.070731,0,
,,,-0.070699,0,
,,,-0.070667,0.0195312476716936,
,,,-0.070635,0,
,,,-0.070603,0.0195312476716936,
,,,-0.0705710000000001,0,
,,,-0.070539,0,
,,,-0.070507,-0.0214843724388629,
,,,-0.070475,0.0195312476716936,
,,,-0.070443,0.0195312476716936,
,,,-0.070411,0,
,,,-0.070379,0,
,,,-0.070347,0,
,,,-0.070315,0.0195312476716936,
,,,-0.070283,0.0195312476716936,
,,,-0.070251,-0.0214843724388629,
,,,-0.070219,0,
,,,-0.070187,0,
,,,-0.070155,-0.0214843724388629,
,,,-0.070123,0.0195312476716936,
,,,-0.070091,0.0195312476716936,
,,,-0.070059,0,
,,,-0.070027,0.0195312476716936,
,,,-0.069995,0.0195312476716936,
,,,-0.069963,0.0195312476716936,
,,,-0.069931,0.0195312476716936,
,,,-0.069899,0.0195312476716936,
,,,-0.069867,0.0195312476716936,
,,,-0.069835,0.0195312476716936,
,,,-0.0698029999999999,-0.0214843724388629,
,,,-0.069771,0.0195312476716936,
,,,-0.069739,0.0195312476716936,
,,,-0.069707,0,
,,,-0.069675,0.0195312476716936,
,,,-0.069643,0.0195312476716936,
,,,-0.069611,0,
,,,-0.0695789999999999,0,
,,,-0.069547,0,
,,,-0.069515,0.0195312476716936,
,,,-0.069483,0.0195312476716936,
,,,-0.069451,0,
,,,-0.069419,0.0195312476716936,
,,,-0.069387,0.0195312476716936,
,,,-0.0693549999999999,0.0195312476716936,
,,,-0.069323,0,
,,,-0.069291,0,
,,,-0.069259,0,
,,,-0.069227,0.0195312476716936,
,,,-0.069195,0.0195312476716936,
,,,-0.069163,0,
,,,-0.0691309999999999,0,
,,,-0.069099,0.0195312476716936,
,,,-0.069067,0,
,,,-0.069035,0,
,,,-0.069003,0.0195312476716936,
,,,-0.068971,0.0195312476716936,
,,,-0.068939,-0.0214843724388629,
,,,-0.0689070000000001,0,
,,,-0.068875,0.0390624953433871,
,,,-0.068843,0.0195312476716936,
,,,-0.068811,0.0195312476716936,
,,,-0.068779,0,
,,,-0.068747,0.0195312476716936,
,,,-0.068715,0,
,,,-0.0686830000000001,0,
,,,-0.068651,0.0195312476716936,
,,,-0.068619,0,
,,,-0.068587,0,
,,,-0.068555,-0.0214843724388629,
,,,-0.068523,0,
,,,-0.068491,0.0195312476716936,
,,,-0.068459,0.0195312476716936,
,,,-0.068427,0.0195312476716936,
,,,-0.068395,0,
,,,-0.068363,0,
,,,-0.068331,0,
,,,-0.068299,0,
,,,-0.068267,0,
,,,-0.068235,0.0195312476716936,
,,,-0.068203,0,
,,,-0.068171,0,
,,,-0.068139,0.0195312476716936,
,,,-0.068107,0.0195312476716936,
,,,-0.068075,0,
,,,-0.068043,0,
,,,-0.068011,0,
,,,-0.067979,0,
,,,-0.067947,0.0195312476716936,
,,,-0.0679149999999999,0.0195312476716936,
,,,-0.067883,0,
,,,-0.067851,0,
,,,-0.067819,0.0195312476716936,
,,,-0.067787,0.0195312476716936,
,,,-0.067755,0.0195312476716936,
,,,-0.067723,0.0195312476716936,
,,,-0.0676909999999999,0,
,,,-0.067659,0.0195312476716936,
,,,-0.067627,0.0195312476716936,
,,,-0.067595,0.0195312476716936,
,,,-0.067563,0.0195312476716936,
,,,-0.067531,0,
,,,-0.067499,0.0195312476716936,
,,,-0.0674669999999999,0.0195312476716936,
,,,-0.067435,0,
,,,-0.067403,0,
,,,-0.067371,-0.0214843724388629,
,,,-0.067339,0.0195312476716936,
,,,-0.067307,0,
,,,-0.067275,0,
,,,-0.0672430000000001,0,
,,,-0.067211,0.0195312476716936,
,,,-0.067179,0.0195312476716936,
,,,-0.067147,-0.0214843724388629,
,,,-0.067115,-0.0214843724388629,
,,,-0.067083,0.0195312476716936,
,,,-0.067051,0.0195312476716936,
,,,-0.0670190000000001,-0.06054686778225,
,,,-0.066987,0.0195312476716936,
,,,-0.066955,0,
,,,-0.066923,0.0195312476716936,
,,,-0.066891,0.0195312476716936,
,,,-0.066859,0.0195312476716936,
,,,-0.066827,0,
,,,-0.066795,0.0195312476716936,
,,,-0.066763,0,
,,,-0.066731,0.0195312476716936,
,,,-0.066699,0.0195312476716936,
,,,-0.066667,0,
,,,-0.066635,0.0390624953433871,
,,,-0.066603,0,
,,,-0.066571,0.0195312476716936,
,,,-0.066539,0,
,,,-0.066507,0,
,,,-0.066475,0,
,,,-0.066443,0,
,,,-0.066411,0,
,,,-0.066379,0,
,,,-0.066347,0.0195312476716936,
,,,-0.066315,0,
,,,-0.066283,0.0195312476716936,
,,,-0.0662509999999999,0,
,,,-0.066219,0.0195312476716936,
,,,-0.066187,0.0195312476716936,
,,,-0.066155,0.0195312476716936,
,,,-0.066123,0.0195312476716936,
,,,-0.066091,0,
,,,-0.066059,0,
,,,-0.0660269999999999,-0.0214843724388629,
,,,-0.065995,0.0195312476716936,
,,,-0.065963,0,
,,,-0.065931,0.0195312476716936,
,,,-0.065899,0.0195312476716936,
,,,-0.065867,0.0195312476716936,
,,,-0.065835,0,
,,,-0.0658029999999999,0,
,,,-0.065771,0.0195312476716936,
,,,-0.065739,0,
,,,-0.065707,0,
,,,-0.065675,0,
,,,-0.065643,0,
,,,-0.065611,0,
,,,-0.0655789999999999,0,
,,,-0.065547,0,
,,,-0.065515,0.0195312476716936,
,,,-0.065483,0.0195312476716936,
,,,-0.065451,0.0195312476716936,
,,,-0.065419,0.0195312476716936,
,,,-0.065387,0.0390624953433871,
,,,-0.0653550000000001,0.0195312476716936,
,,,-0.065323,-0.0214843724388629,
,,,-0.065291,0,
,,,-0.065259,-0.0214843724388629,
,,,-0.065227,0.0195312476716936,
,,,-0.065195,0.0195312476716936,
,,,-0.065163,0.0195312476716936,
,,,-0.0651310000000001,-0.0214843724388629,
,,,-0.065099,0,
,,,-0.065067,0.0390624953433871,
,,,-0.065035,0.0195312476716936,
,,,-0.065003,0,
,,,-0.064971,0,
,,,-0.064939,0.0195312476716936,
,,,-0.064907,0,
,,,-0.064875,0,
,,,-0.064843,0.0195312476716936,
,,,-0.064811,0,
,,,-0.064779,0.0195312476716936,
,,,-0.064747,0,
,,,-0.064715,0.0195312476716936,
,,,-0.064683,0.0195312476716936,
,,,-0.064651,0.0195312476716936,
,,,-0.064619,-0.0214843724388629,
,,,-0.064587,0.0800781154539436,
,,,-0.064555,0.0195312476716936,
,,,-0.064523,0,
,,,-0.064491,0,
,,,-0.064459,0,
,,,-0.064427,0.0195312476716936,
,,,-0.064395,0.0195312476716936,
,,,-0.0643629999999999,0.0195312476716936,
,,,-0.064331,0.0195312476716936,
,,,-0.064299,-0.0214843724388629,
,,,-0.064267,0.0195312476716936,
,,,-0.064235,0,
,,,-0.064203,0,
,,,-0.064171,0,
,,,-0.0641389999999999,0.0390624953433871,
,,,-0.064107,0.0390624953433871,
,,,-0.064075,0,
,,,-0.064043,0,
,,,-0.064011,0.0195312476716936,
,,,-0.063979,0.0195312476716936,
,,,-0.063947,0,
,,,-0.0639149999999999,0.0195312476716936,
,,,-0.063883,0,
,,,-0.063851,-0.0214843724388629,
,,,-0.063819,0.0195312476716936,
,,,-0.063787,-0.0410156201105565,
,,,-0.063755,0.0195312476716936,
,,,-0.063723,0.0195312476716936,
,,,-0.0636910000000001,0.0390624953433871,
,,,-0.063659,0.0195312476716936,
,,,-0.063627,0,
,,,-0.063595,0,
,,,-0.063563,0,
,,,-0.063531,0.0195312476716936,
,,,-0.063499,0,
,,,-0.0634670000000001,0.0195312476716936,
,,,-0.063435,0,
,,,-0.063403,0.0195312476716936,
,,,-0.063371,0,
,,,-0.063339,0,
,,,-0.063307,0,
,,,-0.063275,0.0195312476716936,
,,,-0.063243,0,
,,,-0.063211,0,
,,,-0.063179,0,
,,,-0.063147,0,
,,,-0.063115,0.0195312476716936,
,,,-0.063083,0.0195312476716936,
,,,-0.063051,-0.0214843724388629,
,,,-0.063019,0.0195312476716936,
,,,-0.062987,0.0195312476716936,
,,,-0.062955,0,
,,,-0.062923,0,
,,,-0.062891,-0.0214843724388629,
,,,-0.062859,0.0195312476716936,
,,,-0.062827,0,
,,,-0.062795,0,
,,,-0.062763,0,
,,,-0.062731,0.0195312476716936,
,,,-0.0626989999999999,0.0195312476716936,
,,,-0.062667,0,
,,,-0.062635,-0.0214843724388629,
,,,-0.062603,0,
,,,-0.062571,0,
,,,-0.062539,0,
,,,-0.062507,0,
,,,-0.0624749999999999,0.0195312476716936,
,,,-0.062443,0.0195312476716936,
,,,-0.062411,0.0195312476716936,
,,,-0.062379,0.0195312476716936,
,,,-0.062347,-0.0214843724388629,
,,,-0.062315,0,
,,,-0.062283,0.0390624953433871,
,,,-0.0622509999999999,-0.0214843724388629,
,,,-0.062219,0.0195312476716936,
,,,-0.062187,0,
,,,-0.062155,0.0195312476716936,
,,,-0.062123,0.0195312476716936,
,,,-0.062091,0,
,,,-0.062059,-0.0214843724388629,
,,,-0.0620269999999999,0.0195312476716936,
,,,-0.061995,-0.0214843724388629,
,,,-0.061963,0,
,,,-0.061931,0,
,,,-0.061899,-0.0214843724388629,
,,,-0.061867,0.0195312476716936,
,,,-0.061835,0.0195312476716936,
,,,-0.0618030000000001,0.0195312476716936,
,,,-0.061771,0,
,,,-0.061739,0.0390624953433871,
,,,-0.061707,0,
,,,-0.061675,0,
,,,-0.061643,-0.0214843724388629,
,,,-0.061611,0.0195312476716936,
,,,-0.0615790000000001,0,
,,,-0.061547,0,
,,,-0.061515,0,
,,,-0.061483,0.0195312476716936,
,,,-0.061451,0,
,,,-0.061419,-0.0214843724388629,
,,,-0.061387,0.0195312476716936,
,,,-0.061355,0.0195312476716936,
,,,-0.061323,-0.0214843724388629,
,,,-0.061291,0,
,,,-0.061259,0.0390624953433871,
,,,-0.061227,0,
,,,-0.061195,-0.0410156201105565,
,,,-0.061163,0,
,,,-0.061131,0,
,,,-0.061099,0.0195312476716936,
,,,-0.061067,0,
,,,-0.061035,0.0195312476716936,
,,,-0.061003,0.0195312476716936,
,,,-0.060971,0.0390624953433871,
,,,-0.060939,0,
,,,-0.060907,0,
,,,-0.060875,0,
,,,-0.060843,0,
,,,-0.0608109999999999,0,
,,,-0.060779,0,
,,,-0.060747,0,
,,,-0.060715,0,
,,,-0.060683,0,
,,,-0.060651,0,
,,,-0.060619,0,
,,,-0.0605869999999999,0,
,,,-0.060555,-0.0214843724388629,
,,,-0.060523,0,
,,,-0.060491,0.0195312476716936,
,,,-0.060459,0,
,,,-0.060427,-0.0214843724388629,
,,,-0.060395,0,
,,,-0.0603629999999999,0,
,,,-0.060331,0.0195312476716936,
,,,-0.060299,0,
,,,-0.060267,0,
,,,-0.060235,0,
,,,-0.060203,0,
,,,-0.060171,-0.0214843724388629,
,,,-0.0601389999999999,0.0195312476716936,
,,,-0.060107,0,
,,,-0.060075,0,
,,,-0.060043,-0.0214843724388629,
,,,-0.060011,0,
,,,-0.059979,0,
,,,-0.059947,0,
,,,-0.0599150000000001,0,
,,,-0.059883,0.0195312476716936,
,,,-0.059851,0,
,,,-0.059819,0,
,,,-0.059787,0,
,,,-0.059755,0,
,,,-0.059723,-0.0214843724388629,
,,,-0.0596910000000001,0.0195312476716936,
,,,-0.059659,0.0195312476716936,
,,,-0.059627,0.0195312476716936,
,,,-0.059595,0,
,,,-0.059563,0,
,,,-0.059531,0.0195312476716936,
,,,-0.059499,0.0195312476716936,
,,,-0.059467,0,
,,,-0.059435,0.0195312476716936,
,,,-0.059403,0,
,,,-0.059371,0.0195312476716936,
,,,-0.059339,0,
,,,-0.059307,0,
,,,-0.059275,0.0390624953433871,
,,,-0.059243,0,
,,,-0.059211,0.0195312476716936,
,,,-0.059179,0.0195312476716936,
,,,-0.059147,0.0195312476716936,
,,,-0.059115,0.0195312476716936,
,,,-0.059083,0.0195312476716936,
,,,-0.059051,0,
,,,-0.059019,0.0195312476716936,
,,,-0.058987,0.0195312476716936,
,,,-0.058955,0,
,,,-0.0589229999999999,0.0195312476716936,
,,,-0.058891,0,
,,,-0.058859,0,
,,,-0.058827,0.0195312476716936,
,,,-0.058795,0,
,,,-0.058763,0.0195312476716936,
,,,-0.058731,0,
,,,-0.0586989999999999,0.0195312476716936,
,,,-0.058667,0.0195312476716936,
,,,-0.058635,-0.0214843724388629,
,,,-0.058603,0.0195312476716936,
,,,-0.058571,0.0195312476716936,
,,,-0.058539,0.0195312476716936,
,,,-0.058507,0.0195312476716936,
,,,-0.0584749999999999,-0.0214843724388629,
,,,-0.058443,0.0195312476716936,
,,,-0.058411,0.0195312476716936,
,,,-0.058379,0,
,,,-0.058347,0,
,,,-0.058315,0.0195312476716936,
,,,-0.058283,0.0195312476716936,
,,,-0.0582510000000001,0.0195312476716936,
,,,-0.058219,-0.0214843724388629,
,,,-0.058187,-0.0214843724388629,
,,,-0.058155,-0.0214843724388629,
,,,-0.058123,0,
,,,-0.058091,0,
,,,-0.058059,0.0195312476716936,
,,,-0.0580270000000001,0,
,,,-0.057995,0.0195312476716936,
,,,-0.057963,0,
,,,-0.057931,0,
,,,-0.057899,0.0195312476716936,
,,,-0.057867,0.0195312476716936,
,,,-0.057835,0,
,,,-0.057803,0,
,,,-0.057771,0.0195312476716936,
,,,-0.057739,0.0195312476716936,
,,,-0.057707,0.0195312476716936,
,,,-0.057675,0.0195312476716936,
,,,-0.057643,-0.0214843724388629,
,,,-0.057611,0,
,,,-0.057579,0,
,,,-0.057547,0.0195312476716936,
,,,-0.057515,0.0195312476716936,
,,,-0.057483,0.0195312476716936,
,,,-0.057451,0.0195312476716936,
,,,-0.057419,0,
,,,-0.057387,-0.0214843724388629,
,,,-0.057355,0,
,,,-0.057323,0,
,,,-0.057291,0,
,,,-0.0572589999999999,0.0195312476716936,
,,,-0.057227,-0.0214843724388629,
,,,-0.057195,0.0390624953433871,
,,,-0.057163,0.0195312476716936,
,,,-0.057131,0.0195312476716936,
,,,-0.057099,0,
,,,-0.057067,0,
,,,-0.0570349999999999,0.0195312476716936,
,,,-0.057003,0.0195312476716936,
,,,-0.056971,0.0195312476716936,
,,,-0.056939,0.0195312476716936,
,,,-0.056907,0,
,,,-0.056875,0.0195312476716936,
,,,-0.056843,0.0195312476716936,
,,,-0.0568109999999999,0.0195312476716936,
,,,-0.056779,0,
,,,-0.056747,0,
,,,-0.056715,-0.0214843724388629,
,,,-0.056683,0,
,,,-0.056651,0,
,,,-0.056619,0.0195312476716936,
,,,-0.0565869999999999,0,
,,,-0.056555,0.0195312476716936,
,,,-0.056523,-0.0214843724388629,
,,,-0.056491,0.0195312476716936,
,,,-0.056459,0,
,,,-0.056427,-0.0214843724388629,
,,,-0.056395,0.0195312476716936,
,,,-0.0563630000000001,0.0195312476716936,
,,,-0.056331,0.0195312476716936,
,,,-0.056299,0.0195312476716936,
,,,-0.056267,0.0195312476716936,
,,,-0.056235,0.0195312476716936,
,,,-0.056203,0,
,,,-0.056171,0.0195312476716936,
,,,-0.0561390000000001,0.0195312476716936,
,,,-0.056107,0,
,,,-0.056075,0.0195312476716936,
,,,-0.056043,0,
,,,-0.056011,0,
,,,-0.055979,0.0195312476716936,
,,,-0.055947,0.0195312476716936,
,,,-0.055915,-0.0214843724388629,
,,,-0.055883,0.0195312476716936,
,,,-0.055851,0,
,,,-0.055819,0.0195312476716936,
,,,-0.055787,-0.0214843724388629,
,,,-0.055755,0,
,,,-0.055723,0.0195312476716936,
,,,-0.055691,0,
,,,-0.055659,0,
,,,-0.055627,0,
,,,-0.055595,0,
,,,-0.055563,0.0195312476716936,
,,,-0.055531,0,
,,,-0.055499,-0.0214843724388629,
,,,-0.055467,0.0195312476716936,
,,,-0.055435,0.0195312476716936,
,,,-0.055403,0,
,,,-0.0553709999999999,0,
,,,-0.055339,0.0195312476716936,
,,,-0.055307,0,
,,,-0.055275,-0.0214843724388629,
,,,-0.055243,0,
,,,-0.055211,0.0195312476716936,
,,,-0.055179,0,
,,,-0.0551469999999999,0,
,,,-0.055115,0.0390624953433871,
,,,-0.055083,0.0195312476716936,
,,,-0.055051,0.0195312476716936,
,,,-0.055019,0,
,,,-0.054987,0,
,,,-0.054955,0.0195312476716936,
,,,-0.0549229999999999,0.0585937430150807,
,,,-0.054891,0.0195312476716936,
,,,-0.054859,0,
,,,-0.054827,-0.0214843724388629,
,,,-0.054795,0,
,,,-0.054763,0,
,,,-0.054731,-0.0214843724388629,
,,,-0.0546990000000001,-0.0214843724388629,
,,,-0.054667,0.0195312476716936,
,,,-0.054635,0.0195312476716936,
,,,-0.054603,0,
,,,-0.054571,0,
,,,-0.054539,0,
,,,-0.054507,0,
,,,-0.0544750000000001,0.0195312476716936,
,,,-0.054443,0.0195312476716936,
,,,-0.054411,0,
,,,-0.054379,0,
,,,-0.054347,0.0195312476716936,
,,,-0.054315,0,
,,,-0.054283,0.0390624953433871,
,,,-0.054251,0,
,,,-0.054219,0.0195312476716936,
,,,-0.054187,0,
,,,-0.054155,0,
,,,-0.054123,0.0195312476716936,
,,,-0.054091,0,
,,,-0.054059,0,
,,,-0.054027,0,
,,,-0.053995,0,
,,,-0.053963,-0.0214843724388629,
,,,-0.053931,0,
,,,-0.053899,0,
,,,-0.053867,0.0195312476716936,
,,,-0.053835,0,
,,,-0.053803,0,
,,,-0.053771,0,
,,,-0.053739,0.0195312476716936,
,,,-0.0537069999999999,0.0195312476716936,
,,,-0.053675,0,
,,,-0.053643,0.0390624953433871,
,,,-0.053611,0.0195312476716936,
,,,-0.053579,0.0195312476716936,
,,,-0.053547,0,
,,,-0.053515,0.0195312476716936,
,,,-0.0534829999999999,0.0195312476716936,
,,,-0.053451,0,
,,,-0.053419,0.0195312476716936,
,,,-0.053387,0.0195312476716936,
,,,-0.053355,0.0390624953433871,
,,,-0.053323,-0.0214843724388629,
,,,-0.053291,0.0195312476716936,
,,,-0.0532589999999999,0.0195312476716936,
,,,-0.053227,0.0195312476716936,
,,,-0.053195,0,
,,,-0.053163,0,
,,,-0.053131,0,
,,,-0.053099,0.0195312476716936,
,,,-0.053067,0,
,,,-0.0530349999999999,0,
,,,-0.053003,0.0195312476716936,
,,,-0.052971,0.0195312476716936,
,,,-0.052939,0.0195312476716936,
,,,-0.052907,0,
,,,-0.052875,0.0195312476716936,
,,,-0.052843,0.0195312476716936,
,,,-0.0528110000000001,0,
,,,-0.052779,0.0195312476716936,
,,,-0.052747,0.0195312476716936,
,,,-0.052715,0.0195312476716936,
,,,-0.052683,-0.0214843724388629,
,,,-0.052651,0.0195312476716936,
,,,-0.052619,0,
,,,-0.0525870000000001,0,
,,,-0.052555,0,
,,,-0.052523,0.0195312476716936,
,,,-0.052491,0.0195312476716936,
,,,-0.052459,0.0195312476716936,
,,,-0.052427,0.0195312476716936,
,,,-0.052395,0,
,,,-0.052363,0.0195312476716936,
,,,-0.052331,0.0195312476716936,
,,,-0.052299,0,
,,,-0.052267,0.0195312476716936,
,,,-0.052235,0,
,,,-0.052203,-0.0214843724388629,
,,,-0.052171,0.0195312476716936,
,,,-0.052139,0,
,,,-0.052107,0.0195312476716936,
,,,-0.052075,0,
,,,-0.052043,0.0195312476716936,
,,,-0.052011,0.0195312476716936,
,,,-0.051979,0,
,,,-0.051947,0.0195312476716936,
,,,-0.051915,0.0195312476716936,
,,,-0.051883,0.0195312476716936,
,,,-0.051851,0.0195312476716936,
,,,-0.0518189999999999,0,
,,,-0.051787,0,
,,,-0.051755,0,
,,,-0.051723,0.0195312476716936,
,,,-0.051691,0.0195312476716936,
,,,-0.051659,0.0195312476716936,
,,,-0.051627,0,
,,,-0.0515949999999999,0.0195312476716936,
,,,-0.051563,-0.0214843724388629,
,,,-0.051531,0.0195312476716936,
,,,-0.051499,0,
,,,-0.051467,0.0195312476716936,
,,,-0.051435,0.0195312476716936,
,,,-0.051403,0.0195312476716936,
,,,-0.0513709999999999,0,
,,,-0.051339,0,
,,,-0.051307,0.0195312476716936,
,,,-0.051275,0,
,,,-0.051243,0.0195312476716936,
,,,-0.051211,0.0195312476716936,
,,,-0.051179,0,
,,,-0.0511470000000001,0.0195312476716936,
,,,-0.051115,0,
,,,-0.051083,0.0195312476716936,
,,,-0.051051,0,
,,,-0.051019,0,
,,,-0.050987,0,
,,,-0.050955,0.0195312476716936,
,,,-0.0509230000000001,0.0195312476716936,
,,,-0.050891,0.0195312476716936,
,,,-0.050859,0.0195312476716936,
,,,-0.050827,0,
,,,-0.050795,0.0195312476716936,
,,,-0.050763,0.0195312476716936,
,,,-0.050731,0.0195312476716936,
,,,-0.0506990000000001,0,
,,,-0.050667,0.0195312476716936,
,,,-0.050635,0,
,,,-0.050603,0.0195312476716936,
,,,-0.050571,0.0195312476716936,
,,,-0.050539,0.0195312476716936,
,,,-0.050507,0.0195312476716936,
,,,-0.050475,0.0195312476716936,
,,,-0.050443,0.0390624953433871,
,,,-0.050411,0.0195312476716936,
,,,-0.050379,0,
,,,-0.050347,0,
,,,-0.050315,0,
,,,-0.050283,0.0195312476716936,
,,,-0.050251,0.0195312476716936,
,,,-0.050219,0.0195312476716936,
,,,-0.050187,0,
,,,-0.050155,-0.0214843724388629,
,,,-0.050123,0,
,,,-0.050091,0,
,,,-0.050059,0.0195312476716936,
,,,-0.050027,0.0195312476716936,
,,,-0.049995,0.0195312476716936,
,,,-0.049963,0.0195312476716936,
,,,-0.0499309999999999,0,
,,,-0.049899,0,
,,,-0.049867,0.0195312476716936,
,,,-0.049835,0,
,,,-0.049803,0.0195312476716936,
,,,-0.049771,0.0195312476716936,
,,,-0.049739,0.0195312476716936,
,,,-0.0497069999999999,0,
,,,-0.049675,0,
,,,-0.049643,0.0195312476716936,
,,,-0.049611,0.0195312476716936,
,,,-0.049579,0,
,,,-0.049547,0,
,,,-0.049515,0.0195312476716936,
,,,-0.0494829999999999,0.0195312476716936,
,,,-0.049451,0.0195312476716936,
,,,-0.049419,0.0195312476716936,
,,,-0.049387,-0.0410156201105565,
,,,-0.049355,0,
,,,-0.049323,0.0195312476716936,
,,,-0.049291,0.0195312476716936,
,,,-0.0492590000000001,0.0195312476716936,
,,,-0.049227,0.0195312476716936,
,,,-0.049195,0.0195312476716936,
,,,-0.049163,0.0195312476716936,
,,,-0.049131,0.0195312476716936,
,,,-0.049099,0,
,,,-0.049067,0,
,,,-0.0490350000000001,0.0195312476716936,
,,,-0.049003,0.0195312476716936,
,,,-0.048971,0.0195312476716936,
,,,-0.048939,-0.0214843724388629,
,,,-0.048907,0.0195312476716936,
,,,-0.048875,0.0195312476716936,
,,,-0.048843,0,
,,,-0.048811,0.0195312476716936,
,,,-0.048779,0.0195312476716936,
,,,-0.048747,-0.0214843724388629,
,,,-0.048715,0.0195312476716936,
,,,-0.048683,0.0195312476716936,
,,,-0.048651,-0.0214843724388629,
,,,-0.048619,0.0195312476716936,
,,,-0.048587,0.0195312476716936,
,,,-0.048555,0.0195312476716936,
,,,-0.048523,0.0195312476716936,
,,,-0.048491,0.0195312476716936,
,,,-0.048459,-0.0214843724388629,
,,,-0.048427,0.0195312476716936,
,,,-0.048395,0,
,,,-0.048363,0,
,,,-0.048331,0.0195312476716936,
,,,-0.048299,0.0195312476716936,
,,,-0.0482669999999999,-0.0410156201105565,
,,,-0.048235,0.0195312476716936,
,,,-0.048203,0.0195312476716936,
,,,-0.048171,-0.0214843724388629,
,,,-0.048139,0.0195312476716936,
,,,-0.048107,0.0195312476716936,
,,,-0.048075,0.0195312476716936,
,,,-0.0480429999999999,0.0195312476716936,
,,,-0.048011,0.0195312476716936,
,,,-0.047979,0,
,,,-0.047947,0.0195312476716936,
,,,-0.047915,0.0195312476716936,
,,,-0.047883,0.0195312476716936,
,,,-0.047851,0,
,,,-0.0478189999999999,0.0195312476716936,
,,,-0.047787,0.0195312476716936,
,,,-0.047755,-0.0410156201105565,
,,,-0.047723,0,
,,,-0.047691,0.0195312476716936,
,,,-0.047659,0.0195312476716936,
,,,-0.047627,0.0195312476716936,
,,,-0.0475950000000001,0.0195312476716936,
,,,-0.047563,-0.0410156201105565,
,,,-0.047531,0,
,,,-0.047499,0,
,,,-0.047467,0.0195312476716936,
,,,-0.047435,0.0195312476716936,
,,,-0.047403,0.0390624953433871,
,,,-0.0473710000000001,0,
,,,-0.047339,0.0195312476716936,
,,,-0.047307,0.0390624953433871,
,,,-0.047275,0.0195312476716936,
,,,-0.047243,0.0195312476716936,
,,,-0.047211,-0.0214843724388629,
,,,-0.047179,-0.0214843724388629,
,,,-0.0471470000000001,0,
,,,-0.047115,-0.0410156201105565,
,,,-0.047083,0.0195312476716936,
,,,-0.047051,0.0195312476716936,
,,,-0.047019,0.0195312476716936,
,,,-0.046987,0,
,,,-0.046955,0.0195312476716936,
,,,-0.046923,0,
,,,-0.046891,0.0195312476716936,
,,,-0.046859,0.0195312476716936,
,,,-0.046827,0.0195312476716936,
,,,-0.046795,0,
,,,-0.046763,0,
,,,-0.046731,0,
,,,-0.046699,0,
,,,-0.046667,0.0195312476716936,
,,,-0.046635,0.0195312476716936,
,,,-0.046603,0.0195312476716936,
,,,-0.046571,0,
,,,-0.046539,0,
,,,-0.046507,0.0195312476716936,
,,,-0.046475,0.0195312476716936,
,,,-0.046443,0,
,,,-0.046411,0,
,,,-0.0463789999999999,0,
,,,-0.046347,0.0195312476716936,
,,,-0.046315,0.0195312476716936,
,,,-0.046283,0.0195312476716936,
,,,-0.046251,0.0195312476716936,
,,,-0.046219,0.0585937430150807,
,,,-0.046187,0.0195312476716936,
,,,-0.0461549999999999,0,
,,,-0.046123,0.0195312476716936,
,,,-0.046091,0,
,,,-0.046059,0.0195312476716936,
,,,-0.046027,0.0195312476716936,
,,,-0.045995,-0.0214843724388629,
,,,-0.045963,0.0195312476716936,
,,,-0.0459309999999999,0.0195312476716936,
,,,-0.045899,0,
,,,-0.045867,0,
,,,-0.045835,0.0195312476716936,
,,,-0.045803,0.0195312476716936,
,,,-0.045771,0.0195312476716936,
,,,-0.045739,0.0390624953433871,
,,,-0.0457070000000001,0.0390624953433871,
,,,-0.045675,0.0195312476716936,
,,,-0.045643,0,
,,,-0.045611,0,
,,,-0.045579,0,
,,,-0.045547,0.0195312476716936,
,,,-0.045515,0.0195312476716936,
,,,-0.0454830000000001,0,
,,,-0.045451,0.0195312476716936,
,,,-0.045419,0,
,,,-0.045387,0,
,,,-0.045355,0.0195312476716936,
,,,-0.045323,0.0195312476716936,
,,,-0.045291,0,
,,,-0.045259,0.0195312476716936,
,,,-0.045227,0.0195312476716936,
,,,-0.045195,0,
,,,-0.045163,0,
,,,-0.045131,0,
,,,-0.045099,0.0195312476716936,
,,,-0.045067,0.0195312476716936,
,,,-0.045035,0.0390624953433871,
,,,-0.045003,0.0195312476716936,
,,,-0.044971,0,
,,,-0.044939,0,
,,,-0.044907,0.0195312476716936,
,,,-0.044875,0,
,,,-0.044843,0.0195312476716936,
,,,-0.044811,0,
,,,-0.044779,0,
,,,-0.044747,0,
,,,-0.0447149999999999,0.0195312476716936,
,,,-0.044683,0,
,,,-0.044651,0,
,,,-0.044619,0,
,,,-0.044587,0,
,,,-0.044555,0.0195312476716936,
,,,-0.044523,0,
,,,-0.0444909999999999,0.0195312476716936,
,,,-0.044459,0,
,,,-0.044427,0.0195312476716936,
,,,-0.044395,0,
,,,-0.044363,0,
,,,-0.044331,0.0195312476716936,
,,,-0.044299,0,
,,,-0.0442669999999999,0,
,,,-0.044235,0.0195312476716936,
,,,-0.044203,0,
,,,-0.044171,0,
,,,-0.044139,0,
,,,-0.044107,0,
,,,-0.044075,0.0390624953433871,
,,,-0.0440429999999999,0,
,,,-0.044011,0,
,,,-0.043979,0,
,,,-0.043947,0,
,,,-0.043915,0,
,,,-0.043883,0,
,,,-0.043851,0,
,,,-0.0438190000000001,0,
,,,-0.043787,0.0195312476716936,
,,,-0.043755,0,
,,,-0.043723,0,
,,,-0.043691,0,
,,,-0.043659,0,
,,,-0.043627,0,
,,,-0.0435950000000001,0.0195312476716936,
,,,-0.043563,0,
,,,-0.043531,0,
,,,-0.043499,0,
,,,-0.043467,0,
,,,-0.043435,0,
,,,-0.043403,0,
,,,-0.043371,0,
,,,-0.043339,0,
,,,-0.043307,0,
,,,-0.043275,0,
,,,-0.043243,0.0195312476716936,
,,,-0.043211,0.0195312476716936,
,,,-0.043179,0.0195312476716936,
,,,-0.043147,0,
,,,-0.043115,0,
,,,-0.043083,0,
,,,-0.043051,0.0195312476716936,
,,,-0.043019,0.0195312476716936,
,,,-0.042987,0,
,,,-0.042955,0,
,,,-0.042923,0,
,,,-0.042891,0.0195312476716936,
,,,-0.042859,0,
,,,-0.0428269999999999,0.0195312476716936,
,,,-0.042795,-0.0214843724388629,
,,,-0.042763,0.0195312476716936,
,,,-0.042731,0,
,,,-0.042699,0,
,,,-0.042667,0.0195312476716936,
,,,-0.042635,0,
,,,-0.0426029999999999,0.0390624953433871,
,,,-0.042571,0,
,,,-0.042539,0,
,,,-0.042507,0,
,,,-0.042475,0.0195312476716936,
,,,-0.042443,0.0195312476716936,
,,,-0.042411,0,
,,,-0.0423789999999999,0,
,,,-0.042347,0,
,,,-0.042315,0.0195312476716936,
,,,-0.042283,0.0195312476716936,
,,,-0.042251,0,
,,,-0.042219,0.0195312476716936,
,,,-0.042187,0,
,,,-0.0421550000000001,0,
,,,-0.042123,0,
,,,-0.042091,0.0195312476716936,
,,,-0.042059,0.0195312476716936,
,,,-0.042027,0,
,,,-0.041995,0,
,,,-0.041963,0,
,,,-0.0419310000000001,0.0195312476716936,
,,,-0.041899,0,
,,,-0.041867,0,
,,,-0.041835,0.0195312476716936,
,,,-0.041803,0,
,,,-0.041771,0,
,,,-0.041739,0.0195312476716936,
,,,-0.0417070000000001,0.0195312476716936,
,,,-0.041675,0,
,,,-0.041643,0.0195312476716936,
,,,-0.041611,0,
,,,-0.041579,0,
,,,-0.041547,-0.0214843724388629,
,,,-0.041515,0,
,,,-0.041483,0,
,,,-0.041451,0,
,,,-0.041419,0.0195312476716936,
,,,-0.041387,0.0195312476716936,
,,,-0.041355,0,
,,,-0.041323,0.0195312476716936,
,,,-0.041291,0.0195312476716936,
,,,-0.041259,0,
,,,-0.041227,0,
,,,-0.041195,0.0195312476716936,
,,,-0.041163,0.0195312476716936,
,,,-0.041131,0.0195312476716936,
,,,-0.041099,0,
,,,-0.041067,0,
,,,-0.041035,0.0195312476716936,
,,,-0.041003,-0.0214843724388629,
,,,-0.040971,0.0585937430150807,
,,,-0.0409389999999999,0,
,,,-0.040907,0.0585937430150807,
,,,-0.040875,0,
,,,-0.040843,0.0195312476716936,
,,,-0.040811,0.0195312476716936,
,,,-0.040779,0.0195312476716936,
,,,-0.040747,0.0195312476716936,
,,,-0.0407149999999999,-0.0214843724388629,
,,,-0.040683,-0.0214843724388629,
,,,-0.040651,0,
,,,-0.040619,-0.0214843724388629,
,,,-0.040587,0,
,,,-0.040555,0,
,,,-0.040523,0.0195312476716936,
,,,-0.0404909999999999,0,
,,,-0.040459,0,
,,,-0.040427,-0.0214843724388629,
,,,-0.040395,0.0195312476716936,
,,,-0.040363,0,
,,,-0.040331,0,
,,,-0.040299,0.0195312476716936,
,,,-0.0402670000000001,0.0390624953433871,
,,,-0.040235,0,
,,,-0.040203,0,
,,,-0.040171,0,
,,,-0.040139,0.0195312476716936,
,,,-0.040107,0,
,,,-0.040075,0.0195312476716936,
,,,-0.0400430000000001,0.0390624953433871,
,,,-0.040011,0,
,,,-0.039979,0.0585937430150807,
,,,-0.039947,0,
,,,-0.039915,0,
,,,-0.039883,-0.0214843724388629,
,,,-0.039851,-0.0214843724388629,
,,,-0.039819,0.0585937430150807,
,,,-0.039787,0,
,,,-0.039755,0,
,,,-0.039723,0.0390624953433871,
,,,-0.039691,0.0195312476716936,
,,,-0.039659,0.0195312476716936,
,,,-0.039627,0,
,,,-0.039595,0.0195312476716936,
,,,-0.039563,0,
,,,-0.039531,0,
,,,-0.039499,0.0195312476716936,
,,,-0.039467,0,
,,,-0.039435,0,
,,,-0.039403,0.0195312476716936,
,,,-0.039371,0.0195312476716936,
,,,-0.039339,0,
,,,-0.039307,0,
,,,-0.0392749999999999,0.0195312476716936,
,,,-0.039243,0,
,,,-0.039211,0,
,,,-0.039179,0,
,,,-0.039147,0,
,,,-0.039115,0.0195312476716936,
,,,-0.039083,0.0195312476716936,
,,,-0.0390509999999999,0.0195312476716936,
,,,-0.039019,0,
,,,-0.038987,0.0195312476716936,
,,,-0.038955,0,
,,,-0.038923,0,
,,,-0.038891,0,
,,,-0.038859,0.0195312476716936,
,,,-0.0388269999999999,0.0195312476716936,
,,,-0.038795,0,
,,,-0.038763,0.0195312476716936,
,,,-0.038731,0,
,,,-0.038699,0,
,,,-0.038667,0,
,,,-0.038635,-0.0214843724388629,
,,,-0.0386030000000001,0.0195312476716936,
,,,-0.038571,0,
,,,-0.038539,0,
,,,-0.038507,0,
,,,-0.038475,0.0390624953433871,
,,,-0.038443,0.0195312476716936,
,,,-0.038411,0,
,,,-0.0383790000000001,0,
,,,-0.038347,0,
,,,-0.038315,0,
,,,-0.038283,0.0195312476716936,
,,,-0.038251,0,
,,,-0.038219,0,
,,,-0.038187,0,
,,,-0.0381550000000001,0.0195312476716936,
,,,-0.038123,0,
,,,-0.038091,0,
,,,-0.038059,0.0390624953433871,
,,,-0.038027,0,
,,,-0.037995,0,
,,,-0.037963,0.0195312476716936,
,,,-0.037931,0,
,,,-0.037899,0.0585937430150807,
,,,-0.037867,0,
,,,-0.037835,0,
,,,-0.037803,0,
,,,-0.037771,0,
,,,-0.037739,0.0195312476716936,
,,,-0.037707,0,
,,,-0.037675,0,
,,,-0.037643,-0.0214843724388629,
,,,-0.037611,0,
,,,-0.037579,0.0195312476716936,
,,,-0.037547,0,
,,,-0.037515,0,
,,,-0.037483,0,
,,,-0.037451,0.0195312476716936,
,,,-0.037419,0,
,,,-0.0373869999999999,0,
,,,-0.037355,0.0195312476716936,
,,,-0.037323,0,
,,,-0.037291,0,
,,,-0.037259,0.0195312476716936,
,,,-0.037227,0,
,,,-0.037195,0,
,,,-0.0371629999999999,0.0195312476716936,
,,,-0.037131,0.0195312476716936,
,,,-0.037099,0.0195312476716936,
,,,-0.037067,0.0195312476716936,
,,,-0.037035,0,
,,,-0.037003,0.0195312476716936,
,,,-0.036971,0.0195312476716936,
,,,-0.0369389999999999,0,
,,,-0.036907,0,
,,,-0.036875,-0.0214843724388629,
,,,-0.036843,-0.0214843724388629,
,,,-0.036811,0.0195312476716936,
,,,-0.036779,0.0195312476716936,
,,,-0.036747,0,
,,,-0.0367150000000001,0.0195312476716936,
,,,-0.036683,-0.0410156201105565,
,,,-0.036651,0.0195312476716936,
,,,-0.036619,0,
,,,-0.036587,0.0195312476716936,
,,,-0.036555,0,
,,,-0.036523,0,
,,,-0.0364910000000001,0,
,,,-0.036459,0.0195312476716936,
,,,-0.036427,0,
,,,-0.036395,0.0195312476716936,
,,,-0.036363,0,
,,,-0.036331,0.0195312476716936,
,,,-0.036299,0,
,,,-0.036267,0.0195312476716936,
,,,-0.036235,0,
,,,-0.036203,0,
,,,-0.036171,0,
,,,-0.036139,0,
,,,-0.036107,0.0195312476716936,
,,,-0.036075,0.0195312476716936,
,,,-0.036043,0,
,,,-0.036011,0.0195312476716936,
,,,-0.035979,-0.0214843724388629,
,,,-0.035947,0,
,,,-0.035915,0.0195312476716936,
,,,-0.035883,0,
,,,-0.035851,0,
,,,-0.035819,0.0195312476716936,
,,,-0.035787,0.0195312476716936,
,,,-0.035755,0.0195312476716936,
,,,-0.0357229999999999,0.0195312476716936,
,,,-0.035691,0.0195312476716936,
,,,-0.035659,0,
,,,-0.035627,0.0195312476716936,
,,,-0.035595,0,
,,,-0.035563,0,
,,,-0.035531,0,
,,,-0.0354989999999999,0.0195312476716936,
,,,-0.035467,0.0195312476716936,
,,,-0.035435,0.0195312476716936,
,,,-0.035403,0,
,,,-0.035371,0,
,,,-0.035339,0,
,,,-0.035307,0,
,,,-0.0352749999999999,0.0195312476716936,
,,,-0.035243,0,
,,,-0.035211,-0.0214843724388629,
,,,-0.035179,0,
,,,-0.035147,0.0195312476716936,
,,,-0.035115,0,
,,,-0.035083,-0.0214843724388629,
,,,-0.0350510000000001,0.0195312476716936,
,,,-0.035019,0.0195312476716936,
,,,-0.034987,0.0195312476716936,
,,,-0.034955,0.0195312476716936,
,,,-0.034923,0,
,,,-0.034891,0,
,,,-0.034859,0,
,,,-0.0348270000000001,0,
,,,-0.034795,0,
,,,-0.034763,0.0195312476716936,
,,,-0.034731,0.0195312476716936,
,,,-0.034699,-0.0214843724388629,
,,,-0.034667,0.0195312476716936,
,,,-0.034635,0,
,,,-0.0346030000000001,0,
,,,-0.034571,0.0195312476716936,
,,,-0.034539,0,
,,,-0.034507,0,
,,,-0.034475,0.0195312476716936,
,,,-0.034443,0,
,,,-0.034411,-0.0214843724388629,
,,,-0.034379,0,
,,,-0.034347,0,
,,,-0.034315,0,
,,,-0.034283,0.0195312476716936,
,,,-0.034251,0,
,,,-0.034219,0,
,,,-0.034187,0,
,,,-0.034155,0,
,,,-0.034123,0,
,,,-0.034091,0.0195312476716936,
,,,-0.034059,0,
,,,-0.034027,0,
,,,-0.033995,0,
,,,-0.033963,0.0195312476716936,
,,,-0.033931,0,
,,,-0.033899,0.0195312476716936,
,,,-0.033867,0,
,,,-0.0338349999999999,0,
,,,-0.033803,0.0195312476716936,
,,,-0.033771,0.0195312476716936,
,,,-0.033739,0,
,,,-0.033707,0.0195312476716936,
,,,-0.033675,0.0195312476716936,
,,,-0.033643,0.0195312476716936,
,,,-0.0336109999999999,0,
,,,-0.033579,0.0195312476716936,
,,,-0.033547,0,
,,,-0.033515,0.0195312476716936,
,,,-0.033483,0.0195312476716936,
,,,-0.033451,0.0195312476716936,
,,,-0.033419,0.0195312476716936,
,,,-0.0333869999999999,0.0195312476716936,
,,,-0.033355,0,
,,,-0.033323,0.0195312476716936,
,,,-0.033291,0.0195312476716936,
,,,-0.033259,0,
,,,-0.033227,0.0195312476716936,
,,,-0.033195,0.0390624953433871,
,,,-0.0331630000000001,0.0195312476716936,
,,,-0.033131,0.0195312476716936,
,,,-0.033099,0,
,,,-0.033067,0.0195312476716936,
,,,-0.033035,0.0195312476716936,
,,,-0.033003,0,
,,,-0.032971,0,
,,,-0.0329390000000001,0,
,,,-0.032907,0.0195312476716936,
,,,-0.032875,0.0195312476716936,
,,,-0.032843,0.0195312476716936,
,,,-0.032811,0.0195312476716936,
,,,-0.032779,0.0195312476716936,
,,,-0.032747,0.0195312476716936,
,,,-0.0327150000000001,-0.0214843724388629,
,,,-0.032683,0,
,,,-0.032651,0.0195312476716936,
,,,-0.032619,0,
,,,-0.032587,0,
,,,-0.032555,0,
,,,-0.032523,0,
,,,-0.032491,0,
,,,-0.032459,0,
,,,-0.032427,0.0390624953433871,
,,,-0.032395,0.0585937430150807,
,,,-0.032363,0.0195312476716936,
,,,-0.032331,0.0195312476716936,
,,,-0.032299,0.0195312476716936,
,,,-0.032267,0,
,,,-0.032235,0,
,,,-0.032203,0.0195312476716936,
,,,-0.032171,0.0195312476716936,
,,,-0.032139,0.0195312476716936,
,,,-0.032107,0.0195312476716936,
,,,-0.032075,0.0195312476716936,
,,,-0.032043,-0.0410156201105565,
,,,-0.032011,-0.0410156201105565,
,,,-0.031979,0.0195312476716936,
,,,-0.0319469999999999,-0.0214843724388629,
,,,-0.031915,-0.0214843724388629,
,,,-0.031883,0.0195312476716936,
,,,-0.031851,0.0195312476716936,
,,,-0.031819,0.0195312476716936,
,,,-0.031787,0.0195312476716936,
,,,-0.031755,0.0195312476716936,
,,,-0.0317229999999999,0,
,,,-0.031691,0,
,,,-0.031659,0.0195312476716936,
,,,-0.031627,0,
,,,-0.031595,0.0195312476716936,
,,,-0.031563,0.0195312476716936,
,,,-0.031531,0.0195312476716936,
,,,-0.0314990000000001,0,
,,,-0.031467,0.0195312476716936,
,,,-0.031435,0.0390624953433871,
,,,-0.031403,0,
,,,-0.031371,0.0195312476716936,
,,,-0.031339,0.0195312476716936,
,,,-0.031307,0.0195312476716936,
,,,-0.0312750000000001,0.0195312476716936,
,,,-0.031243,0.0195312476716936,
,,,-0.031211,0,
,,,-0.031179,0,
,,,-0.031147,-0.0214843724388629,
,,,-0.031115,0,
,,,-0.031083,0.0195312476716936,
,,,-0.0310510000000001,0.0195312476716936,
,,,-0.031019,0,
,,,-0.030987,-0.0214843724388629,
,,,-0.030955,0,
,,,-0.030923,0.0195312476716936,
,,,-0.030891,0.0195312476716936,
,,,-0.030859,0,
,,,-0.030827,0.0195312476716936,
,,,-0.030795,0,
,,,-0.030763,0.0195312476716936,
,,,-0.030731,0.0195312476716936,
,,,-0.030699,0,
,,,-0.030667,0.0195312476716936,
,,,-0.030635,-0.0214843724388629,
,,,-0.030603,-0.0214843724388629,
,,,-0.030571,0.0195312476716936,
,,,-0.030539,0.0585937430150807,
,,,-0.030507,0,
,,,-0.030475,0,
,,,-0.030443,0.0195312476716936,
,,,-0.030411,0,
,,,-0.030379,0.0195312476716936,
,,,-0.030347,0.0195312476716936,
,,,-0.030315,0.0195312476716936,
,,,-0.0302829999999999,0.0195312476716936,
,,,-0.030251,0.0195312476716936,
,,,-0.030219,0,
,,,-0.030187,0.0195312476716936,
,,,-0.030155,0.0195312476716936,
,,,-0.030123,0,
,,,-0.030091,0.0195312476716936,
,,,-0.0300589999999999,0.0195312476716936,
,,,-0.030027,0.0195312476716936,
,,,-0.029995,0,
,,,-0.029963,-0.0214843724388629,
,,,-0.029931,0,
,,,-0.029899,0.0195312476716936,
,,,-0.029867,0.0195312476716936,
,,,-0.0298349999999999,0.0195312476716936,
,,,-0.029803,0.0195312476716936,
,,,-0.029771,0.0195312476716936,
,,,-0.029739,0.0390624953433871,
,,,-0.029707,0,
,,,-0.029675,0,
,,,-0.029643,0.0195312476716936,
,,,-0.0296110000000001,0.0195312476716936,
,,,-0.029579,0.0195312476716936,
,,,-0.029547,0.0195312476716936,
,,,-0.029515,0.0195312476716936,
,,,-0.029483,0.0195312476716936,
,,,-0.029451,-0.0214843724388629,
,,,-0.029419,0.0195312476716936,
,,,-0.0293870000000001,0.0195312476716936,
,,,-0.029355,0.0195312476716936,
,,,-0.029323,0.0390624953433871,
,,,-0.029291,0,
,,,-0.029259,0.0195312476716936,
,,,-0.029227,0.0195312476716936,
,,,-0.029195,-0.0214843724388629,
,,,-0.0291630000000001,0,
,,,-0.029131,0.0390624953433871,
,,,-0.029099,0.0195312476716936,
,,,-0.029067,0,
,,,-0.029035,0,
,,,-0.029003,0,
,,,-0.028971,0,
,,,-0.028939,0.0195312476716936,
,,,-0.028907,0,
,,,-0.028875,0.0390624953433871,
,,,-0.028843,0.0195312476716936,
,,,-0.028811,-0.0214843724388629,
,,,-0.028779,0.0195312476716936,
,,,-0.028747,-0.0214843724388629,
,,,-0.028715,0,
,,,-0.028683,0,
,,,-0.028651,0.0195312476716936,
,,,-0.028619,0,
,,,-0.028587,0,
,,,-0.028555,-0.0214843724388629,
,,,-0.028523,0,
,,,-0.028491,0,
,,,-0.028459,0,
,,,-0.028427,0,
,,,-0.0283949999999999,0,
,,,-0.028363,0.0195312476716936,
,,,-0.028331,0.0195312476716936,
,,,-0.028299,0,
,,,-0.028267,0.0195312476716936,
,,,-0.028235,0,
,,,-0.028203,0.0195312476716936,
,,,-0.0281709999999999,0.0195312476716936,
,,,-0.028139,0,
,,,-0.028107,0.0195312476716936,
,,,-0.028075,0.0195312476716936,
,,,-0.028043,-0.0214843724388629,
,,,-0.028011,0.0195312476716936,
,,,-0.027979,0.0195312476716936,
,,,-0.0279469999999999,0.0195312476716936,
,,,-0.027915,0,
,,,-0.027883,0,
,,,-0.027851,0.0390624953433871,
,,,-0.027819,-0.0214843724388629,
,,,-0.027787,0,
,,,-0.027755,0.0195312476716936,
,,,-0.0277230000000001,0.0195312476716936,
,,,-0.027691,0.0195312476716936,
,,,-0.027659,0,
,,,-0.027627,0,
,,,-0.027595,0,
,,,-0.027563,0.0195312476716936,
,,,-0.027531,0,
,,,-0.0274990000000001,0,
,,,-0.027467,0,
,,,-0.027435,-0.0214843724388629,
,,,-0.027403,-0.0214843724388629,
,,,-0.027371,0.0195312476716936,
,,,-0.027339,0,
,,,-0.027307,0,
,,,-0.027275,0,
,,,-0.027243,0,
,,,-0.027211,0,
,,,-0.027179,0,
,,,-0.027147,0,
,,,-0.027115,0,
,,,-0.027083,-0.0214843724388629,
,,,-0.027051,0,
,,,-0.027019,0,
,,,-0.026987,0.0195312476716936,
,,,-0.026955,0,
,,,-0.026923,0,
,,,-0.026891,0,
,,,-0.026859,0.0195312476716936,
,,,-0.026827,0,
,,,-0.026795,0,
,,,-0.026763,0.0195312476716936,
,,,-0.0267309999999999,0.0195312476716936,
,,,-0.026699,0,
,,,-0.026667,0,
,,,-0.026635,0,
,,,-0.026603,0,
,,,-0.026571,-0.0214843724388629,
,,,-0.026539,0.0195312476716936,
,,,-0.0265069999999999,0.0195312476716936,
,,,-0.026475,0,
,,,-0.026443,0,
,,,-0.026411,0.0195312476716936,
,,,-0.026379,0.0195312476716936,
,,,-0.026347,0,
,,,-0.026315,0,
,,,-0.0262829999999999,0.0195312476716936,
,,,-0.026251,0.0195312476716936,
,,,-0.026219,0.0195312476716936,
,,,-0.026187,0,
,,,-0.026155,0,
,,,-0.026123,0,
,,,-0.026091,0,
,,,-0.0260590000000001,0.0195312476716936,
,,,-0.026027,0,
,,,-0.025995,0,
,,,-0.025963,0,
,,,-0.025931,0.0195312476716936,
,,,-0.025899,0,
,,,-0.025867,0.0195312476716936,
,,,-0.0258350000000001,0,
,,,-0.025803,0,
,,,-0.025771,0.0195312476716936,
,,,-0.025739,0.0195312476716936,
,,,-0.025707,0.0195312476716936,
,,,-0.025675,0.0195312476716936,
,,,-0.025643,0,
,,,-0.0256110000000001,0.0195312476716936,
,,,-0.025579,0.0195312476716936,
,,,-0.025547,0.0195312476716936,
,,,-0.025515,0,
,,,-0.025483,0.0195312476716936,
,,,-0.025451,0,
,,,-0.025419,0.0195312476716936,
,,,-0.025387,0.0195312476716936,
,,,-0.025355,0,
,,,-0.025323,0,
,,,-0.025291,0.0195312476716936,
,,,-0.025259,0,
,,,-0.025227,0,
,,,-0.025195,0,
,,,-0.025163,0.0195312476716936,
,,,-0.025131,0,
,,,-0.025099,0.0195312476716936,
,,,-0.025067,0.0195312476716936,
,,,-0.025035,0,
,,,-0.025003,0,
,,,-0.024971,0.0195312476716936,
,,,-0.024939,0,
,,,-0.024907,0,
,,,-0.024875,0.0195312476716936,
,,,-0.0248429999999999,0.0390624953433871,
,,,-0.024811,0.0195312476716936,
,,,-0.024779,0.0195312476716936,
,,,-0.024747,-0.0410156201105565,
,,,-0.024715,0.0195312476716936,
,,,-0.024683,0.0195312476716936,
,,,-0.024651,0,
,,,-0.0246189999999999,0.0195312476716936,
,,,-0.024587,0.0195312476716936,
,,,-0.024555,0.0585937430150807,
,,,-0.024523,0.0195312476716936,
,,,-0.024491,0.0195312476716936,
,,,-0.024459,0,
,,,-0.024427,0,
,,,-0.0243949999999999,0,
,,,-0.024363,0.0195312476716936,
,,,-0.024331,0,
,,,-0.024299,0.0195312476716936,
,,,-0.024267,0,
,,,-0.024235,-0.0214843724388629,
,,,-0.024203,0.0195312476716936,
,,,-0.0241710000000001,0.0390624953433871,
,,,-0.024139,0.0195312476716936,
,,,-0.024107,0.0195312476716936,
,,,-0.024075,0,
,,,-0.024043,0,
,,,-0.024011,0.0195312476716936,
,,,-0.023979,0,
,,,-0.0239470000000001,0,
,,,-0.023915,0.0195312476716936,
,,,-0.023883,0,
,,,-0.023851,0,
,,,-0.023819,0,
,,,-0.023787,0.0195312476716936,
,,,-0.023755,0.0195312476716936,
,,,-0.0237230000000001,0,
,,,-0.023691,0.0195312476716936,
,,,-0.023659,0,
,,,-0.023627,0,
,,,-0.023595,0.0195312476716936,
,,,-0.023563,0,
,,,-0.023531,0.0195312476716936,
,,,-0.023499,-0.0214843724388629,
,,,-0.023467,-0.0214843724388629,
,,,-0.023435,0.0195312476716936,
,,,-0.023403,-0.0214843724388629,
,,,-0.023371,0,
,,,-0.023339,0,
,,,-0.023307,0,
,,,-0.023275,0.0195312476716936,
,,,-0.023243,0.0195312476716936,
,,,-0.023211,0.0195312476716936,
,,,-0.023179,0.0195312476716936,
,,,-0.023147,0,
,,,-0.023115,0.0195312476716936,
,,,-0.023083,0.0390624953433871,
,,,-0.023051,0.0195312476716936,
,,,-0.023019,0.0195312476716936,
,,,-0.022987,0,
,,,-0.0229549999999999,0.0195312476716936,
,,,-0.022923,0.0195312476716936,
,,,-0.022891,0,
,,,-0.022859,0.0195312476716936,
,,,-0.022827,0.0195312476716936,
,,,-0.022795,0,
,,,-0.022763,0,
,,,-0.0227309999999999,-0.0214843724388629,
,,,-0.022699,-0.0214843724388629,
,,,-0.022667,0.0195312476716936,
,,,-0.022635,0.0195312476716936,
,,,-0.022603,0,
,,,-0.022571,0.0195312476716936,
,,,-0.022539,0,
,,,-0.0225070000000001,0.0390624953433871,
,,,-0.022475,0.0390624953433871,
,,,-0.022443,0,
,,,-0.022411,0,
,,,-0.022379,0.0195312476716936,
,,,-0.022347,0,
,,,-0.022315,0,
,,,-0.0222830000000001,0.0195312476716936,
,,,-0.022251,0.0390624953433871,
,,,-0.022219,0.0195312476716936,
,,,-0.022187,0.0195312476716936,
,,,-0.022155,0.0195312476716936,
,,,-0.022123,-0.0214843724388629,
,,,-0.022091,0,
,,,-0.0220590000000001,0,
,,,-0.022027,0,
,,,-0.021995,0.0195312476716936,
,,,-0.021963,0,
,,,-0.021931,0.0195312476716936,
,,,-0.021899,-0.0214843724388629,
,,,-0.021867,0,
,,,-0.021835,0,
,,,-0.021803,0,
,,,-0.021771,0.0195312476716936,
,,,-0.021739,0,
,,,-0.021707,0.0195312476716936,
,,,-0.021675,0,
,,,-0.021643,0,
,,,-0.021611,0,
,,,-0.021579,0,
,,,-0.021547,0,
,,,-0.021515,0,
,,,-0.021483,-0.0214843724388629,
,,,-0.021451,0.0195312476716936,
,,,-0.021419,0,
,,,-0.021387,0,
,,,-0.021355,0,
,,,-0.021323,0,
,,,-0.0212909999999999,0,
,,,-0.021259,0,
,,,-0.021227,0,
,,,-0.021195,0.0195312476716936,
,,,-0.021163,0.0390624953433871,
,,,-0.021131,0,
,,,-0.021099,-0.0214843724388629,
,,,-0.0210669999999999,0,
,,,-0.021035,-0.0214843724388629,
,,,-0.021003,-0.0214843724388629,
,,,-0.020971,0,
,,,-0.020939,0,
,,,-0.020907,0.0195312476716936,
,,,-0.020875,0,
,,,-0.0208429999999999,0.0390624953433871,
,,,-0.020811,0,
,,,-0.020779,0.0195312476716936,
,,,-0.020747,0.0195312476716936,
,,,-0.020715,0.0195312476716936,
,,,-0.020683,-0.0214843724388629,
,,,-0.020651,0,
,,,-0.0206190000000001,0.0195312476716936,
,,,-0.020587,-0.0214843724388629,
,,,-0.020555,0,
,,,-0.020523,0.0195312476716936,
,,,-0.020491,0,
,,,-0.020459,0.0195312476716936,
,,,-0.020427,0,
,,,-0.0203950000000001,0.0195312476716936,
,,,-0.020363,0.0195312476716936,
,,,-0.020331,0,
,,,-0.020299,0.0195312476716936,
,,,-0.020267,0,
,,,-0.020235,0,
,,,-0.020203,0.0195312476716936,
,,,-0.0201710000000001,0,
,,,-0.020139,0.0195312476716936,
,,,-0.020107,0,
,,,-0.020075,0.0390624953433871,
,,,-0.020043,0.0195312476716936,
,,,-0.020011,0.0195312476716936,
,,,-0.019979,0.0195312476716936,
,,,-0.019947,0.0195312476716936,
,,,-0.019915,0.0195312476716936,
,,,-0.019883,0.0195312476716936,
,,,-0.019851,0.0195312476716936,
,,,-0.019819,0.0195312476716936,
,,,-0.019787,0.0195312476716936,
,,,-0.019755,0.0195312476716936,
,,,-0.019723,-0.0214843724388629,
,,,-0.019691,0.0195312476716936,
,,,-0.019659,-0.0214843724388629,
,,,-0.019627,0.0195312476716936,
,,,-0.019595,0,
,,,-0.019563,0,
,,,-0.019531,0,
,,,-0.019499,0.0390624953433871,
,,,-0.019467,0.0195312476716936,
,,,-0.019435,0.0195312476716936,
,,,-0.0194029999999999,0.0195312476716936,
,,,-0.019371,0.0195312476716936,
,,,-0.019339,0.0195312476716936,
,,,-0.019307,0,
,,,-0.019275,0.0195312476716936,
,,,-0.019243,0.0195312476716936,
,,,-0.019211,0,
,,,-0.0191789999999999,0.0195312476716936,
,,,-0.019147,0,
,,,-0.019115,0.0390624953433871,
,,,-0.019083,0,
,,,-0.019051,0.0195312476716936,
,,,-0.019019,0.0195312476716936,
,,,-0.018987,0.0195312476716936,
,,,-0.0189550000000001,0.0195312476716936,
,,,-0.018923,0.0195312476716936,
,,,-0.018891,0.0195312476716936,
,,,-0.018859,0.0195312476716936,
,,,-0.018827,0,
,,,-0.018795,0.0195312476716936,
,,,-0.018763,0.0195312476716936,
,,,-0.0187310000000001,0.0195312476716936,
,,,-0.018699,0,
,,,-0.018667,0,
,,,-0.018635,0.0195312476716936,
,,,-0.018603,0.0195312476716936,
,,,-0.018571,0,
,,,-0.018539,0.0195312476716936,
,,,-0.0185070000000001,0.0195312476716936,
,,,-0.018475,-0.0214843724388629,
,,,-0.018443,0,
,,,-0.018411,0.0195312476716936,
,,,-0.018379,0,
,,,-0.018347,0,
,,,-0.018315,0.0195312476716936,
,,,-0.018283,0.0195312476716936,
,,,-0.018251,0.0195312476716936,
,,,-0.018219,0.0195312476716936,
,,,-0.018187,0,
,,,-0.018155,-0.0214843724388629,
,,,-0.018123,-0.0214843724388629,
,,,-0.018091,0.0195312476716936,
,,,-0.018059,0.0195312476716936,
,,,-0.018027,0.0195312476716936,
,,,-0.017995,0,
,,,-0.017963,0.0195312476716936,
,,,-0.017931,0,
,,,-0.017899,0,
,,,-0.017867,0,
,,,-0.017835,0.0195312476716936,
,,,-0.017803,0,
,,,-0.017771,0,
,,,-0.0177389999999999,0.0195312476716936,
,,,-0.017707,0,
,,,-0.017675,0,
,,,-0.017643,-0.0214843724388629,
,,,-0.017611,0,
,,,-0.017579,0.0195312476716936,
,,,-0.017547,0.0195312476716936,
,,,-0.0175149999999999,0,
,,,-0.017483,-0.0214843724388629,
,,,-0.017451,0.0195312476716936,
,,,-0.017419,0.0195312476716936,
,,,-0.017387,0.0195312476716936,
,,,-0.017355,0.0195312476716936,
,,,-0.017323,0,
,,,-0.0172909999999999,0,
,,,-0.017259,0,
,,,-0.017227,0.0195312476716936,
,,,-0.017195,0.0195312476716936,
,,,-0.017163,0.0195312476716936,
,,,-0.017131,0,
,,,-0.017099,0.0195312476716936,
,,,-0.0170670000000001,0,
,,,-0.017035,0.0195312476716936,
,,,-0.017003,-0.0214843724388629,
,,,-0.016971,-0.0214843724388629,
,,,-0.016939,0,
,,,-0.016907,0.0195312476716936,
,,,-0.016875,-0.0214843724388629,
,,,-0.0168430000000001,0.0195312476716936,
,,,-0.016811,0,
,,,-0.016779,0,
,,,-0.016747,0,
,,,-0.016715,0,
,,,-0.016683,0.0585937430150807,
,,,-0.016651,0.0390624953433871,
,,,-0.0166190000000001,0,
,,,-0.016587,-0.0214843724388629,
,,,-0.016555,0.0195312476716936,
,,,-0.016523,0.0195312476716936,
,,,-0.016491,0,
,,,-0.016459,-0.0214843724388629,
,,,-0.016427,0.0195312476716936,
,,,-0.016395,0.0195312476716936,
,,,-0.016363,0.0195312476716936,
,,,-0.016331,0.0390624953433871,
,,,-0.016299,0.0390624953433871,
,,,-0.016267,0,
,,,-0.016235,0.0195312476716936,
,,,-0.016203,0,
,,,-0.016171,0.0195312476716936,
,,,-0.016139,0.0195312476716936,
,,,-0.016107,0.0195312476716936,
,,,-0.016075,0.0195312476716936,
,,,-0.016043,0.0195312476716936,
,,,-0.016011,0.0195312476716936,
,,,-0.015979,0.0390624953433871,
,,,-0.015947,0,
,,,-0.015915,0.0195312476716936,
,,,-0.015883,0.0195312476716936,
,,,-0.0158509999999999,0.0390624953433871,
,,,-0.015819,0.0195312476716936,
,,,-0.015787,0.0195312476716936,
,,,-0.015755,0,
,,,-0.015723,0,
,,,-0.015691,0.0195312476716936,
,,,-0.015659,0.0195312476716936,
,,,-0.0156269999999999,0,
,,,-0.015595,-0.0214843724388629,
,,,-0.015563,0.0195312476716936,
,,,-0.015531,0.0390624953433871,
,,,-0.015499,0.0195312476716936,
,,,-0.015467,0,
,,,-0.015435,0.0195312476716936,
,,,-0.0154029999999999,0,
,,,-0.015371,0.0195312476716936,
,,,-0.015339,-0.0410156201105565,
,,,-0.015307,-0.0214843724388629,
,,,-0.015275,0,
,,,-0.015243,0,
,,,-0.015211,0,
,,,-0.0151790000000001,0,
,,,-0.015147,0.0390624953433871,
,,,-0.015115,0,
,,,-0.015083,0,
,,,-0.015051,0,
,,,-0.015019,0,
,,,-0.014987,0.0195312476716936,
,,,-0.0149550000000001,0.0195312476716936,
,,,-0.014923,0,
,,,-0.014891,0.0195312476716936,
,,,-0.014859,0.0195312476716936,
,,,-0.014827,0.0390624953433871,
,,,-0.014795,0,
,,,-0.014763,0.0195312476716936,
,,,-0.014731,0,
,,,-0.014699,-0.0214843724388629,
,,,-0.014667,0.0195312476716936,
,,,-0.014635,0.0390624953433871,
,,,-0.014603,0.0195312476716936,
,,,-0.014571,0,
,,,-0.014539,0.0195312476716936,
,,,-0.014507,0.0195312476716936,
,,,-0.014475,-0.0214843724388629,
,,,-0.014443,0.0195312476716936,
,,,-0.014411,0.0195312476716936,
,,,-0.014379,0,
,,,-0.014347,0.0195312476716936,
,,,-0.014315,0,
,,,-0.014283,-0.0410156201105565,
,,,-0.014251,0.0195312476716936,
,,,-0.014219,0.0195312476716936,
,,,-0.0141869999999999,0.0195312476716936,
,,,-0.014155,0,
,,,-0.014123,0.0390624953433871,
,,,-0.014091,0,
,,,-0.014059,0.0195312476716936,
,,,-0.014027,0.0195312476716936,
,,,-0.013995,0,
,,,-0.0139629999999999,0,
,,,-0.013931,0.0195312476716936,
,,,-0.013899,0,
,,,-0.013867,0.0195312476716936,
,,,-0.013835,0.0195312476716936,
,,,-0.013803,0.0195312476716936,
,,,-0.013771,0.0195312476716936,
,,,-0.0137389999999999,0,
,,,-0.013707,0.0195312476716936,
,,,-0.013675,0.0390624953433871,
,,,-0.013643,0.0585937430150807,
,,,-0.013611,0,
,,,-0.013579,0,
,,,-0.013547,0,
,,,-0.0135150000000001,0.0195312476716936,
,,,-0.013483,0.0195312476716936,
,,,-0.013451,0.0195312476716936,
,,,-0.013419,0,
,,,-0.013387,0.0390624953433871,
,,,-0.013355,0.0390624953433871,
,,,-0.013323,0.0195312476716936,
,,,-0.0132910000000001,-0.0214843724388629,
,,,-0.013259,0,
,,,-0.013227,0.0195312476716936,
,,,-0.013195,0,
,,,-0.013163,0.0195312476716936,
,,,-0.013131,0.0195312476716936,
,,,-0.013099,0,
,,,-0.0130670000000001,0.0195312476716936,
,,,-0.013035,-0.0214843724388629,
,,,-0.013003,0,
,,,-0.012971,0.0195312476716936,
,,,-0.012939,0.0195312476716936,
,,,-0.012907,0,
,,,-0.012875,0.0195312476716936,
,,,-0.012843,0.0195312476716936,
,,,-0.012811,0.0195312476716936,
,,,-0.012779,0,
,,,-0.012747,0,
,,,-0.012715,0.0195312476716936,
,,,-0.012683,-0.0410156201105565,
,,,-0.012651,0.0195312476716936,
,,,-0.012619,0.0390624953433871,
,,,-0.012587,-0.0410156201105565,
,,,-0.012555,0.0195312476716936,
,,,-0.012523,0,
,,,-0.012491,0.0195312476716936,
,,,-0.012459,0,
,,,-0.012427,0,
,,,-0.012395,0,
,,,-0.012363,0.0195312476716936,
,,,-0.012331,-0.0214843724388629,
,,,-0.0122989999999999,0,
,,,-0.012267,0.0195312476716936,
,,,-0.012235,0.0195312476716936,
,,,-0.012203,-0.0214843724388629,
,,,-0.012171,0.0195312476716936,
,,,-0.012139,0,
,,,-0.012107,-0.0214843724388629,
,,,-0.0120749999999999,-0.0214843724388629,
,,,-0.012043,0.0195312476716936,
,,,-0.012011,0,
,,,-0.011979,-0.0214843724388629,
,,,-0.011947,0.0195312476716936,
,,,-0.011915,0.0195312476716936,
,,,-0.011883,0.0195312476716936,
,,,-0.0118509999999999,0,
,,,-0.011819,0,
,,,-0.011787,0.0195312476716936,
,,,-0.011755,0.0195312476716936,
,,,-0.011723,0,
,,,-0.011691,0,
,,,-0.011659,0.0195312476716936,
,,,-0.0116270000000001,0,
,,,-0.011595,0.0195312476716936,
,,,-0.011563,0,
,,,-0.011531,0.0195312476716936,
,,,-0.011499,0.0195312476716936,
,,,-0.011467,0.0195312476716936,
,,,-0.011435,0,
,,,-0.0114030000000001,0,
,,,-0.011371,0.0195312476716936,
,,,-0.011339,0.0195312476716936,
,,,-0.011307,-0.0214843724388629,
,,,-0.011275,0,
,,,-0.011243,0,
,,,-0.011211,0,
,,,-0.0111790000000001,0.0195312476716936,
,,,-0.011147,0.0195312476716936,
,,,-0.011115,0,
,,,-0.011083,0,
,,,-0.011051,0.0390624953433871,
,,,-0.011019,0.0195312476716936,
,,,-0.010987,0,
,,,-0.010955,-0.0214843724388629,
,,,-0.010923,0.0195312476716936,
,,,-0.010891,0,
,,,-0.010859,0,
,,,-0.010827,0,
,,,-0.010795,0,
,,,-0.010763,0.0195312476716936,
,,,-0.010731,0,
,,,-0.010699,0,
,,,-0.010667,0,
,,,-0.010635,0,
,,,-0.010603,0,
,,,-0.010571,0,
,,,-0.010539,0,
,,,-0.010507,0,
,,,-0.010475,0,
,,,-0.010443,0,
,,,-0.0104109999999999,-0.0214843724388629,
,,,-0.010379,0,
,,,-0.010347,-0.0214843724388629,
,,,-0.010315,-0.0214843724388629,
,,,-0.010283,0,
,,,-0.010251,0,
,,,-0.010219,0,
,,,-0.0101869999999999,0,
,,,-0.010155,-0.0214843724388629,
,,,-0.010123,0,
,,,-0.010091,0.0195312476716936,
,,,-0.010059,0,
,,,-0.010027,0.0195312476716936,
,,,-0.00999499999999998,-0.0214843724388629,
,,,-0.00996300000000006,0,
,,,-0.00993100000000002,0,
,,,-0.00989899999999999,0,
,,,-0.00986699999999996,0,
,,,-0.00983500000000004,0,
,,,-0.00980300000000001,0,
,,,-0.00977099999999997,0.0195312476716936,
,,,-0.00973900000000005,0,
,,,-0.00970700000000002,0,
,,,-0.00967499999999999,0.0195312476716936,
,,,-0.00964299999999996,0,
,,,-0.00961100000000004,0,
,,,-0.009579,0.0390624953433871,
,,,-0.00954699999999997,0,
,,,-0.00951500000000005,0,
,,,-0.00948300000000002,0.0195312476716936,
,,,-0.00945099999999999,0,
,,,-0.00941899999999996,0.0195312476716936,
,,,-0.00938700000000003,0.0195312476716936,
,,,-0.009355,0,
,,,-0.00932299999999997,-0.0214843724388629,
,,,-0.00929100000000005,-0.0214843724388629,
,,,-0.00925900000000002,0.0195312476716936,
,,,-0.00922699999999999,0.0195312476716936,
,,,-0.00919499999999995,0.0195312476716936,
,,,-0.00916300000000003,0,
,,,-0.009131,0,
,,,-0.00909899999999997,0,
,,,-0.00906700000000005,0,
,,,-0.00903500000000002,0.0195312476716936,
,,,-0.00900299999999998,-0.0214843724388629,
,,,-0.00897099999999995,0.0195312476716936,
,,,-0.00893900000000003,0,
,,,-0.008907,0.0195312476716936,
,,,-0.00887499999999997,0,
,,,-0.00884300000000005,0,
,,,-0.00881100000000001,0,
,,,-0.00877899999999998,0.0195312476716936,
,,,-0.00874699999999995,0.0195312476716936,
,,,-0.00871500000000003,0.0195312476716936,
,,,-0.008683,0,
,,,-0.00865099999999996,0.0390624953433871,
,,,-0.00861900000000004,0.0195312476716936,
,,,-0.00858700000000001,0.0195312476716936,
,,,-0.00855499999999998,0.0195312476716936,
,,,-0.00852299999999995,0.0195312476716936,
,,,-0.00849100000000003,0,
,,,-0.00845899999999999,0.0195312476716936,
,,,-0.00842699999999996,0.0195312476716936,
,,,-0.00839500000000004,0.0195312476716936,
,,,-0.00836300000000001,0.0195312476716936,
,,,-0.00833099999999998,0.0195312476716936,
,,,-0.00829899999999995,0.0195312476716936,
,,,-0.00826700000000002,-0.0214843724388629,
,,,-0.00823499999999999,0.0195312476716936,
,,,-0.00820299999999996,0,
,,,-0.00817100000000004,0.0195312476716936,
,,,-0.00813900000000001,0.0195312476716936,
,,,-0.00810699999999998,-0.0214843724388629,
,,,-0.00807500000000005,0.0195312476716936,
,,,-0.00804300000000002,0,
,,,-0.00801099999999999,0.0195312476716936,
,,,-0.00797899999999996,0,
,,,-0.00794700000000004,0.0195312476716936,
,,,-0.00791500000000001,0.0195312476716936,
,,,-0.00788299999999997,0.0195312476716936,
,,,-0.00785100000000005,0.0195312476716936,
,,,-0.00781900000000002,0,
,,,-0.00778699999999999,0.0195312476716936,
,,,-0.00775499999999996,0,
,,,-0.00772300000000004,0.0195312476716936,
,,,-0.007691,0.0195312476716936,
,,,-0.00765899999999997,0.0195312476716936,
,,,-0.00762700000000005,0,
,,,-0.00759500000000002,0.0195312476716936,
,,,-0.00756299999999999,0.0195312476716936,
,,,-0.00753099999999995,0,
,,,-0.00749900000000003,0,
,,,-0.007467,0.0195312476716936,
,,,-0.00743499999999997,0,
,,,-0.00740300000000005,0,
,,,-0.00737100000000002,0.0195312476716936,
,,,-0.00733899999999998,0.0195312476716936,
,,,-0.00730699999999995,0.0195312476716936,
,,,-0.00727500000000003,0,
,,,-0.007243,0,
,,,-0.00721099999999997,0.0195312476716936,
,,,-0.00717900000000005,0.0195312476716936,
,,,-0.00714700000000001,0.0195312476716936,
,,,-0.00711499999999998,0,
,,,-0.00708299999999995,0.0195312476716936,
,,,-0.00705100000000003,0,
,,,-0.007019,0,
,,,-0.00698699999999997,0,
,,,-0.00695500000000004,0,
,,,-0.00692300000000001,0.0195312476716936,
,,,-0.00689099999999998,0,
,,,-0.00685899999999995,0.0195312476716936,
,,,-0.00682700000000003,0,
,,,-0.006795,0.0195312476716936,
,,,-0.00676299999999996,0.0195312476716936,
,,,-0.00673100000000004,0,
,,,-0.00669900000000001,0.0195312476716936,
,,,-0.00666699999999998,0,
,,,-0.00663499999999995,0.0195312476716936,
,,,-0.00660300000000003,0.0195312476716936,
,,,-0.00657099999999999,0.0195312476716936,
,,,-0.00653899999999996,0.0390624953433871,
,,,-0.00650700000000004,0,
,,,-0.00647500000000001,0,
,,,-0.00644299999999998,-0.0214843724388629,
,,,-0.00641100000000006,0,
,,,-0.00637900000000002,0.0195312476716936,
,,,-0.00634699999999999,0.0195312476716936,
,,,-0.00631499999999996,0.0195312476716936,
,,,-0.00628300000000004,0.0195312476716936,
,,,-0.00625100000000001,0.0195312476716936,
,,,-0.00621899999999997,0.0195312476716936,
,,,-0.00618700000000005,0.0195312476716936,
,,,-0.00615500000000002,0.0195312476716936,
,,,-0.00612299999999999,0,
,,,-0.00609099999999996,0,
,,,-0.00605900000000004,0,
,,,-0.006027,0.0195312476716936,
,,,-0.00599499999999997,0.0390624953433871,
,,,-0.00596300000000005,0,
,,,-0.00593100000000002,0.0195312476716936,
,,,-0.00589899999999999,0,
,,,-0.00586699999999996,0,
,,,-0.00583500000000003,0.0195312476716936,
,,,-0.005803,0,
,,,-0.00577099999999997,0.0195312476716936,
,,,-0.00573900000000005,-0.0214843724388629,
,,,-0.00570700000000002,0,
,,,-0.00567499999999999,0,
,,,-0.00564299999999995,0,
,,,-0.00561100000000003,0,
,,,-0.005579,0.0390624953433871,
,,,-0.00554699999999997,0.0390624953433871,
,,,-0.00551500000000005,0.0195312476716936,
,,,-0.00548300000000002,0.0195312476716936,
,,,-0.00545099999999998,0,
,,,-0.00541899999999995,0,
,,,-0.00538700000000003,0.0195312476716936,
,,,-0.005355,0.0390624953433871,
,,,-0.00532299999999997,-0.0214843724388629,
,,,-0.00529100000000005,0,
,,,-0.00525900000000001,0,
,,,-0.00522699999999998,0.0195312476716936,
,,,-0.00519499999999995,0,
,,,-0.00516300000000003,0.0195312476716936,
,,,-0.005131,0.0195312476716936,
,,,-0.00509899999999996,0,
,,,-0.00506700000000004,0,
,,,-0.00503500000000001,0,
,,,-0.00500299999999998,0,
,,,-0.00497099999999995,-0.0800781154539436,
,,,-0.00493900000000003,-0.0214843724388629,
,,,-0.00490699999999999,0.0195312476716936,
,,,-0.00487499999999996,0,
,,,-0.00484300000000004,0,
,,,-0.00481100000000001,0,
,,,-0.00477899999999998,0,
,,,-0.00474699999999995,0.0195312476716936,
,,,-0.00471500000000002,0.0195312476716936,
,,,-0.00468299999999999,0.0195312476716936,
,,,-0.00465099999999996,0,
,,,-0.00461900000000004,0,
,,,-0.00458700000000001,0,
,,,-0.00455499999999998,-0.0214843724388629,
,,,-0.00452300000000005,0,
,,,-0.00449100000000002,0,
,,,-0.00445899999999999,0,
,,,-0.00442699999999996,0,
,,,-0.00439500000000004,0,
,,,-0.00436300000000001,0.0195312476716936,
,,,-0.00433099999999997,0.0195312476716936,
,,,-0.00429900000000005,0,
,,,-0.00426700000000002,-0.0214843724388629,
,,,-0.00423499999999999,-0.0410156201105565,
,,,-0.00420299999999996,0.0195312476716936,
,,,-0.00417100000000004,0.0195312476716936,
,,,-0.004139,0,
,,,-0.00410699999999997,0.0195312476716936,
,,,-0.00407500000000005,0.0195312476716936,
,,,-0.00404300000000002,0.0195312476716936,
,,,-0.00401099999999999,0.0195312476716936,
,,,-0.00397899999999995,-0.0214843724388629,
,,,-0.00394700000000003,0.0195312476716936,
,,,-0.003915,0,
,,,-0.00388299999999997,0.0195312476716936,
,,,-0.00385100000000005,0.0195312476716936,
,,,-0.00381900000000002,0.0195312476716936,
,,,-0.00378699999999998,0,
,,,-0.00375499999999995,0,
,,,-0.00372300000000003,0,
,,,-0.003691,0.0195312476716936,
,,,-0.00365899999999997,0.0195312476716936,
,,,-0.00362700000000005,0,
,,,-0.00359500000000001,0,
,,,-0.00356299999999998,0,
,,,-0.00353099999999995,0.0195312476716936,
,,,-0.00349900000000003,0.0390624953433871,
,,,-0.003467,0.0195312476716936,
,,,-0.00343499999999997,0.0195312476716936,
,,,-0.00340300000000004,0.0195312476716936,
,,,-0.00337100000000001,0,
,,,-0.00333899999999998,-0.0214843724388629,
,,,-0.00330699999999995,0,
,,,-0.00327500000000003,0,
,,,-0.003243,0,
,,,-0.00321099999999996,0.0195312476716936,
,,,-0.00317900000000004,0,
,,,-0.00314700000000001,0.0195312476716936,
,,,-0.00311499999999998,0,
,,,-0.00308299999999995,0.0195312476716936,
,,,-0.00305100000000003,0.0195312476716936,
,,,-0.00301899999999999,0.0195312476716936,
,,,-0.00298699999999996,0.0195312476716936,
,,,-0.00295500000000004,0,
,,,-0.00292300000000001,0,
,,,-0.00289099999999998,0.0195312476716936,
,,,-0.00285900000000006,-0.0214843724388629,
,,,-0.00282700000000002,0.0195312476716936,
,,,-0.00279499999999999,0.0195312476716936,
,,,-0.00276299999999996,0,
,,,-0.00273100000000004,0,
,,,-0.00269900000000001,0.0195312476716936,
,,,-0.00266699999999997,0.0195312476716936,
,,,-0.00263500000000005,0.0195312476716936,
,,,-0.00260300000000002,0,
,,,-0.00257099999999999,0.0195312476716936,
,,,-0.00253899999999996,0,
,,,-0.00250700000000004,0.0195312476716936,
,,,-0.00247500000000001,0.0195312476716936,
,,,-0.00244299999999997,0,
,,,-0.00241100000000005,0.0195312476716936,
,,,-0.00237900000000002,0,
,,,-0.00234699999999999,0.0195312476716936,
,,,-0.00231499999999996,0,
,,,-0.00228300000000004,0,
,,,-0.002251,0,
,,,-0.00221899999999997,0.0195312476716936,
,,,-0.00218700000000005,-0.0214843724388629,
,,,-0.00215500000000002,0,
,,,-0.00212299999999999,0,
,,,-0.00209099999999995,0,
,,,-0.00205900000000003,0,
,,,-0.002027,0.0195312476716936,
,,,-0.00199499999999997,0.0195312476716936,
,,,-0.00196300000000005,0,
,,,-0.00193100000000002,0.0195312476716936,
,,,-0.00189899999999998,0,
,,,-0.00186699999999995,0,
,,,-0.00183500000000003,0,
,,,-0.001803,0.0195312476716936,
,,,-0.00177099999999997,0.0195312476716936,
,,,-0.00173900000000005,0.0195312476716936,
,,,-0.00170700000000001,0.0195312476716936,
,,,-0.00167499999999998,0.0390624953433871,
,,,-0.00164299999999995,0,
,,,-0.00161100000000003,-0.0214843724388629,
,,,-0.001579,0.0195312476716936,
,,,-0.00154699999999997,0,
,,,-0.00151500000000004,0,
,,,-0.00148300000000001,-0.0214843724388629,
,,,-0.00145099999999998,0.0195312476716936,
,,,-0.00141899999999995,0.0195312476716936,
,,,-0.00138700000000003,0,
,,,-0.001355,0.0195312476716936,
,,,-0.00132299999999996,0,
,,,-0.00129100000000004,0.0195312476716936,
,,,-0.00125900000000001,0,
,,,-0.00122699999999998,0,
,,,-0.00119499999999995,0,
,,,-0.00116300000000003,0.0195312476716936,
,,,-0.00113099999999999,0,
,,,-0.00109899999999996,0.0195312476716936,
,,,-0.00106700000000004,-0.0214843724388629,
,,,-0.00103500000000001,0.0195312476716936,
,,,-0.00100299999999998,0,
,,,-0.000971000000000055,0,
,,,-0.000939000000000023,0.0195312476716936,
,,,-0.000906999999999991,0,
,,,-0.000874999999999959,0.0195312476716936,
,,,-0.000843000000000038,0.0195312476716936,
,,,-0.000811000000000006,0.0195312476716936,
,,,-0.000778999999999974,0.0390624953433871,
,,,-0.000747000000000053,0,
,,,-0.000715000000000021,0,
,,,-0.000682999999999989,0.0195312476716936,
,,,-0.000650999999999957,0,
,,,-0.000619000000000036,0.0195312476716936,
,,,-0.000587000000000004,0,
,,,-0.000554999999999972,0.0195312476716936,
,,,-0.000523000000000051,0,
,,,-0.000491000000000019,0.0195312476716936,
,,,-0.000458999999999987,0,
,,,-0.000426999999999955,0.0195312476716936,
,,,-0.000395000000000034,0,
,,,-0.000363000000000002,0.0195312476716936,
,,,-0.00033099999999997,-0.0214843724388629,
,,,-0.000299000000000049,0,
,,,-0.000267000000000017,0,
,,,-0.000234999999999985,0.0195312476716936,
,,,-0.000202999999999953,0.0195312476716936,
,,,-0.000171000000000032,0,
,,,-0.000139,0,
,,,-0.000106999999999968,0.0195312476716936,
,,,-7.50000000000473E-05,0.0195312476716936,
,,,-4.30000000000152E-05,0,
,,,-1.09999999999832E-05,0,
,,,2.10000000000488E-05,0,
,,,5.29999999999697E-05,0,
,,,8.50000000000017E-05,0.0195312476716936,
,,,0.000117000000000034,0,
,,,0.000148999999999955,0.0390624953433871,
,,,0.000180999999999987,0,
,,,0.000213000000000019,0.0195312476716936,
,,,0.000245000000000051,0,
,,,0.000276999999999972,0,
,,,0.000309000000000004,0.0585937430150807,
,,,0.000341000000000036,0.0195312476716936,
,,,0.000372999999999957,0,
,,,0.000404999999999989,0,
,,,0.000437000000000021,0.0195312476716936,
,,,0.000469000000000053,0.0195312476716936,
,,,0.000500999999999974,0,
,,,0.000533000000000006,0,
,,,0.000565000000000038,0,
,,,0.000596999999999959,-0.0214843724388629,
,,,0.000628999999999991,0,
,,,0.000661000000000023,0.0195312476716936,
,,,0.000693000000000055,0,
,,,0.000724999999999976,0.0195312476716936,
,,,0.000757000000000008,0,
,,,0.00078900000000004,0.0195312476716936,
,,,0.000820999999999961,0.0195312476716936,
,,,0.000852999999999993,-0.0214843724388629,
,,,0.000885000000000025,0,
,,,0.000916999999999946,0.0195312476716936,
,,,0.000948999999999978,0,
,,,0.00098100000000001,0.0195312476716936,
,,,0.00101300000000004,0,
,,,0.00104499999999996,0.0195312476716936,
,,,0.00107699999999999,-0.0214843724388629,
,,,0.00110900000000003,0.0390624953433871,
,,,0.00114099999999995,0.0195312476716936,
,,,0.00117299999999998,0,
,,,0.00120500000000001,0.0195312476716936,
,,,0.00123700000000004,0,
,,,0.00126899999999996,0.0195312476716936,
,,,0.001301,-0.0214843724388629,
,,,0.00133300000000003,0.0195312476716936,
,,,0.00136499999999995,0.0195312476716936,
,,,0.00139699999999998,0.0195312476716936,
,,,0.00142900000000001,0,
,,,0.00146100000000005,0,
,,,0.00149299999999997,-0.0214843724388629,
,,,0.001525,0.0390624953433871,
,,,0.00155700000000003,0.0195312476716936,
,,,0.00158899999999995,0.0585937430150807,
,,,0.00162099999999998,0,
,,,0.00165300000000002,0.0195312476716936,
,,,0.00168500000000005,0.0195312476716936,
,,,0.00171699999999997,0.0195312476716936,
,,,0.001749,-0.0214843724388629,
,,,0.00178100000000003,0.0390624953433871,
,,,0.00181299999999995,0.0195312476716936,
,,,0.00184499999999999,0.0195312476716936,
,,,0.00187700000000002,0.0195312476716936,
,,,0.00190900000000005,0.0195312476716936,
,,,0.00194099999999997,0.0195312476716936,
,,,0.001973,0.0195312476716936,
,,,0.00200500000000003,0.0195312476716936,
,,,0.00203699999999996,0,
,,,0.00206899999999999,0.0195312476716936,
,,,0.00210100000000002,0,
,,,0.00213300000000005,0,
,,,0.00216499999999997,0,
,,,0.002197,0.0195312476716936,
,,,0.00222900000000004,0.0195312476716936,
,,,0.00226099999999996,0,
,,,0.00229299999999999,0,
,,,0.00232500000000002,0.0195312476716936,
,,,0.00235700000000005,0.0195312476716936,
,,,0.00238899999999997,0.0195312476716936,
,,,0.00242100000000001,0.0195312476716936,
,,,0.00245300000000004,0.0195312476716936,
,,,0.00248499999999996,0.0195312476716936,
,,,0.00251699999999999,0.0195312476716936,
,,,0.00254900000000002,0.0195312476716936,
,,,0.00258099999999994,-0.0214843724388629,
,,,0.00261299999999998,0.0195312476716936,
,,,0.00264500000000001,0,
,,,0.00267700000000004,0,
,,,0.00270899999999996,-0.0214843724388629,
,,,0.00274099999999999,0.0195312476716936,
,,,0.00277300000000003,0.0195312476716936,
,,,0.00280499999999995,0.0390624953433871,
,,,0.00283699999999998,0.0195312476716936,
,,,0.00286900000000001,0,
,,,0.00290100000000004,0.0195312476716936,
,,,0.00293299999999996,0,
,,,0.002965,0,
,,,0.00299700000000003,0,
,,,0.00302899999999995,0.0195312476716936,
,,,0.00306099999999998,0,
,,,0.00309300000000001,0.0195312476716936,
,,,0.00312500000000004,0,
,,,0.00315700000000008,0.0195312476716936,
,,,0.00318900000000011,0.0195312476716936,
,,,0.00322099999999992,0.0195312476716936,
,,,0.00325299999999995,0.0195312476716936,
,,,0.00328499999999998,0.0195312476716936,
,,,0.00331700000000001,0.0195312476716936,
,,,0.00334900000000005,0.0195312476716936,
,,,0.00338100000000008,0.0195312476716936,
,,,0.00341299999999989,0.0195312476716936,
,,,0.00344499999999992,0.0195312476716936,
,,,0.00347699999999995,0.0195312476716936,
,,,0.00350899999999998,0.0390624953433871,
,,,0.00354100000000002,0.0195312476716936,
,,,0.00357300000000005,0.0195312476716936,
,,,0.00360500000000008,0.0195312476716936,
,,,0.00363699999999989,0,
,,,0.00366899999999992,0.0390624953433871,
,,,0.00370099999999995,-0.0214843724388629,
,,,0.00373299999999999,0.0195312476716936,
,,,0.00376500000000002,0.0390624953433871,
,,,0.00379700000000005,0,
,,,0.00382900000000008,0.0195312476716936,
,,,0.00386099999999989,0,
,,,0.00389299999999992,0,
,,,0.00392499999999996,0,
,,,0.00395699999999999,0.0195312476716936,
,,,0.00398900000000002,0.0195312476716936,
,,,0.00402100000000005,0.0195312476716936,
,,,0.00405300000000008,0.0195312476716936,
,,,0.00408499999999989,0,
,,,0.00411699999999993,0,
,,,0.00414899999999996,0,
,,,0.00418099999999999,0,
,,,0.00421300000000002,0.0195312476716936,
,,,0.00424500000000005,0.0195312476716936,
,,,0.00427700000000009,0.0195312476716936,
,,,0.0043089999999999,0.0195312476716936,
,,,0.00434099999999993,0.0195312476716936,
,,,0.00437299999999996,0.0195312476716936,
,,,0.00440499999999999,0,
,,,0.00443700000000002,0,
,,,0.00446900000000006,0.0195312476716936,
,,,0.00450100000000009,0,
,,,0.0045329999999999,0.0195312476716936,
,,,0.00456499999999993,0,
,,,0.00459699999999996,0,
,,,0.00462899999999999,0,
,,,0.00466100000000003,0,
,,,0.00469300000000006,0.0390624953433871,
,,,0.00472500000000009,0.0195312476716936,
,,,0.0047569999999999,0,
,,,0.00478899999999993,0.0195312476716936,
,,,0.00482099999999996,0.0195312476716936,
,,,0.004853,0,
,,,0.00488500000000003,0,
,,,0.00491700000000006,0,
,,,0.00494900000000009,-0.0214843724388629,
,,,0.0049809999999999,0,
,,,0.00501299999999993,0,
,,,0.00504499999999997,0,
,,,0.005077,0,
,,,0.00510900000000003,0,
,,,0.00514100000000006,-0.0214843724388629,
,,,0.00517300000000009,0.0195312476716936,
,,,0.0052049999999999,0.0195312476716936,
,,,0.00523699999999994,0,
,,,0.00526899999999997,0,
,,,0.005301,0,
,,,0.00533300000000003,0.0195312476716936,
,,,0.00536500000000006,0,
,,,0.0053970000000001,0.0195312476716936,
,,,0.00542899999999991,0,
,,,0.00546099999999994,0,
,,,0.00549299999999997,0.0195312476716936,
,,,0.005525,0,
,,,0.00555700000000003,0.0195312476716936,
,,,0.00558900000000007,0,
,,,0.0056210000000001,-0.0214843724388629,
,,,0.00565299999999991,-0.0214843724388629,
,,,0.00568499999999994,0.0390624953433871,
,,,0.00571699999999997,0.0195312476716936,
,,,0.005749,0,
,,,0.00578100000000004,0,
,,,0.00581300000000007,0,
,,,0.0058450000000001,0,
,,,0.00587699999999991,0,
,,,0.00590899999999994,0.0195312476716936,
,,,0.00594099999999997,0,
,,,0.00597300000000001,0.0195312476716936,
,,,0.00600500000000004,0,
,,,0.00603700000000007,0.0195312476716936,
,,,0.0060690000000001,0,
,,,0.00610099999999991,0,
,,,0.00613299999999994,0,
,,,0.00616499999999998,0,
,,,0.00619700000000001,0,
,,,0.00622900000000004,0,
,,,0.00626100000000007,0,
,,,0.0062930000000001,0,
,,,0.00632499999999991,0.0195312476716936,
,,,0.00635699999999995,0,
,,,0.00638899999999998,0.0195312476716936,
,,,0.00642100000000001,0,
,,,0.00645300000000004,0.0195312476716936,
,,,0.00648500000000007,0,
,,,0.00651700000000011,0.0195312476716936,
,,,0.00654899999999992,0.0195312476716936,
,,,0.00658099999999995,0.0195312476716936,
,,,0.00661299999999998,0,
,,,0.00664500000000001,0.0195312476716936,
,,,0.00667700000000004,0,
,,,0.00670900000000008,0.0195312476716936,
,,,0.00674100000000011,0,
,,,0.00677299999999992,0,
,,,0.00680499999999995,0,
,,,0.00683699999999998,-0.0214843724388629,
,,,0.00686900000000001,0.0195312476716936,
,,,0.00690100000000005,0,
,,,0.00693300000000008,0,
,,,0.00696500000000011,0,
,,,0.00699699999999992,0.0195312476716936,
,,,0.00702899999999995,0,
,,,0.00706099999999998,0,
,,,0.00709300000000002,0.0195312476716936,
,,,0.00712500000000005,0,
,,,0.00715700000000008,0,
,,,0.00718899999999989,0,
,,,0.00722099999999992,-0.0214843724388629,
,,,0.00725299999999995,0,
,,,0.00728499999999999,0,
,,,0.00731700000000002,0,
,,,0.00734900000000005,0.0195312476716936,
,,,0.00738100000000008,0,
,,,0.00741299999999989,0.0195312476716936,
,,,0.00744499999999992,0,
,,,0.00747699999999996,0,
,,,0.00750899999999999,0.0195312476716936,
,,,0.00754100000000002,0.0195312476716936,
,,,0.00757300000000005,0,
,,,0.00760500000000008,0.0195312476716936,
,,,0.00763699999999989,0.0195312476716936,
,,,0.00766899999999993,0,
,,,0.00770099999999996,0.0195312476716936,
,,,0.00773299999999999,0.0195312476716936,
,,,0.00776500000000002,0,
,,,0.00779700000000005,-0.0214843724388629,
,,,0.00782900000000009,-0.0214843724388629,
,,,0.0078609999999999,0.0195312476716936,
,,,0.00789299999999993,0,
,,,0.00792499999999996,0.0195312476716936,
,,,0.00795699999999999,0,
,,,0.00798900000000002,0.0195312476716936,
,,,0.00802100000000006,0,
,,,0.00805300000000009,0.0195312476716936,
,,,0.0080849999999999,0,
,,,0.00811699999999993,0,
,,,0.00814899999999996,0.0195312476716936,
,,,0.00818099999999999,0.0195312476716936,
,,,0.00821300000000003,0.0390624953433871,
,,,0.00824500000000006,0,
,,,0.00827700000000009,0.0195312476716936,
,,,0.0083089999999999,0.0390624953433871,
,,,0.00834099999999993,0.0195312476716936,
,,,0.00837299999999996,0,
,,,0.008405,0.0195312476716936,
,,,0.00843700000000003,0,
,,,0.00846900000000006,0,
,,,0.00850100000000009,0,
,,,0.0085329999999999,0,
,,,0.00856499999999993,0.0195312476716936,
,,,0.00859699999999997,0.0195312476716936,
,,,0.008629,0,
,,,0.00866100000000003,0.0195312476716936,
,,,0.00869300000000006,0.0195312476716936,
,,,0.00872500000000009,0.0195312476716936,
,,,0.0087569999999999,-0.0214843724388629,
,,,0.00878899999999994,0,
,,,0.00882099999999997,0.0195312476716936,
,,,0.008853,0.0195312476716936,
,,,0.00888500000000003,0.0195312476716936,
,,,0.00891700000000006,0.0195312476716936,
,,,0.0089490000000001,0,
,,,0.00898099999999991,0.0195312476716936,
,,,0.00901299999999994,0.0195312476716936,
,,,0.00904499999999997,0.0195312476716936,
,,,0.009077,-0.0214843724388629,
,,,0.00910900000000003,0.0195312476716936,
,,,0.00914100000000007,0,
,,,0.0091730000000001,0,
,,,0.00920499999999991,0.0195312476716936,
,,,0.00923699999999994,0.0195312476716936,
,,,0.00926899999999997,0.0195312476716936,
,,,0.009301,0.0390624953433871,
,,,0.00933300000000004,-0.0214843724388629,
,,,0.00936500000000007,0.0195312476716936,
,,,0.0093970000000001,0,
,,,0.00942899999999991,0.0195312476716936,
,,,0.00946099999999994,0,
,,,0.00949299999999997,0.0195312476716936,
,,,0.00952500000000001,0.0195312476716936,
,,,0.00955700000000004,0.0195312476716936,
,,,0.00958900000000007,0.0195312476716936,
,,,0.0096210000000001,0,
,,,0.00965299999999991,0.0195312476716936,
,,,0.00968499999999994,0.0195312476716936,
,,,0.00971699999999998,0.0195312476716936,
,,,0.00974900000000001,0.0195312476716936,
,,,0.00978100000000004,0.0195312476716936,
,,,0.00981300000000007,0.0195312476716936,
,,,0.0098450000000001,0,
,,,0.00987699999999991,0.0195312476716936,
,,,0.00990899999999995,-0.0214843724388629,
,,,0.00994099999999998,0,
,,,0.00997300000000001,0.0195312476716936,
,,,0.010005,0.0195312476716936,
,,,0.0100370000000001,0.0390624953433871,
,,,0.0100690000000001,0.0195312476716936,
,,,0.0101009999999999,0,
,,,0.0101329999999999,0.0195312476716936,
,,,0.010165,0.0195312476716936,
,,,0.010197,0,
,,,0.010229,0,
,,,0.0102610000000001,0.0195312476716936,
,,,0.0102930000000001,0,
,,,0.0103249999999999,0.0195312476716936,
,,,0.0103569999999999,0.0195312476716936,
,,,0.010389,0,
,,,0.010421,0.0195312476716936,
,,,0.010453,0.0195312476716936,
,,,0.0104850000000001,0.0195312476716936,
,,,0.0105170000000001,-0.0214843724388629,
,,,0.0105489999999999,0,
,,,0.010581,0.0195312476716936,
,,,0.010613,0.0195312476716936,
,,,0.010645,0,
,,,0.010677,0.0195312476716936,
,,,0.0107090000000001,0,
,,,0.0107409999999999,-0.0410156201105565,
,,,0.0107729999999999,0.0195312476716936,
,,,0.010805,0.0195312476716936,
,,,0.010837,0.0195312476716936,
,,,0.010869,0.0195312476716936,
,,,0.010901,0,
,,,0.0109330000000001,0,
,,,0.0109649999999999,0,
,,,0.0109969999999999,0,
,,,0.011029,0,
,,,0.011061,0.0195312476716936,
,,,0.011093,0.0195312476716936,
,,,0.0111250000000001,0.0585937430150807,
,,,0.0111570000000001,0,
,,,0.0111889999999999,0,
,,,0.0112209999999999,0.0390624953433871,
,,,0.011253,0.0195312476716936,
,,,0.011285,-0.0214843724388629,
,,,0.011317,0,
,,,0.0113490000000001,0.0195312476716936,
,,,0.0113810000000001,0,
,,,0.0114129999999999,0,
,,,0.0114449999999999,0,
,,,0.011477,0.0195312476716936,
,,,0.011509,0.0195312476716936,
,,,0.011541,0.0195312476716936,
,,,0.0115730000000001,0.0195312476716936,
,,,0.0116050000000001,0.0195312476716936,
,,,0.0116369999999999,0.0195312476716936,
,,,0.0116689999999999,0.0195312476716936,
,,,0.011701,0.0195312476716936,
,,,0.011733,0,
,,,0.011765,0,
,,,0.0117970000000001,-0.0214843724388629,
,,,0.0118290000000001,0.0195312476716936,
,,,0.0118609999999999,0,
,,,0.0118929999999999,-0.0214843724388629,
,,,0.011925,0,
,,,0.011957,0,
,,,0.011989,0.0195312476716936,
,,,0.0120210000000001,0,
,,,0.0120530000000001,0,
,,,0.0120849999999999,0.0195312476716936,
,,,0.0121169999999999,0.0195312476716936,
,,,0.012149,0,
,,,0.012181,0.0195312476716936,
,,,0.012213,0,
,,,0.0122450000000001,-0.0214843724388629,
,,,0.0122770000000001,0.0195312476716936,
,,,0.0123089999999999,0,
,,,0.0123409999999999,0,
,,,0.012373,0,
,,,0.012405,0,
,,,0.012437,0,
,,,0.0124690000000001,-0.0214843724388629,
,,,0.0125010000000001,0.0195312476716936,
,,,0.0125329999999999,0,
,,,0.0125649999999999,0,
,,,0.012597,0.0195312476716936,
,,,0.012629,0,
,,,0.012661,-0.0214843724388629,
,,,0.0126930000000001,0,
,,,0.0127250000000001,-0.0214843724388629,
,,,0.0127569999999999,0,
,,,0.0127889999999999,0,
,,,0.012821,0.0195312476716936,
,,,0.012853,-0.0214843724388629,
,,,0.012885,0,
,,,0.0129170000000001,0,
,,,0.0129490000000001,0.0195312476716936,
,,,0.0129809999999999,0.0195312476716936,
,,,0.0130129999999999,0,
,,,0.013045,0.0195312476716936,
,,,0.013077,0.0195312476716936,
,,,0.013109,0.0195312476716936,
,,,0.0131410000000001,-0.0214843724388629,
,,,0.0131730000000001,0,
,,,0.0132049999999999,0,
,,,0.0132369999999999,0.0195312476716936,
,,,0.013269,0,
,,,0.013301,0,
,,,0.013333,0.0195312476716936,
,,,0.0133650000000001,0.0195312476716936,
,,,0.0133970000000001,0.0195312476716936,
,,,0.0134289999999999,0.0195312476716936,
,,,0.0134609999999999,0,
,,,0.013493,0.0195312476716936,
,,,0.013525,0.0195312476716936,
,,,0.013557,0,
,,,0.0135890000000001,0.0195312476716936,
,,,0.0136210000000001,0.0195312476716936,
,,,0.0136529999999999,0.0195312476716936,
,,,0.0136849999999999,0,
,,,0.013717,0.0195312476716936,
,,,0.013749,0.0195312476716936,
,,,0.013781,0,
,,,0.0138130000000001,0.0195312476716936,
,,,0.0138450000000001,0,
,,,0.0138769999999999,0.0195312476716936,
,,,0.0139089999999999,0.0195312476716936,
,,,0.013941,0,
,,,0.013973,0,
,,,0.014005,-0.0214843724388629,
,,,0.0140370000000001,0,
,,,0.0140690000000001,0.0195312476716936,
,,,0.0141009999999999,0,
,,,0.014133,0.0390624953433871,
,,,0.014165,-0.0214843724388629,
,,,0.014197,0.0195312476716936,
,,,0.014229,0,
,,,0.0142610000000001,0,
,,,0.0142929999999999,0,
,,,0.0143249999999999,0,
,,,0.014357,0,
,,,0.014389,0.0195312476716936,
,,,0.014421,0.0195312476716936,
,,,0.014453,0,
,,,0.0144850000000001,0,
,,,0.0145169999999999,-0.0214843724388629,
,,,0.0145489999999999,0.0195312476716936,
,,,0.014581,0,
,,,0.014613,0,
,,,0.014645,0,
,,,0.0146770000000001,0.0195312476716936,
,,,0.0147090000000001,0.0195312476716936,
,,,0.0147409999999999,0,
,,,0.0147729999999999,0,
,,,0.014805,-0.0214843724388629,
,,,0.014837,0.0195312476716936,
,,,0.014869,0.0195312476716936,
,,,0.0149010000000001,0.0195312476716936,
,,,0.0149330000000001,0.0195312476716936,
,,,0.0149649999999999,0.0195312476716936,
,,,0.0149969999999999,0,
,,,0.015029,0,
,,,0.015061,0,
,,,0.015093,0.0195312476716936,
,,,0.0151250000000001,0.0195312476716936,
,,,0.0151570000000001,0.0195312476716936,
,,,0.0151889999999999,0,
,,,0.0152209999999999,0,
,,,0.015253,0.0195312476716936,
,,,0.015285,0.0195312476716936,
,,,0.015317,0,
,,,0.0153490000000001,0,
,,,0.0153810000000001,0,
,,,0.0154129999999999,0,
,,,0.0154449999999999,0.0195312476716936,
,,,0.015477,0,
,,,0.015509,0.0195312476716936,
,,,0.015541,0.0195312476716936,
,,,0.0155730000000001,0.0195312476716936,
,,,0.0156050000000001,0,
,,,0.0156369999999999,0,
,,,0.0156689999999999,0,
,,,0.015701,0,
,,,0.015733,0.0195312476716936,
,,,0.015765,0.0195312476716936,
,,,0.0157970000000001,0.0195312476716936,
,,,0.0158290000000001,0,
,,,0.0158609999999999,0.0195312476716936,
,,,0.0158929999999999,0,
,,,0.015925,0,
,,,0.015957,0,
,,,0.015989,0,
,,,0.0160210000000001,0,
,,,0.0160530000000001,-0.0214843724388629,
,,,0.0160849999999999,0.0195312476716936,
,,,0.0161169999999999,0.0195312476716936,
,,,0.016149,0,
,,,0.016181,0.0390624953433871,
,,,0.016213,0,
,,,0.0162450000000001,0.0195312476716936,
,,,0.0162770000000001,0.0195312476716936,
,,,0.0163089999999999,0.0390624953433871,
,,,0.0163409999999999,0.0195312476716936,
,,,0.016373,0,
,,,0.016405,0,
,,,0.016437,0,
,,,0.0164690000000001,-0.0214843724388629,
,,,0.0165010000000001,0,
,,,0.0165329999999999,0.0195312476716936,
,,,0.0165649999999999,0.0195312476716936,
,,,0.016597,0.0195312476716936,
,,,0.016629,0.0195312476716936,
,,,0.016661,0.0195312476716936,
,,,0.0166930000000001,0,
,,,0.0167250000000001,0,
,,,0.0167569999999999,0.0195312476716936,
,,,0.0167889999999999,0,
,,,0.016821,0,
,,,0.016853,0.0195312476716936,
,,,0.016885,0.0195312476716936,
,,,0.0169170000000001,0.0195312476716936,
,,,0.0169490000000001,0.0195312476716936,
,,,0.0169809999999999,0,
,,,0.0170129999999999,0.0195312476716936,
,,,0.017045,-0.0214843724388629,
,,,0.017077,0.0195312476716936,
,,,0.017109,0,
,,,0.0171410000000001,0.0195312476716936,
,,,0.0171730000000001,0,
,,,0.0172049999999999,0,
,,,0.0172369999999999,0,
,,,0.017269,0,
,,,0.017301,-0.0214843724388629,
,,,0.017333,0.0390624953433871,
,,,0.0173650000000001,0,
,,,0.0173970000000001,0.0195312476716936,
,,,0.0174289999999999,0.0195312476716936,
,,,0.0174609999999999,0.0195312476716936,
,,,0.017493,-0.0214843724388629,
,,,0.017525,0.0195312476716936,
,,,0.017557,0.0195312476716936,
,,,0.0175890000000001,0.0195312476716936,
,,,0.0176210000000001,0.0195312476716936,
,,,0.0176529999999999,-0.0800781154539436,
,,,0.017685,0.0195312476716936,
,,,0.017717,0,
,,,0.017749,0,
,,,0.017781,0,
,,,0.0178130000000001,0.0195312476716936,
,,,0.0178449999999999,-0.0214843724388629,
,,,0.0178769999999999,0.0195312476716936,
,,,0.017909,0.0195312476716936,
,,,0.017941,0.0195312476716936,
,,,0.017973,0.0195312476716936,
,,,0.018005,0.0195312476716936,
,,,0.0180370000000001,0.0195312476716936,
,,,0.0180689999999999,0.0195312476716936,
,,,0.0181009999999999,0,
,,,0.018133,0.0195312476716936,
,,,0.018165,0.0195312476716936,
,,,0.018197,0.0195312476716936,
,,,0.0182290000000001,0,
,,,0.0182610000000001,0.0195312476716936,
,,,0.0182929999999999,0,
,,,0.0183249999999999,0,
,,,0.018357,0.0195312476716936,
,,,0.018389,0,
,,,0.018421,0,
,,,0.0184530000000001,0.0195312476716936,
,,,0.0184850000000001,0.0195312476716936,
,,,0.0185169999999999,0.0195312476716936,
,,,0.0185489999999999,0.0195312476716936,
,,,0.018581,0.0195312476716936,
,,,0.018613,0.0390624953433871,
,,,0.018645,-0.0800781154539436,
,,,0.0186770000000001,0,
,,,0.0187090000000001,0,
,,,0.0187409999999999,0.0195312476716936,
,,,0.0187729999999999,-0.0214843724388629,
,,,0.018805,0.0195312476716936,
,,,0.018837,0,
,,,0.018869,0,
,,,0.0189010000000001,0.0195312476716936,
,,,0.0189330000000001,0.0390624953433871,
,,,0.0189649999999999,0,
,,,0.0189969999999999,0.0195312476716936,
,,,0.019029,-0.0214843724388629,
,,,0.019061,0.0195312476716936,
,,,0.019093,0.0195312476716936,
,,,0.0191250000000001,0,
,,,0.0191570000000001,0.0195312476716936,
,,,0.0191889999999999,0.0195312476716936,
,,,0.0192209999999999,0.0195312476716936,
,,,0.019253,0.0195312476716936,
,,,0.019285,0,
,,,0.019317,0.0195312476716936,
,,,0.0193490000000001,-0.0800781154539436,
,,,0.0193810000000001,0.0195312476716936,
,,,0.0194129999999999,0.0195312476716936,
,,,0.0194449999999999,0.0195312476716936,
,,,0.019477,0.0195312476716936,
,,,0.019509,0,
,,,0.019541,0.0195312476716936,
,,,0.0195730000000001,-0.0214843724388629,
,,,0.0196050000000001,0.0195312476716936,
,,,0.0196369999999999,0.0195312476716936,
,,,0.0196689999999999,0,
,,,0.019701,0.0195312476716936,
,,,0.019733,0,
,,,0.019765,0,
,,,0.0197970000000001,0,
,,,0.0198290000000001,0.0195312476716936,
,,,0.0198609999999999,0.0585937430150807,
,,,0.0198929999999999,-0.0214843724388629,
,,,0.019925,0,
,,,0.019957,0.0195312476716936,
,,,0.019989,0,
,,,0.0200210000000001,0,
,,,0.0200530000000001,-0.0214843724388629,
,,,0.0200849999999999,0,
,,,0.0201169999999999,0.0195312476716936,
,,,0.020149,0.0195312476716936,
,,,0.020181,0.0195312476716936,
,,,0.020213,-0.0214843724388629,
,,,0.0202450000000001,0.0195312476716936,
,,,0.0202770000000001,0,
,,,0.0203089999999999,0,
,,,0.0203409999999999,0,
,,,0.020373,0.0195312476716936,
,,,0.020405,-0.0214843724388629,
,,,0.020437,0,
,,,0.0204690000000001,-0.0214843724388629,
,,,0.0205010000000001,-0.0214843724388629,
,,,0.0205329999999999,-0.0214843724388629,
,,,0.0205649999999999,0.0195312476716936,
,,,0.020597,-0.0214843724388629,
,,,0.020629,0.0195312476716936,
,,,0.020661,0.0195312476716936,
,,,0.0206930000000001,0,
,,,0.0207250000000001,0.0195312476716936,
,,,0.0207569999999999,-0.0214843724388629,
,,,0.0207889999999999,-0.0214843724388629,
,,,0.020821,0.0195312476716936,
,,,0.020853,0.0390624953433871,
,,,0.020885,0.0195312476716936,
,,,0.0209170000000001,0.0195312476716936,
,,,0.0209490000000001,0,
,,,0.0209809999999999,0,
,,,0.0210129999999999,0,
,,,0.021045,0.0195312476716936,
,,,0.021077,0.0195312476716936,
,,,0.021109,0.0195312476716936,
,,,0.0211410000000001,0.0195312476716936,
,,,0.0211730000000001,0,
,,,0.0212049999999999,0,
,,,0.021237,-0.0214843724388629,
,,,0.021269,0.0195312476716936,
,,,0.021301,0.0195312476716936,
,,,0.021333,0,
,,,0.0213650000000001,0,
,,,0.0213969999999999,0,
,,,0.0214289999999999,0.0195312476716936,
,,,0.021461,0,
,,,0.021493,0,
,,,0.021525,0.0390624953433871,
,,,0.021557,0,
,,,0.0215890000000001,0.0195312476716936,
,,,0.0216209999999999,-0.0214843724388629,
,,,0.0216529999999999,-0.0214843724388629,
,,,0.021685,0.0195312476716936,
,,,0.021717,0.0195312476716936,
,,,0.021749,0,
,,,0.0217810000000001,0,
,,,0.0218130000000001,0,
,,,0.0218449999999999,0,
,,,0.0218769999999999,0,
,,,0.021909,0,
,,,0.021941,0.0195312476716936,
,,,0.021973,0,
,,,0.0220050000000001,0.0195312476716936,
,,,0.0220370000000001,0.0195312476716936,
,,,0.0220689999999999,0,
,,,0.0221009999999999,0,
,,,0.022133,0,
,,,0.022165,-0.0214843724388629,
,,,0.022197,0,
,,,0.0222290000000001,0,
,,,0.0222610000000001,0.0195312476716936,
,,,0.0222929999999999,0,
,,,0.0223249999999999,0,
,,,0.022357,0,
,,,0.022389,0,
,,,0.022421,-0.0214843724388629,
,,,0.0224530000000001,0.0195312476716936,
,,,0.0224850000000001,0.0195312476716936,
,,,0.0225169999999999,0,
,,,0.0225489999999999,0.0195312476716936,
,,,0.022581,-0.0214843724388629,
,,,0.022613,0,
,,,0.022645,0,
,,,0.0226770000000001,0,
,,,0.0227090000000001,0,
,,,0.0227409999999999,0,
,,,0.0227729999999999,0.0195312476716936,
,,,0.022805,0,
,,,0.022837,0,
,,,0.022869,0,
,,,0.0229010000000001,0,
,,,0.0229330000000001,0,
,,,0.0229649999999999,-0.0214843724388629,
,,,0.0229969999999999,0,
,,,0.023029,-0.0214843724388629,
,,,0.023061,0,
,,,0.023093,0,
,,,0.0231250000000001,0.0195312476716936,
,,,0.0231570000000001,0.0195312476716936,
,,,0.0231889999999999,0.0195312476716936,
,,,0.0232209999999999,0,
,,,0.023253,0,
,,,0.023285,0.0195312476716936,
,,,0.023317,0,
,,,0.0233490000000001,0,
,,,0.0233810000000001,0,
,,,0.0234129999999999,-0.0214843724388629,
,,,0.0234449999999999,0.0195312476716936,
,,,0.023477,0,
,,,0.023509,0.0195312476716936,
,,,0.023541,0.0195312476716936,
,,,0.0235730000000001,0.0195312476716936,
,,,0.0236050000000001,0,
,,,0.0236369999999999,-0.0214843724388629,
,,,0.0236689999999999,0.0195312476716936,
,,,0.023701,0.0195312476716936,
,,,0.023733,0.0195312476716936,
,,,0.023765,0.0195312476716936,
,,,0.0237970000000001,0.0195312476716936,
,,,0.0238290000000001,0.0195312476716936,
,,,0.0238609999999999,0,
,,,0.0238929999999999,0.0390624953433871,
,,,0.023925,0,
,,,0.023957,-0.0214843724388629,
,,,0.023989,0.0195312476716936,
,,,0.0240210000000001,0.0195312476716936,
,,,0.0240530000000001,0,
,,,0.0240849999999999,0,
,,,0.0241169999999999,0.0195312476716936,
,,,0.024149,0.0195312476716936,
,,,0.024181,0,
,,,0.024213,0.0195312476716936,
,,,0.0242450000000001,0.0195312476716936,
,,,0.0242770000000001,0.0195312476716936,
,,,0.0243089999999999,0.0195312476716936,
,,,0.0243409999999999,0.0195312476716936,
,,,0.024373,0,
,,,0.024405,0.0195312476716936,
,,,0.024437,0.0195312476716936,
,,,0.0244690000000001,0,
,,,0.0245010000000001,-0.0214843724388629,
,,,0.0245329999999999,0.0195312476716936,
,,,0.0245649999999999,0.0195312476716936,
,,,0.024597,-0.0214843724388629,
,,,0.024629,0,
,,,0.024661,0.0195312476716936,
,,,0.0246930000000001,0,
,,,0.0247250000000001,0.0195312476716936,
,,,0.0247569999999999,0.0195312476716936,
,,,0.024789,0,
,,,0.024821,0,
,,,0.024853,0.0390624953433871,
,,,0.024885,0.0195312476716936,
,,,0.0249170000000001,0,
,,,0.0249489999999999,0.0195312476716936,
,,,0.0249809999999999,0,
,,,0.025013,0,
,,,0.025045,0,
,,,0.025077,0.0195312476716936,
,,,0.025109,0,
,,,0.0251410000000001,0.0195312476716936,
,,,0.0251729999999999,0,
,,,0.0252049999999999,0,
,,,0.025237,0.0195312476716936,
,,,0.025269,0,
,,,0.025301,0.0195312476716936,
,,,0.0253330000000001,0.0195312476716936,
,,,0.0253650000000001,0.0195312476716936,
,,,0.0253969999999999,0.0195312476716936,
,,,0.0254289999999999,0.0195312476716936,
,,,0.025461,0,
,,,0.025493,-0.0214843724388629,
,,,0.025525,0,
,,,0.0255570000000001,0,
,,,0.0255890000000001,0.0195312476716936,
,,,0.0256209999999999,0,
,,,0.0256529999999999,0.0195312476716936,
,,,0.025685,0.0390624953433871,
,,,0.025717,0,
,,,0.025749,0.0195312476716936,
,,,0.0257810000000001,0.0195312476716936,
,,,0.0258130000000001,0.0390624953433871,
,,,0.0258449999999999,0,
,,,0.0258769999999999,-0.0410156201105565,
,,,0.025909,0.0195312476716936,
,,,0.025941,0,
,,,0.025973,0.0195312476716936,
,,,0.0260050000000001,-0.0214843724388629,
,,,0.0260370000000001,0,
,,,0.0260689999999999,0.0195312476716936,
,,,0.0261009999999999,0,
,,,0.026133,0,
,,,0.026165,0.0195312476716936,
,,,0.026197,0.0195312476716936,
,,,0.0262290000000001,0.0195312476716936,
,,,0.0262610000000001,0,
,,,0.0262929999999999,0.0195312476716936,
,,,0.0263249999999999,0.0195312476716936,
,,,0.026357,-0.0214843724388629,
,,,0.026389,0.0195312476716936,
,,,0.026421,0.0390624953433871,
,,,0.0264530000000001,0,
,,,0.0264850000000001,0,
,,,0.0265169999999999,0,
,,,0.0265489999999999,0,
,,,0.026581,0.0195312476716936,
,,,0.026613,0.0195312476716936,
,,,0.026645,0.0195312476716936,
,,,0.0266770000000001,0,
,,,0.0267090000000001,0.0195312476716936,
,,,0.0267409999999999,0.0195312476716936,
,,,0.0267729999999999,0.0390624953433871,
,,,0.026805,0.0195312476716936,
,,,0.026837,0.0195312476716936,
,,,0.026869,0,
,,,0.0269010000000001,0.0195312476716936,
,,,0.0269330000000001,0.0195312476716936,
,,,0.0269649999999999,-0.0214843724388629,
,,,0.0269969999999999,0,
,,,0.027029,0.0195312476716936,
,,,0.027061,0.0195312476716936,
,,,0.027093,0.0195312476716936,
,,,0.0271250000000001,0,
,,,0.0271570000000001,0,
,,,0.0271889999999999,0,
,,,0.0272209999999999,-0.0214843724388629,
,,,0.027253,0,
,,,0.027285,0.0195312476716936,
,,,0.027317,0,
,,,0.0273490000000001,0,
,,,0.0273810000000001,-0.0410156201105565,
,,,0.0274129999999999,0,
,,,0.0274449999999999,0,
,,,0.027477,0.0195312476716936,
,,,0.027509,0,
,,,0.027541,0.0195312476716936,
,,,0.0275730000000001,0,
,,,0.0276050000000001,0.0390624953433871,
,,,0.0276369999999999,0,
,,,0.0276689999999999,0.0195312476716936,
,,,0.027701,0.0195312476716936,
,,,0.027733,0.0195312476716936,
,,,0.027765,0,
,,,0.0277970000000001,0,
,,,0.0278290000000001,-0.0214843724388629,
,,,0.0278609999999999,0.0195312476716936,
,,,0.0278929999999999,0,
,,,0.027925,0,
,,,0.027957,0,
,,,0.027989,0,
,,,0.0280210000000001,0,
,,,0.0280530000000001,0,
,,,0.0280849999999999,0,
,,,0.0281169999999999,0.0195312476716936,
,,,0.028149,0,
,,,0.028181,0.0195312476716936,
,,,0.028213,0.0195312476716936,
,,,0.0282450000000001,0,
,,,0.0282770000000001,0,
,,,0.0283089999999999,0,
,,,0.028341,0,
,,,0.028373,0,
,,,0.028405,0.0390624953433871,
,,,0.028437,-0.0214843724388629,
,,,0.0284690000000001,0.0195312476716936,
,,,0.0285009999999999,0,
,,,0.0285329999999999,0,
,,,0.028565,-0.0214843724388629,
,,,0.028597,0,
,,,0.028629,0,
,,,0.028661,0.0195312476716936,
,,,0.0286930000000001,0,
,,,0.0287249999999999,0,
,,,0.0287569999999999,0,
,,,0.028789,-0.0214843724388629,
,,,0.028821,-0.0410156201105565,
,,,0.028853,0.0195312476716936,
,,,0.0288850000000001,-0.0214843724388629,
,,,0.0289170000000001,0.0195312476716936,
,,,0.0289489999999999,0,
,,,0.0289809999999999,0,
,,,0.029013,0,
,,,0.029045,0,
,,,0.029077,0,
,,,0.0291090000000001,0,
,,,0.0291410000000001,0,
,,,0.0291729999999999,0,
,,,0.0292049999999999,0,
,,,0.029237,0.0195312476716936,
,,,0.029269,0.0195312476716936,
,,,0.029301,0.0195312476716936,
,,,0.0293330000000001,0.0195312476716936,
,,,0.0293650000000001,0,
,,,0.0293969999999999,-0.0214843724388629,
,,,0.0294289999999999,0,
,,,0.029461,-0.0214843724388629,
,,,0.029493,0.0195312476716936,
,,,0.029525,0.0195312476716936,
,,,0.0295570000000001,0,
,,,0.0295890000000001,0.0195312476716936,
,,,0.0296209999999999,0,
,,,0.0296529999999999,0.0195312476716936,
,,,0.029685,0,
,,,0.029717,-0.0214843724388629,
,,,0.029749,0,
,,,0.0297810000000001,0.0390624953433871,
,,,0.0298130000000001,0,
,,,0.0298449999999999,0.0195312476716936,
,,,0.0298769999999999,0,
,,,0.029909,0,
,,,0.029941,0,
,,,0.029973,0.0195312476716936,
,,,0.0300050000000001,0.0195312476716936,
,,,0.0300370000000001,0.0195312476716936,
,,,0.0300689999999999,0,
,,,0.0301009999999999,0.0195312476716936,
,,,0.030133,0,
,,,0.030165,0.0195312476716936,
,,,0.030197,0.0195312476716936,
,,,0.0302290000000001,-0.0214843724388629,
,,,0.0302610000000001,0.0195312476716936,
,,,0.0302929999999999,0.0195312476716936,
,,,0.0303249999999999,0,
,,,0.030357,0.0195312476716936,
,,,0.030389,-0.0214843724388629,
,,,0.030421,0,
,,,0.0304530000000001,0.0195312476716936,
,,,0.0304850000000001,-0.0214843724388629,
,,,0.0305169999999999,-0.0214843724388629,
,,,0.0305489999999999,0.0195312476716936,
,,,0.030581,0.0195312476716936,
,,,0.030613,0.0195312476716936,
,,,0.030645,0.0195312476716936,
,,,0.0306770000000001,0.0195312476716936,
,,,0.0307090000000001,0,
,,,0.0307409999999999,0,
,,,0.0307729999999999,-0.0214843724388629,
,,,0.030805,0.0195312476716936,
,,,0.030837,0,
,,,0.030869,0.0195312476716936,
,,,0.0309010000000001,0.0195312476716936,
,,,0.0309330000000001,-0.0214843724388629,
,,,0.0309649999999999,0.0390624953433871,
,,,0.0309969999999999,0.0195312476716936,
,,,0.031029,0.0195312476716936,
,,,0.031061,0.0195312476716936,
,,,0.031093,0,
,,,0.0311250000000001,-0.0214843724388629,
,,,0.0311570000000001,0,
,,,0.0311889999999999,0,
,,,0.0312209999999999,0.0195312476716936,
,,,0.031253,0.0195312476716936,
,,,0.031285,0.0195312476716936,
,,,0.031317,0.0195312476716936,
,,,0.0313490000000001,0,
,,,0.0313810000000001,0.0195312476716936,
,,,0.0314129999999999,0,
,,,0.0314449999999999,0,
,,,0.031477,0.0195312476716936,
,,,0.031509,-0.0214843724388629,
,,,0.031541,0.0195312476716936,
,,,0.0315730000000001,0,
,,,0.0316050000000001,0.0195312476716936,
,,,0.0316369999999999,0,
,,,0.0316689999999999,0,
,,,0.031701,0.0195312476716936,
,,,0.031733,0,
,,,0.031765,0,
,,,0.0317970000000001,0,
,,,0.0318290000000001,0.0195312476716936,
,,,0.0318609999999999,0.0390624953433871,
,,,0.0318929999999999,0,
,,,0.031925,0.0195312476716936,
,,,0.031957,0.0195312476716936,
,,,0.031989,0,
,,,0.0320210000000001,-0.0214843724388629,
,,,0.0320529999999999,0,
,,,0.0320849999999999,0,
,,,0.032117,0,
,,,0.032149,0,
,,,0.032181,0.0195312476716936,
,,,0.032213,0.0195312476716936,
,,,0.0322450000000001,0,
,,,0.0322769999999999,0.0195312476716936,
,,,0.0323089999999999,0,
,,,0.032341,0,
,,,0.032373,0.0195312476716936,
,,,0.032405,0.0195312476716936,
,,,0.032437,0,
,,,0.0324690000000001,0,
,,,0.0325009999999999,0,
,,,0.0325329999999999,0,
,,,0.032565,0.0195312476716936,
,,,0.032597,0.0195312476716936,
,,,0.032629,0.0195312476716936,
,,,0.0326610000000001,0.0195312476716936,
,,,0.0326930000000001,0.0195312476716936,
,,,0.0327249999999999,0.0195312476716936,
,,,0.0327569999999999,0.0195312476716936,
,,,0.032789,0.0195312476716936,
,,,0.032821,0.0195312476716936,
,,,0.032853,-0.0214843724388629,
,,,0.0328850000000001,0,
,,,0.0329170000000001,0.0195312476716936,
,,,0.0329489999999999,0,
,,,0.0329809999999999,0,
,,,0.033013,0.0195312476716936,
,,,0.033045,0,
,,,0.033077,0,
,,,0.0331090000000001,0.0195312476716936,
,,,0.0331410000000001,0,
,,,0.0331729999999999,0.0195312476716936,
,,,0.0332049999999999,0,
,,,0.033237,0.0195312476716936,
,,,0.033269,0.0195312476716936,
,,,0.033301,0.0195312476716936,
,,,0.0333330000000001,0.0195312476716936,
,,,0.0333650000000001,0,
,,,0.0333969999999999,0,
,,,0.0334289999999999,0.0195312476716936,
,,,0.033461,0.0195312476716936,
,,,0.033493,0.0195312476716936,
,,,0.033525,0,
,,,0.0335570000000001,0,
,,,0.0335890000000001,0,
,,,0.0336209999999999,0.0195312476716936,
,,,0.0336529999999999,0.0195312476716936,
,,,0.033685,0,
,,,0.033717,0.0195312476716936,
,,,0.033749,0,
,,,0.0337810000000001,0,
,,,0.0338130000000001,0.0195312476716936,
,,,0.0338449999999999,0.0195312476716936,
,,,0.0338769999999999,0.0195312476716936,
,,,0.033909,0,
,,,0.033941,0.0195312476716936,
,,,0.033973,0,
,,,0.0340050000000001,0,
,,,0.0340370000000001,0.0195312476716936,
,,,0.0340689999999999,0.0195312476716936,
,,,0.0341009999999999,0.0195312476716936,
,,,0.034133,0.0195312476716936,
,,,0.034165,-0.0410156201105565,
,,,0.034197,0.0390624953433871,
,,,0.0342290000000001,0.0390624953433871,
,,,0.0342610000000001,0.0195312476716936,
,,,0.0342929999999999,0.0195312476716936,
,,,0.0343249999999999,0,
,,,0.034357,0.0195312476716936,
,,,0.034389,0.0195312476716936,
,,,0.034421,0,
,,,0.0344530000000001,0.0195312476716936,
,,,0.0344850000000001,0,
,,,0.0345169999999999,0.0195312476716936,
,,,0.0345489999999999,0.0195312476716936,
,,,0.034581,0.0195312476716936,
,,,0.034613,0.0195312476716936,
,,,0.034645,0.0195312476716936,
,,,0.0346770000000001,-0.0410156201105565,
,,,0.0347090000000001,0.0195312476716936,
,,,0.0347409999999999,0.0195312476716936,
,,,0.0347729999999999,0.0195312476716936,
,,,0.034805,0.0195312476716936,
,,,0.034837,0.0195312476716936,
,,,0.034869,-0.0214843724388629,
,,,0.0349010000000001,0.0195312476716936,
,,,0.0349330000000001,0.0195312476716936,
,,,0.0349649999999999,0,
,,,0.0349969999999999,0,
,,,0.035029,0.0195312476716936,
,,,0.035061,0.0195312476716936,
,,,0.035093,0,
,,,0.0351250000000001,-0.0214843724388629,
,,,0.0351570000000001,0.0195312476716936,
,,,0.0351889999999999,0.0195312476716936,
,,,0.0352209999999999,0.0195312476716936,
,,,0.035253,0.0195312476716936,
,,,0.035285,0.0195312476716936,
,,,0.035317,0,
,,,0.0353490000000001,0.0195312476716936,
,,,0.0353810000000001,0,
,,,0.0354129999999999,0.0195312476716936,
,,,0.0354449999999999,0.0195312476716936,
,,,0.035477,-0.0214843724388629,
,,,0.035509,0.0195312476716936,
,,,0.035541,0.0195312476716936,
,,,0.0355730000000001,0,
,,,0.0356049999999999,0.0195312476716936,
,,,0.0356369999999999,0.0195312476716936,
,,,0.035669,0,
,,,0.035701,0.0390624953433871,
,,,0.035733,0.0195312476716936,
,,,0.035765,0.0800781154539436,
,,,0.0357970000000001,0.0195312476716936,
,,,0.0358289999999999,0.0390624953433871,
,,,0.0358609999999999,0.0195312476716936,
,,,0.035893,0.0195312476716936,
,,,0.035925,0,
,,,0.035957,0.0195312476716936,
,,,0.035989,0.0195312476716936,
,,,0.0360210000000001,0,
,,,0.0360529999999999,0.0195312476716936,
,,,0.0360849999999999,0.0195312476716936,
,,,0.036117,0,
,,,0.036149,0.0195312476716936,
,,,0.036181,0.0195312476716936,
,,,0.0362130000000001,0.0195312476716936,
,,,0.0362450000000001,0.0390624953433871,
,,,0.0362769999999999,0.0195312476716936,
,,,0.0363089999999999,0,
,,,0.036341,0,
,,,0.036373,0.0195312476716936,
,,,0.036405,0.0195312476716936,
,,,0.0364370000000001,0.0195312476716936,
,,,0.0364690000000001,0,
,,,0.0365009999999999,0,
,,,0.0365329999999999,0.0195312476716936,
,,,0.036565,0.0195312476716936,
,,,0.036597,0.0195312476716936,
,,,0.036629,0.0195312476716936,
,,,0.0366610000000001,0,
,,,0.0366930000000001,0,
,,,0.0367249999999999,0,
,,,0.0367569999999999,-0.0214843724388629,
,,,0.036789,0.0195312476716936,
,,,0.036821,0,
,,,0.036853,0.0195312476716936,
,,,0.0368850000000001,0.0195312476716936,
,,,0.0369170000000001,0,
,,,0.0369489999999999,0.0195312476716936,
,,,0.0369809999999999,0.0195312476716936,
,,,0.037013,0,
,,,0.037045,0.0195312476716936,
,,,0.037077,0.0195312476716936,
,,,0.0371090000000001,0,
,,,0.0371410000000001,0.0195312476716936,
,,,0.0371729999999999,0.0195312476716936,
,,,0.0372049999999999,0.0195312476716936,
,,,0.037237,0.0195312476716936,
,,,0.037269,0.0195312476716936,
,,,0.037301,0.0195312476716936,
,,,0.0373330000000001,0.0195312476716936,
,,,0.0373650000000001,0.0195312476716936,
,,,0.0373969999999999,0,
,,,0.0374289999999999,-0.0410156201105565,
,,,0.037461,0.0390624953433871,
,,,0.037493,0,
,,,0.037525,0,
,,,0.0375570000000001,0,
,,,0.0375890000000001,0.0195312476716936,
,,,0.0376209999999999,0,
,,,0.0376529999999999,0,
,,,0.037685,0,
,,,0.037717,0.0195312476716936,
,,,0.037749,0,
,,,0.0377810000000001,0.0195312476716936,
,,,0.0378130000000001,0.0195312476716936,
,,,0.0378449999999999,-0.0214843724388629,
,,,0.0378769999999999,0,
,,,0.037909,-0.0214843724388629,
,,,0.037941,0.0195312476716936,
,,,0.037973,0,
,,,0.0380050000000001,0,
,,,0.0380370000000001,0.0195312476716936,
,,,0.0380689999999999,0,
,,,0.0381009999999999,0,
,,,0.038133,0.0195312476716936,
,,,0.038165,0.0195312476716936,
,,,0.038197,0,
,,,0.0382290000000001,0,
,,,0.0382610000000001,0,
,,,0.0382929999999999,-0.0214843724388629,
,,,0.0383249999999999,0,
,,,0.038357,0,
,,,0.038389,0,
,,,0.038421,0.0195312476716936,
,,,0.0384530000000001,0,
,,,0.0384850000000001,0,
,,,0.0385169999999999,-0.0214843724388629,
,,,0.0385489999999999,0,
,,,0.038581,0,
,,,0.038613,0,
,,,0.038645,0.0195312476716936,
,,,0.0386770000000001,0.0195312476716936,
,,,0.0387090000000001,0.0195312476716936,
,,,0.0387409999999999,0,
,,,0.0387729999999999,0.0195312476716936,
,,,0.038805,0.0195312476716936,
,,,0.038837,0.0195312476716936,
,,,0.038869,0.0195312476716936,
,,,0.0389010000000001,0.0195312476716936,
,,,0.0389330000000001,0,
,,,0.0389649999999999,0.0390624953433871,
,,,0.0389969999999999,0,
,,,0.039029,0,
,,,0.039061,0,
,,,0.039093,0,
,,,0.0391250000000001,0,
,,,0.0391570000000001,0,
,,,0.0391889999999999,0,
,,,0.039221,0.0195312476716936,
,,,0.039253,0.0195312476716936,
,,,0.039285,0,
,,,0.039317,0,
,,,0.0393490000000001,0,
,,,0.0393809999999999,0.0195312476716936,
,,,0.0394129999999999,0,
,,,0.039445,0,
,,,0.039477,0,
,,,0.039509,0,
,,,0.039541,0,
,,,0.0395730000000001,0,
,,,0.0396049999999999,0,
,,,0.0396369999999999,0,
,,,0.039669,0,
,,,0.039701,0,
,,,0.039733,-0.0214843724388629,
,,,0.0397650000000001,0,
,,,0.0397970000000001,0,
,,,0.0398289999999999,-0.0410156201105565,
,,,0.0398609999999999,0,
,,,0.039893,0,
,,,0.039925,0,
,,,0.039957,0.0390624953433871,
,,,0.0399890000000001,0,
,,,0.0400210000000001,0,
,,,0.0400529999999999,0,
,,,0.0400849999999999,0.0195312476716936,
,,,0.040117,0.0195312476716936,
,,,0.040149,0,
,,,0.040181,0,
,,,0.0402130000000001,0,
,,,0.0402450000000001,0,
,,,0.0402769999999999,0.0195312476716936,
,,,0.0403089999999999,0,
,,,0.040341,0,
,,,0.040373,0,
,,,0.040405,0,
,,,0.0404370000000001,0.0195312476716936,
,,,0.0404690000000001,0,
,,,0.0405009999999999,0.0195312476716936,
,,,0.0405329999999999,0.0195312476716936,
,,,0.040565,0.0195312476716936,
,,,0.040597,0,
,,,0.040629,0.0195312476716936,
,,,0.0406610000000001,0,
,,,0.0406930000000001,0.0195312476716936,
,,,0.0407249999999999,0,
,,,0.0407569999999999,0,
,,,0.040789,0.0195312476716936,
,,,0.040821,0.0195312476716936,
,,,0.040853,0,
,,,0.0408850000000001,0.0195312476716936,
,,,0.0409170000000001,0,
,,,0.0409489999999999,0,
,,,0.0409809999999999,0.0195312476716936,
,,,0.041013,0.0195312476716936,
,,,0.041045,0,
,,,0.041077,-0.0410156201105565,
,,,0.0411090000000001,0,
,,,0.0411410000000001,0,
,,,0.0411729999999999,0.0195312476716936,
,,,0.0412049999999999,0.0195312476716936,
,,,0.041237,0,
,,,0.041269,0.0195312476716936,
,,,0.041301,0.0195312476716936,
,,,0.0413330000000001,0.0195312476716936,
,,,0.0413650000000001,0,
,,,0.0413969999999999,0.0195312476716936,
,,,0.0414289999999999,0,
,,,0.041461,0.0195312476716936,
,,,0.041493,0.0195312476716936,
,,,0.041525,0,
,,,0.0415570000000001,0.0195312476716936,
,,,0.0415890000000001,0,
,,,0.0416209999999999,0.0195312476716936,
,,,0.0416529999999999,0.0195312476716936,
,,,0.041685,0,
,,,0.041717,0,
,,,0.041749,0.0195312476716936,
,,,0.0417810000000001,0.0195312476716936,
,,,0.0418130000000001,0,
,,,0.0418449999999999,0,
,,,0.0418769999999999,0,
,,,0.041909,0.0195312476716936,
,,,0.041941,0,
,,,0.041973,0.0195312476716936,
,,,0.0420050000000001,0,
,,,0.0420370000000001,0,
,,,0.0420689999999999,0.0195312476716936,
,,,0.0421009999999999,0.0195312476716936,
,,,0.042133,-0.0214843724388629,
,,,0.042165,0.0195312476716936,
,,,0.042197,0.0195312476716936,
,,,0.0422290000000001,0.0390624953433871,
,,,0.0422610000000001,0.0195312476716936,
,,,0.0422929999999999,0.0195312476716936,
,,,0.0423249999999999,0.0195312476716936,
,,,0.042357,0.0390624953433871,
,,,0.042389,0.0195312476716936,
,,,0.042421,0.0195312476716936,
,,,0.0424530000000001,-0.0214843724388629,
,,,0.0424850000000001,0,
,,,0.0425169999999999,0.0195312476716936,
,,,0.0425489999999999,0,
,,,0.042581,0.0195312476716936,
,,,0.042613,0,
,,,0.042645,0.0195312476716936,
,,,0.0426770000000001,-0.0214843724388629,
,,,0.0427090000000001,0,
,,,0.0427409999999999,-0.0214843724388629,
,,,0.042773,0,
,,,0.042805,0,
,,,0.042837,0.0195312476716936,
,,,0.042869,0,
,,,0.0429010000000001,0,
,,,0.0429329999999999,0,
,,,0.0429649999999999,0,
,,,0.042997,0,
,,,0.043029,0,
,,,0.043061,0,
,,,0.043093,0.0390624953433871,
,,,0.0431250000000001,0.0195312476716936,
,,,0.0431569999999999,0.0195312476716936,
,,,0.0431889999999999,0,
,,,0.043221,0.0195312476716936,
,,,0.043253,0,
,,,0.043285,0,
,,,0.0433170000000001,0.0195312476716936,
,,,0.0433490000000001,0.0195312476716936,
,,,0.0433809999999999,0,
,,,0.0434129999999999,0.0195312476716936,
,,,0.043445,0.0195312476716936,
,,,0.043477,0.0195312476716936,
,,,0.043509,-0.0214843724388629,
,,,0.0435410000000001,0,
,,,0.0435730000000001,0,
,,,0.0436049999999999,0,
,,,0.0436369999999999,0,
,,,0.043669,0,
,,,0.043701,0,
,,,0.043733,-0.0410156201105565,
,,,0.0437650000000001,0,
,,,0.0437970000000001,0.0195312476716936,
,,,0.0438289999999999,0.0195312476716936,
,,,0.0438609999999999,-0.0214843724388629,
,,,0.043893,0.0195312476716936,
,,,0.043925,0,
,,,0.043957,0.0195312476716936,
,,,0.0439890000000001,0.0195312476716936,
,,,0.0440210000000001,0.0195312476716936,
,,,0.0440529999999999,0,
,,,0.0440849999999999,0,
,,,0.044117,0,
,,,0.044149,0,
,,,0.044181,0,
,,,0.0442130000000001,0.0195312476716936,
,,,0.0442450000000001,0,
,,,0.0442769999999999,0.0195312476716936,
,,,0.0443089999999999,0,
,,,0.044341,0,
,,,0.044373,0,
,,,0.044405,0.0195312476716936,
,,,0.0444370000000001,0.0390624953433871,
,,,0.0444690000000001,0,
,,,0.0445009999999999,0.0195312476716936,
,,,0.0445329999999999,0,
,,,0.044565,0,
,,,0.044597,0,
,,,0.044629,0,
,,,0.0446610000000001,0.0195312476716936,
,,,0.0446930000000001,0,
,,,0.0447249999999999,0,
,,,0.0447569999999999,0,
,,,0.044789,0,
,,,0.044821,0,
,,,0.044853,0.0390624953433871,
,,,0.0448850000000001,0.0195312476716936,
,,,0.0449170000000001,0.0195312476716936,
,,,0.0449489999999999,0.0195312476716936,
,,,0.0449809999999999,0,
,,,0.045013,0,
,,,0.045045,0.0195312476716936,
,,,0.045077,0,
,,,0.0451090000000001,0,
,,,0.0451410000000001,0.0390624953433871,
,,,0.0451729999999999,0.0195312476716936,
,,,0.0452049999999999,0,
,,,0.045237,0,
,,,0.045269,0.0195312476716936,
,,,0.045301,0.0195312476716936,
,,,0.0453330000000001,-0.0214843724388629,
,,,0.0453650000000001,0,
,,,0.0453969999999999,0,
,,,0.0454289999999999,0,
,,,0.045461,0,
,,,0.045493,0.0195312476716936,
,,,0.045525,-0.0214843724388629,
,,,0.0455570000000001,0,
,,,0.0455890000000001,0,
,,,0.0456209999999999,0.0195312476716936,
,,,0.0456529999999999,0,
,,,0.045685,0,
,,,0.045717,0,
,,,0.045749,0,
,,,0.0457810000000001,0.0390624953433871,
,,,0.0458130000000001,0,
,,,0.0458449999999999,0,
,,,0.0458769999999999,0,
,,,0.045909,0,
,,,0.045941,0.0195312476716936,
,,,0.045973,0,
,,,0.0460050000000001,0,
,,,0.0460370000000001,0.0195312476716936,
,,,0.0460689999999999,0.0195312476716936,
,,,0.0461009999999999,-0.0410156201105565,
,,,0.046133,0,
,,,0.046165,0.0195312476716936,
,,,0.046197,0.0195312476716936,
,,,0.0462290000000001,0.0195312476716936,
,,,0.0462610000000001,-0.0214843724388629,
,,,0.0462929999999999,0.0195312476716936,
,,,0.046325,0,
,,,0.046357,0.0195312476716936,
,,,0.046389,0.0195312476716936,
,,,0.046421,0.0195312476716936,
,,,0.0464530000000001,0.0195312476716936,
,,,0.0464849999999999,0.0195312476716936,
,,,0.0465169999999999,0,
,,,0.046549,0,
,,,0.046581,0,
,,,0.046613,0.0195312476716936,
,,,0.046645,0.0195312476716936,
,,,0.0466770000000001,0.0195312476716936,
,,,0.0467089999999999,0.0195312476716936,
,,,0.0467409999999999,-0.0214843724388629,
,,,0.046773,0,
,,,0.046805,-0.0214843724388629,
,,,0.046837,0.0195312476716936,
,,,0.0468690000000001,0.0195312476716936,
,,,0.0469010000000001,0,
,,,0.0469329999999999,0.0195312476716936,
,,,0.0469649999999999,0,
,,,0.046997,0,
,,,0.047029,0.0195312476716936,
,,,0.047061,0.0195312476716936,
,,,0.0470930000000001,0,
,,,0.0471250000000001,0.0195312476716936,
,,,0.0471569999999999,0,
,,,0.0471889999999999,0,
,,,0.047221,0.0195312476716936,
,,,0.047253,0,
,,,0.047285,0.0390624953433871,
,,,0.0473170000000001,0.0195312476716936,
,,,0.0473490000000001,0,
,,,0.0473809999999999,0,
,,,0.0474129999999999,0,
,,,0.047445,0.0195312476716936,
,,,0.047477,0,
,,,0.047509,0.0195312476716936,
,,,0.0475410000000001,0,
,,,0.0475730000000001,-0.0214843724388629,
,,,0.0476049999999999,0,
,,,0.0476369999999999,0.0195312476716936,
,,,0.047669,0.0195312476716936,
,,,0.047701,0,
,,,0.047733,0.0195312476716936,
,,,0.0477650000000001,0.0195312476716936,
,,,0.0477970000000001,0,
,,,0.0478289999999999,0.0195312476716936,
,,,0.0478609999999999,0.0195312476716936,
,,,0.047893,0.0195312476716936,
,,,0.047925,0,
,,,0.047957,0.0195312476716936,
,,,0.0479890000000001,0,
,,,0.0480210000000001,0,
,,,0.0480529999999999,0.0195312476716936,
,,,0.0480849999999999,0.0195312476716936,
,,,0.048117,0.0195312476716936,
,,,0.048149,0.0195312476716936,
,,,0.048181,0.0195312476716936,
,,,0.0482130000000001,0,
,,,0.0482450000000001,0.0195312476716936,
,,,0.0482769999999999,0.0195312476716936,
,,,0.0483089999999999,0.0195312476716936,
,,,0.048341,0.0195312476716936,
,,,0.048373,0.0195312476716936,
,,,0.048405,0,
,,,0.0484370000000001,0,
,,,0.0484690000000001,0,
,,,0.0485009999999999,0.0195312476716936,
,,,0.0485329999999999,0.0195312476716936,
,,,0.048565,-0.0214843724388629,
,,,0.048597,0.0195312476716936,
,,,0.048629,0.0195312476716936,
,,,0.0486610000000001,0,
,,,0.0486930000000001,0,
,,,0.0487249999999999,0,
,,,0.0487569999999999,0,
,,,0.048789,0.0195312476716936,
,,,0.048821,0.0195312476716936,
,,,0.048853,0.0195312476716936,
,,,0.0488850000000001,-0.0214843724388629,
,,,0.0489170000000001,0.0195312476716936,
,,,0.0489489999999999,0,
,,,0.0489809999999999,0,
,,,0.049013,0,
,,,0.049045,0,
,,,0.049077,0,
,,,0.0491090000000001,0,
,,,0.0491410000000001,0,
,,,0.0491729999999999,0,
,,,0.0492049999999999,0,
,,,0.049237,0,
,,,0.049269,0,
,,,0.049301,0,
,,,0.0493330000000001,0,
,,,0.0493650000000001,-0.0214843724388629,
,,,0.0493969999999999,0.0195312476716936,
,,,0.0494289999999999,0,
,,,0.049461,-0.0214843724388629,
,,,0.049493,0.0195312476716936,
,,,0.049525,0.0195312476716936,
,,,0.0495570000000001,0,
,,,0.0495890000000001,0,
,,,0.0496209999999999,0.0195312476716936,
,,,0.0496529999999999,0.0195312476716936,
,,,0.049685,0,
,,,0.049717,0.0195312476716936,
,,,0.049749,0.0195312476716936,
,,,0.0497810000000001,0.0195312476716936,
,,,0.0498130000000001,0.0195312476716936,
,,,0.0498449999999999,0.0195312476716936,
,,,0.0498769999999999,0.0195312476716936,
,,,0.049909,0.0195312476716936,
,,,0.049941,0,
,,,0.049973,0.0195312476716936,
,,,0.0500050000000001,0.0195312476716936,
,,,0.0500369999999999,0,
,,,0.0500689999999999,0,
,,,0.050101,0.0195312476716936,
,,,0.050133,-0.0214843724388629,
,,,0.050165,0,
,,,0.050197,0.0195312476716936,
,,,0.0502290000000001,0.0195312476716936,
,,,0.0502609999999999,0.0195312476716936,
,,,0.0502929999999999,0.0195312476716936,
,,,0.050325,0.0195312476716936,
,,,0.050357,0,
,,,0.050389,0.0195312476716936,
,,,0.050421,0.0195312476716936,
,,,0.0504530000000001,0.0195312476716936,
,,,0.0504849999999999,0.0195312476716936,
,,,0.0505169999999999,0.0195312476716936,
,,,0.050549,0,
,,,0.050581,-0.0410156201105565,
,,,0.050613,0.0195312476716936,
,,,0.0506450000000001,0,
,,,0.0506770000000001,0.0390624953433871,
,,,0.0507089999999999,0,
,,,0.0507409999999999,0,
,,,0.050773,0,
,,,0.050805,0.0195312476716936,
,,,0.050837,0.0390624953433871,
,,,0.0508690000000001,0.0195312476716936,
,,,0.0509010000000001,0.0195312476716936,
,,,0.0509329999999999,0.0195312476716936,
,,,0.0509649999999999,0,
,,,0.050997,0.0195312476716936,
,,,0.051029,0.0390624953433871,
,,,0.051061,0,
,,,0.0510930000000001,0.0585937430150807,
,,,0.0511250000000001,0.0195312476716936,
,,,0.0511569999999999,0,
,,,0.0511889999999999,0.0195312476716936,
,,,0.051221,0.0195312476716936,
,,,0.051253,0.0195312476716936,
,,,0.051285,0.0195312476716936,
,,,0.0513170000000001,0.0390624953433871,
,,,0.0513490000000001,0,
,,,0.0513809999999999,0.0195312476716936,
,,,0.0514129999999999,0.0585937430150807,
,,,0.051445,-0.0214843724388629,
,,,0.051477,0.0195312476716936,
,,,0.051509,0.0195312476716936,
,,,0.0515410000000001,0.0195312476716936,
,,,0.0515730000000001,0,
,,,0.0516049999999999,-0.0214843724388629,
,,,0.0516369999999999,0.0195312476716936,
,,,0.051669,0.0195312476716936,
,,,0.051701,0.0195312476716936,
,,,0.051733,0.0195312476716936,
,,,0.0517650000000001,0.0195312476716936,
,,,0.0517970000000001,0.0195312476716936,
,,,0.0518289999999999,0,
,,,0.0518609999999999,0.0195312476716936,
,,,0.051893,0,
,,,0.051925,0.0195312476716936,
,,,0.051957,0.0195312476716936,
,,,0.0519890000000001,0,
,,,0.0520210000000001,0.0195312476716936,
,,,0.0520529999999999,0,
,,,0.0520849999999999,0.0195312476716936,
,,,0.052117,0,
,,,0.052149,0.0195312476716936,
,,,0.052181,-0.0214843724388629,
,,,0.0522130000000001,0,
,,,0.0522450000000001,0.0195312476716936,
,,,0.0522769999999999,0,
,,,0.0523089999999999,0.0195312476716936,
,,,0.052341,0.0195312476716936,
,,,0.052373,0,
,,,0.052405,0,
,,,0.0524370000000001,0.0195312476716936,
,,,0.0524690000000001,0.0390624953433871,
,,,0.0525009999999999,0.0195312476716936,
,,,0.0525329999999999,0,
,,,0.052565,0.0195312476716936,
,,,0.052597,0.0195312476716936,
,,,0.052629,0.0195312476716936,
,,,0.0526610000000001,0.0195312476716936,
,,,0.0526930000000001,-0.0214843724388629,
,,,0.0527249999999999,0.0195312476716936,
,,,0.0527569999999999,0.0195312476716936,
,,,0.052789,0.0195312476716936,
,,,0.052821,0,
,,,0.052853,0.0195312476716936,
,,,0.0528850000000001,0,
,,,0.0529170000000001,0.0195312476716936,
,,,0.0529489999999999,0.0195312476716936,
,,,0.0529809999999999,0.0195312476716936,
,,,0.053013,0,
,,,0.053045,0,
,,,0.053077,0,
,,,0.0531090000000001,0.0195312476716936,
,,,0.0531410000000001,0.0195312476716936,
,,,0.0531729999999999,0.0195312476716936,
,,,0.0532049999999999,0.0195312476716936,
,,,0.053237,0,
,,,0.053269,0,
,,,0.053301,0.0195312476716936,
,,,0.0533330000000001,0.0195312476716936,
,,,0.0533650000000001,0.0195312476716936,
,,,0.0533969999999999,0.0195312476716936,
,,,0.0534289999999999,0.0195312476716936,
,,,0.053461,0,
,,,0.053493,0.0195312476716936,
,,,0.053525,0.0195312476716936,
,,,0.0535570000000001,0.0195312476716936,
,,,0.0535889999999999,0.0195312476716936,
,,,0.0536209999999999,0,
,,,0.053653,0,
,,,0.053685,0.0195312476716936,
,,,0.053717,0.0195312476716936,
,,,0.053749,0.0195312476716936,
,,,0.0537810000000001,0.0390624953433871,
,,,0.0538129999999999,-0.0214843724388629,
,,,0.0538449999999999,0.0195312476716936,
,,,0.053877,0.0195312476716936,
,,,0.053909,0.0195312476716936,
,,,0.053941,0.0195312476716936,
,,,0.053973,0.0195312476716936,
,,,0.0540050000000001,0,
,,,0.0540369999999999,0.0195312476716936,
,,,0.0540689999999999,0.0195312476716936,
,,,0.054101,0.0195312476716936,
,,,0.054133,0.0195312476716936,
,,,0.054165,-0.0214843724388629,
,,,0.0541970000000001,0.0195312476716936,
,,,0.0542290000000001,0.0195312476716936,
,,,0.0542609999999999,0,
,,,0.0542929999999999,0.0195312476716936,
,,,0.054325,0.0195312476716936,
,,,0.054357,0,
,,,0.054389,0,
,,,0.0544210000000001,0.0195312476716936,
,,,0.0544530000000001,0.0195312476716936,
,,,0.0544849999999999,0,
,,,0.0545169999999999,0.0195312476716936,
,,,0.054549,0,
,,,0.054581,0,
,,,0.054613,0,
,,,0.0546450000000001,0,
,,,0.0546770000000001,0,
,,,0.0547089999999999,0,
,,,0.0547409999999999,0.0195312476716936,
,,,0.054773,0.0195312476716936,
,,,0.054805,0,
,,,0.054837,0.0195312476716936,
,,,0.0548690000000001,0,
,,,0.0549010000000001,0,
,,,0.0549329999999999,0.0195312476716936,
,,,0.0549649999999999,0.0195312476716936,
,,,0.054997,0.0390624953433871,
,,,0.055029,0.0195312476716936,
,,,0.055061,0.0195312476716936,
,,,0.0550930000000001,0,
,,,0.0551250000000001,0,
,,,0.0551569999999999,0,
,,,0.0551889999999999,0.0195312476716936,
,,,0.055221,0,
,,,0.055253,0,
,,,0.055285,0,
,,,0.0553170000000001,0.0195312476716936,
,,,0.0553490000000001,0.0195312476716936,
,,,0.0553809999999999,0,
,,,0.0554129999999999,-0.0410156201105565,
,,,0.055445,0.0195312476716936,
,,,0.055477,0,
,,,0.055509,0,
,,,0.0555410000000001,-0.0214843724388629,
,,,0.0555730000000001,0,
,,,0.0556049999999999,0,
,,,0.0556369999999999,0,
,,,0.055669,0,
,,,0.055701,0.0195312476716936,
,,,0.055733,0,
,,,0.0557650000000001,0,
,,,0.0557970000000001,0,
,,,0.0558289999999999,0,
,,,0.0558609999999999,0,
,,,0.055893,0,
,,,0.055925,0,
,,,0.055957,0,
,,,0.0559890000000001,0.0195312476716936,
,,,0.0560210000000001,0,
,,,0.0560529999999999,0,
,,,0.0560849999999999,0,
,,,0.056117,0.0195312476716936,
,,,0.056149,0,
,,,0.056181,0,
,,,0.0562130000000001,0,
,,,0.0562450000000001,-0.0214843724388629,
,,,0.0562769999999999,0,
,,,0.0563089999999999,0,
,,,0.056341,0.0195312476716936,
,,,0.056373,0,
,,,0.056405,0,
,,,0.0564370000000001,0,
,,,0.0564690000000001,0,
,,,0.0565009999999999,0.0195312476716936,
,,,0.0565329999999999,0,
,,,0.056565,0,
,,,0.056597,0.0195312476716936,
,,,0.056629,0,
,,,0.0566610000000001,0,
,,,0.0566930000000001,0,
,,,0.0567249999999999,-0.0214843724388629,
,,,0.0567569999999999,0,
,,,0.056789,0,
,,,0.056821,0.0195312476716936,
,,,0.056853,0.0195312476716936,
,,,0.0568850000000001,0.0195312476716936,
,,,0.0569170000000001,0.0195312476716936,
,,,0.0569489999999999,0.0195312476716936,
,,,0.0569809999999999,0,
,,,0.057013,0.0195312476716936,
,,,0.057045,0,
,,,0.057077,-0.0214843724388629,
,,,0.0571090000000001,0,
,,,0.0571409999999999,0,
,,,0.0571729999999999,0,
,,,0.057205,0.0195312476716936,
,,,0.057237,0.0195312476716936,
,,,0.057269,0,
,,,0.057301,0,
,,,0.0573330000000001,0,
,,,0.0573649999999999,0.0195312476716936,
,,,0.0573969999999999,0,
,,,0.057429,0,
,,,0.057461,0,
,,,0.057493,0,
,,,0.057525,0.0195312476716936,
,,,0.0575570000000001,0.0195312476716936,
,,,0.0575889999999999,0.0195312476716936,
,,,0.0576209999999999,0.0195312476716936,
,,,0.057653,-0.0214843724388629,
,,,0.057685,0.0195312476716936,
,,,0.057717,0,
,,,0.0577490000000001,0,
,,,0.0577810000000001,-0.0214843724388629,
,,,0.0578129999999999,0,
,,,0.0578449999999999,0,
,,,0.057877,0.0195312476716936,
,,,0.057909,0.0195312476716936,
,,,0.057941,0,
,,,0.0579730000000001,0.0195312476716936,
,,,0.0580050000000001,0.0195312476716936,
,,,0.0580369999999999,0.0195312476716936,
,,,0.0580689999999999,0.0390624953433871,
,,,0.058101,0,
,,,0.058133,0.0195312476716936,
,,,0.058165,0,
,,,0.0581970000000001,0.0195312476716936,
,,,0.0582290000000001,0.0195312476716936,
,,,0.0582609999999999,0,
,,,0.0582929999999999,0.0195312476716936,
,,,0.058325,0.0195312476716936,
,,,0.058357,0.0195312476716936,
,,,0.058389,0,
,,,0.0584210000000001,0.0195312476716936,
,,,0.0584530000000001,0.0195312476716936,
,,,0.0584849999999999,0,
,,,0.0585169999999999,0,
,,,0.058549,0,
,,,0.058581,0,
,,,0.058613,0.0390624953433871,
,,,0.0586450000000001,-0.06054686778225,
,,,0.0586770000000001,0.0195312476716936,
,,,0.0587089999999999,0.0195312476716936,
,,,0.0587409999999999,0.0195312476716936,
,,,0.058773,0.0195312476716936,
,,,0.058805,0,
,,,0.058837,0.0195312476716936,
,,,0.0588690000000001,-0.0214843724388629,
,,,0.0589010000000001,0.0195312476716936,
,,,0.0589329999999999,0.0195312476716936,
,,,0.0589649999999999,0.0195312476716936,
,,,0.058997,0.0195312476716936,
,,,0.059029,-0.0214843724388629,
,,,0.059061,0,
,,,0.0590930000000001,0.0195312476716936,
,,,0.0591250000000001,0.0195312476716936,
,,,0.0591569999999999,0,
,,,0.0591889999999999,0.0195312476716936,
,,,0.059221,0.0195312476716936,
,,,0.059253,0,
,,,0.059285,0.0195312476716936,
,,,0.0593170000000001,0.0195312476716936,
,,,0.0593490000000001,0.0195312476716936,
,,,0.0593809999999999,0.0195312476716936,
,,,0.0594129999999999,0,
,,,0.059445,0.0195312476716936,
,,,0.059477,0.0195312476716936,
,,,0.059509,0,
,,,0.0595410000000001,0,
,,,0.0595730000000001,0.0390624953433871,
,,,0.0596049999999999,0,
,,,0.0596369999999999,0.0195312476716936,
,,,0.059669,0,
,,,0.059701,0.0195312476716936,
,,,0.059733,0.0195312476716936,
,,,0.0597650000000001,0.0195312476716936,
,,,0.0597970000000001,0.0195312476716936,
,,,0.0598289999999999,0.0195312476716936,
,,,0.0598609999999999,0.0195312476716936,
,,,0.059893,0,
,,,0.059925,0.0195312476716936,
,,,0.059957,0.0195312476716936,
,,,0.0599890000000001,0.0195312476716936,
,,,0.0600210000000001,0,
,,,0.0600529999999999,0.0195312476716936,
,,,0.0600849999999999,0.0195312476716936,
,,,0.060117,0,
,,,0.060149,0,
,,,0.060181,0,
,,,0.0602130000000001,0.0195312476716936,
,,,0.0602450000000001,-0.0214843724388629,
,,,0.0602769999999999,0.0195312476716936,
,,,0.0603089999999999,0,
,,,0.060341,0.0195312476716936,
,,,0.060373,0.0195312476716936,
,,,0.060405,0,
,,,0.0604370000000001,0,
,,,0.0604690000000001,0,
,,,0.0605009999999999,0.0195312476716936,
,,,0.0605329999999999,0,
,,,0.060565,0.0195312476716936,
,,,0.060597,0.0195312476716936,
,,,0.060629,0.0195312476716936,
,,,0.0606610000000001,0,
,,,0.0606929999999999,0.0195312476716936,
,,,0.0607249999999999,0.0195312476716936,
,,,0.060757,0,
,,,0.060789,0.0195312476716936,
,,,0.060821,0.0195312476716936,
,,,0.060853,0.0195312476716936,
,,,0.0608850000000001,0,
,,,0.0609169999999999,0.0195312476716936,
,,,0.0609489999999999,0.0390624953433871,
,,,0.060981,0.0195312476716936,
,,,0.061013,-0.0410156201105565,
,,,0.061045,0,
,,,0.061077,-0.0214843724388629,
,,,0.0611090000000001,0.0195312476716936,
,,,0.0611409999999999,0.0195312476716936,
,,,0.0611729999999999,0,
,,,0.061205,0,
,,,0.061237,0,
,,,0.061269,-0.0214843724388629,
,,,0.0613010000000001,0.0195312476716936,
,,,0.0613330000000001,0,
,,,0.0613649999999999,0,
,,,0.0613969999999999,0.0195312476716936,
,,,0.061429,0,
,,,0.061461,0,
,,,0.061493,0.0195312476716936,
,,,0.0615250000000001,0,
,,,0.0615570000000001,0.0195312476716936,
,,,0.0615889999999999,0.0195312476716936,
,,,0.0616209999999999,0,
,,,0.061653,0.0195312476716936,
,,,0.061685,0,
,,,0.061717,0.0195312476716936,
,,,0.0617490000000001,0,
,,,0.0617810000000001,0,
,,,0.0618129999999999,0,
,,,0.0618449999999999,0,
,,,0.061877,0,
,,,0.061909,-0.0214843724388629,
,,,0.061941,0,
,,,0.0619730000000001,0.0390624953433871,
,,,0.0620050000000001,-0.0214843724388629,
,,,0.0620369999999999,0.0195312476716936,
,,,0.0620689999999999,0.0195312476716936,
,,,0.062101,0,
,,,0.062133,0.0390624953433871,
,,,0.062165,0,
,,,0.0621970000000001,0.0195312476716936,
,,,0.0622290000000001,0,
,,,0.0622609999999999,0.0195312476716936,
,,,0.0622929999999999,0.0195312476716936,
,,,0.062325,0.0195312476716936,
,,,0.062357,0,
,,,0.062389,0,
,,,0.0624210000000001,0,
,,,0.0624530000000001,-0.0214843724388629,
,,,0.0624849999999999,-0.0214843724388629,
,,,0.0625169999999999,0.0390624953433871,
,,,0.062549,0,
,,,0.062581,0.0195312476716936,
,,,0.062613,0.0195312476716936,
,,,0.0626450000000001,0,
,,,0.0626770000000001,0,
,,,0.0627089999999999,0,
,,,0.0627409999999999,0.0195312476716936,
,,,0.062773,0,
,,,0.062805,0,
,,,0.062837,0.0195312476716936,
,,,0.0628690000000001,0.0390624953433871,
,,,0.0629010000000001,0,
,,,0.0629329999999999,0,
,,,0.0629649999999999,0.0195312476716936,
,,,0.062997,0,
,,,0.063029,0,
,,,0.063061,0.0195312476716936,
,,,0.0630930000000001,0.0195312476716936,
,,,0.0631250000000001,0,
,,,0.0631569999999999,0.0195312476716936,
,,,0.0631889999999999,0.0195312476716936,
,,,0.063221,0.0195312476716936,
,,,0.063253,0,
,,,0.063285,0,
,,,0.0633170000000001,0.0195312476716936,
,,,0.0633490000000001,0.0195312476716936,
,,,0.0633809999999999,0.0195312476716936,
,,,0.0634129999999999,0.0195312476716936,
,,,0.063445,0.0195312476716936,
,,,0.063477,0.0195312476716936,
,,,0.063509,-0.0214843724388629,
,,,0.0635410000000001,0.0195312476716936,
,,,0.0635730000000001,0,
,,,0.0636049999999999,0.0195312476716936,
,,,0.0636369999999999,0.0195312476716936,
,,,0.063669,0,
,,,0.063701,0,
,,,0.063733,0.0195312476716936,
,,,0.0637650000000001,-0.0214843724388629,
,,,0.0637970000000001,0.0195312476716936,
,,,0.0638289999999999,0.0195312476716936,
,,,0.0638609999999999,0.0195312476716936,
,,,0.063893,0,
,,,0.063925,0.0195312476716936,
,,,0.063957,0.0195312476716936,
,,,0.0639890000000001,0,
,,,0.0640210000000001,0,
,,,0.0640529999999999,0,
,,,0.0640849999999999,0,
,,,0.064117,0,
,,,0.064149,0.0195312476716936,
,,,0.064181,0.0195312476716936,
,,,0.0642130000000001,0.0195312476716936,
,,,0.0642449999999999,0.0195312476716936,
,,,0.0642769999999999,0.0195312476716936,
,,,0.064309,0.0195312476716936,
,,,0.064341,0.0195312476716936,
,,,0.064373,0.0195312476716936,
,,,0.064405,0,
,,,0.0644370000000001,0.0195312476716936,
,,,0.0644689999999999,0,
,,,0.0645009999999999,0.0195312476716936,
,,,0.064533,0,
,,,0.064565,0,
,,,0.064597,0.0195312476716936,
,,,0.064629,0.0390624953433871,
,,,0.0646610000000001,0,
,,,0.0646929999999999,0.0195312476716936,
,,,0.0647249999999999,0,
,,,0.064757,0.0195312476716936,
,,,0.064789,0,
,,,0.064821,-0.0214843724388629,
,,,0.064853,0,
,,,0.0648850000000001,0.0195312476716936,
,,,0.0649169999999999,0,
,,,0.0649489999999999,0.0195312476716936,
,,,0.064981,0.0195312476716936,
,,,0.065013,0,
,,,0.065045,0,
,,,0.0650770000000001,0,
,,,0.0651090000000001,0,
,,,0.0651409999999999,0.0195312476716936,
,,,0.0651729999999999,0,
,,,0.065205,-0.0214843724388629,
,,,0.065237,0,
,,,0.065269,0.0195312476716936,
,,,0.0653010000000001,0.0195312476716936,
,,,0.0653330000000001,0,
,,,0.0653649999999999,0,
,,,0.0653969999999999,0,
,,,0.065429,0,
,,,0.065461,-0.0214843724388629,
,,,0.065493,0,
,,,0.0655250000000001,0.0195312476716936,
,,,0.0655570000000001,-0.0214843724388629,
,,,0.0655889999999999,0.0195312476716936,
,,,0.0656209999999999,0.0195312476716936,
,,,0.065653,0,
,,,0.065685,0,
,,,0.065717,0.0195312476716936,
,,,0.0657490000000001,-0.0214843724388629,
,,,0.0657810000000001,-0.0214843724388629,
,,,0.0658129999999999,0,
,,,0.0658449999999999,0,
,,,0.065877,0.0195312476716936,
,,,0.065909,0,
,,,0.065941,0.0195312476716936,
,,,0.0659730000000001,0.0195312476716936,
,,,0.0660050000000001,0.0195312476716936,
,,,0.0660369999999999,0,
,,,0.0660689999999999,0.0195312476716936,
,,,0.066101,0.0195312476716936,
,,,0.066133,0,
,,,0.066165,0,
,,,0.0661970000000001,0.0195312476716936,
,,,0.0662290000000001,0,
,,,0.0662609999999999,0.0195312476716936,
,,,0.0662929999999999,0.0195312476716936,
,,,0.066325,0,
,,,0.066357,0,
,,,0.066389,0,
,,,0.0664210000000001,0.0195312476716936,
,,,0.0664530000000001,0,
,,,0.0664849999999999,0,
,,,0.0665169999999999,0.0195312476716936,
,,,0.066549,0.0195312476716936,
,,,0.066581,0.0195312476716936,
,,,0.066613,0.0390624953433871,
,,,0.0666450000000001,0.0195312476716936,
,,,0.0666770000000001,0.0195312476716936,
,,,0.0667089999999999,0.0195312476716936,
,,,0.0667409999999999,0,
,,,0.066773,0.0195312476716936,
,,,0.066805,0.0195312476716936,
,,,0.066837,0.0195312476716936,
,,,0.0668690000000001,0,
,,,0.0669010000000001,0,
,,,0.0669329999999999,0.0195312476716936,
,,,0.0669649999999999,0.0195312476716936,
,,,0.066997,0.0195312476716936,
,,,0.067029,0.0195312476716936,
,,,0.067061,0.0585937430150807,
,,,0.0670930000000001,0,
,,,0.0671250000000001,0.0195312476716936,
,,,0.0671569999999999,0,
,,,0.0671889999999999,0.0195312476716936,
,,,0.067221,0.0195312476716936,
,,,0.067253,0.0195312476716936,
,,,0.067285,0.0195312476716936,
,,,0.0673170000000001,0.0195312476716936,
,,,0.0673490000000001,0,
,,,0.0673809999999999,0,
,,,0.0674129999999999,0.0195312476716936,
,,,0.067445,0,
,,,0.067477,-0.0800781154539436,
,,,0.067509,0.0195312476716936,
,,,0.0675410000000001,0.0195312476716936,
,,,0.0675730000000001,-0.0214843724388629,
,,,0.0676049999999999,0.0195312476716936,
,,,0.0676369999999999,0,
,,,0.067669,-0.0214843724388629,
,,,0.067701,0.0195312476716936,
,,,0.067733,-0.0214843724388629,
,,,0.0677650000000001,0.0195312476716936,
,,,0.0677970000000001,0,
,,,0.0678289999999999,0.0195312476716936,
,,,0.0678609999999999,0.0195312476716936,
,,,0.067893,0.0195312476716936,
,,,0.067925,0.0195312476716936,
,,,0.067957,0.0585937430150807,
,,,0.0679890000000001,0.0195312476716936,
,,,0.0680209999999999,0.0195312476716936,
,,,0.0680529999999999,0,
,,,0.068085,0,
,,,0.068117,0,
,,,0.068149,0.0195312476716936,
,,,0.068181,0,
,,,0.0682130000000001,-0.0214843724388629,
,,,0.0682449999999999,0.0195312476716936,
,,,0.0682769999999999,0.0195312476716936,
,,,0.068309,0.0195312476716936,
,,,0.068341,0.0195312476716936,
,,,0.068373,0,
,,,0.068405,0,
,,,0.0684370000000001,0,
,,,0.0684689999999999,0,
,,,0.0685009999999999,0.0195312476716936,
,,,0.068533,0,
,,,0.068565,0.0195312476716936,
,,,0.068597,0.0585937430150807,
,,,0.0686290000000001,0.0195312476716936,
,,,0.0686610000000001,0.0195312476716936,
,,,0.0686929999999999,0.0195312476716936,
,,,0.0687249999999999,0.0195312476716936,
,,,0.068757,0,
,,,0.068789,0.0195312476716936,
,,,0.068821,-0.0214843724388629,
,,,0.0688530000000001,0.0195312476716936,
,,,0.0688850000000001,0.0195312476716936,
,,,0.0689169999999999,0.0195312476716936,
,,,0.0689489999999999,0.0390624953433871,
,,,0.068981,0,
,,,0.069013,0,
,,,0.069045,0.0195312476716936,
,,,0.0690770000000001,0,
,,,0.0691090000000001,0,
,,,0.0691409999999999,0.0195312476716936,
,,,0.0691729999999999,0,
,,,0.069205,0.0195312476716936,
,,,0.069237,0,
,,,0.069269,0,
,,,0.0693010000000001,0,
,,,0.0693330000000001,0.0585937430150807,
,,,0.0693649999999999,0.0390624953433871,
,,,0.0693969999999999,0.0195312476716936,
,,,0.069429,0.0195312476716936,
,,,0.069461,-0.0214843724388629,
,,,0.069493,0.0195312476716936,
,,,0.0695250000000001,0,
,,,0.0695570000000001,0,
,,,0.0695889999999999,0.0195312476716936,
,,,0.0696209999999999,0,
,,,0.069653,0,
,,,0.069685,0,
,,,0.069717,0,
,,,0.0697490000000001,0.0195312476716936,
,,,0.0697810000000001,-0.0214843724388629,
,,,0.0698129999999999,0.0195312476716936,
,,,0.0698449999999999,0,
,,,0.069877,0.0195312476716936,
,,,0.069909,0,
,,,0.069941,-0.0214843724388629,
,,,0.0699730000000001,0.0390624953433871,
,,,0.0700050000000001,0,
,,,0.0700369999999999,0,
,,,0.0700689999999999,0,
,,,0.070101,0.0195312476716936,
,,,0.070133,0,
,,,0.070165,0,
,,,0.0701970000000001,0.0195312476716936,
,,,0.0702290000000001,0,
,,,0.0702609999999999,-0.0214843724388629,
,,,0.0702929999999999,0.0195312476716936,
,,,0.070325,0.0195312476716936,
,,,0.070357,0,
,,,0.070389,-0.0214843724388629,
,,,0.0704210000000001,0.0390624953433871,
,,,0.0704530000000001,0.0195312476716936,
,,,0.0704849999999999,0.0195312476716936,
,,,0.0705169999999999,0,
,,,0.070549,0.0390624953433871,
,,,0.070581,0,
,,,0.070613,0.0195312476716936,
,,,0.0706450000000001,0.0195312476716936,
,,,0.0706770000000001,0,
,,,0.0707089999999999,0,
,,,0.0707409999999999,0.0195312476716936,
,,,0.070773,0,
,,,0.070805,0.0195312476716936,
,,,0.070837,0,
,,,0.0708690000000001,0,
,,,0.0709010000000001,0,
,,,0.0709329999999999,0,
,,,0.0709649999999999,0.0195312476716936,
,,,0.070997,0,
,,,0.071029,0,
,,,0.071061,0.0195312476716936,
,,,0.0710930000000001,0,
,,,0.0711250000000001,0,
,,,0.0711569999999999,0,
,,,0.0711889999999999,0,
,,,0.071221,0.0195312476716936,
,,,0.071253,0,
,,,0.071285,0.0195312476716936,
,,,0.0713170000000001,-0.0214843724388629,
,,,0.0713490000000001,0,
,,,0.0713809999999999,-0.0214843724388629,
,,,0.0714129999999999,0,
,,,0.071445,0.0195312476716936,
,,,0.071477,0,
,,,0.071509,0.0195312476716936,
,,,0.0715410000000001,0.0195312476716936,
,,,0.0715729999999999,0.0195312476716936,
,,,0.0716049999999999,0.0390624953433871,
,,,0.071637,0,
,,,0.071669,0,
,,,0.071701,-0.0214843724388629,
,,,0.071733,0,
,,,0.0717650000000001,0,
,,,0.0717969999999999,0,
,,,0.0718289999999999,0.0195312476716936,
,,,0.071861,0,
,,,0.071893,-0.0410156201105565,
,,,0.071925,0,
,,,0.071957,0,
,,,0.0719890000000001,0.0195312476716936,
,,,0.0720209999999999,0,
,,,0.0720529999999999,0.0195312476716936,
,,,0.072085,0,
,,,0.072117,0,
,,,0.072149,0,
,,,0.0721810000000001,0,
,,,0.0722130000000001,0,
,,,0.0722449999999999,0,
,,,0.0722769999999999,0,
,,,0.072309,0,
,,,0.072341,0,
,,,0.072373,0,
,,,0.0724050000000001,0,
,,,0.0724370000000001,0,
,,,0.0724689999999999,0.0195312476716936,
,,,0.0725009999999999,0.0195312476716936,
,,,0.072533,-0.0214843724388629,
,,,0.072565,0,
,,,0.072597,0,
,,,0.0726290000000001,0.0195312476716936,
,,,0.0726610000000001,0,
,,,0.0726929999999999,0.0195312476716936,
,,,0.0727249999999999,0,
,,,0.072757,-0.0214843724388629,
,,,0.072789,0,
,,,0.072821,-0.0214843724388629,
,,,0.0728530000000001,0.0195312476716936,
,,,0.0728850000000001,0.0195312476716936,
,,,0.0729169999999999,0,
,,,0.0729489999999999,0.0195312476716936,
,,,0.072981,0.0195312476716936,
,,,0.073013,0,
,,,0.073045,0,
,,,0.0730770000000001,0,
,,,0.0731090000000001,0.0195312476716936,
,,,0.0731409999999999,0.0195312476716936,
,,,0.0731729999999999,-0.0214843724388629,
,,,0.073205,0,
,,,0.073237,-0.0214843724388629,
,,,0.073269,0,
,,,0.0733010000000001,0.0195312476716936,
,,,0.0733330000000001,0.0195312476716936,
,,,0.0733649999999999,0,
,,,0.0733969999999999,0,
,,,0.073429,-0.0214843724388629,
,,,0.073461,0,
,,,0.073493,0.0195312476716936,
,,,0.0735250000000001,0.0195312476716936,
,,,0.0735570000000001,0.0195312476716936,
,,,0.0735889999999999,-0.0214843724388629,
,,,0.0736209999999999,0,
,,,0.073653,0,
,,,0.073685,0,
,,,0.073717,0,
,,,0.0737490000000001,0.0195312476716936,
,,,0.0737810000000001,0,
,,,0.0738129999999999,0.0195312476716936,
,,,0.0738449999999999,0,
,,,0.073877,0.0195312476716936,
,,,0.073909,0,
,,,0.073941,-0.0214843724388629,
,,,0.0739730000000001,0,
,,,0.0740050000000001,0,
,,,0.0740369999999999,0,
,,,0.0740689999999999,0,
,,,0.074101,0,
,,,0.074133,0,
,,,0.074165,0,
,,,0.0741970000000001,0.0195312476716936,
,,,0.0742290000000001,0.0195312476716936,
,,,0.0742609999999999,0,
,,,0.0742929999999999,0,
,,,0.074325,0,
,,,0.074357,0.0195312476716936,
,,,0.074389,-0.0214843724388629,
,,,0.0744210000000001,0.0195312476716936,
,,,0.0744530000000001,0.0195312476716936,
,,,0.0744849999999999,0.0195312476716936,
,,,0.0745169999999999,0,
,,,0.074549,0.0195312476716936,
,,,0.074581,0.0195312476716936,
,,,0.074613,0.0195312476716936,
,,,0.0746450000000001,0.0195312476716936,
,,,0.0746770000000001,0.0195312476716936,
,,,0.0747089999999999,0,
,,,0.0747409999999999,-0.0214843724388629,
,,,0.074773,-0.0214843724388629,
,,,0.074805,-0.0214843724388629,
,,,0.074837,0.0195312476716936,
,,,0.0748690000000001,-0.0214843724388629,
,,,0.0749010000000001,0.0195312476716936,
,,,0.0749329999999999,0,
,,,0.0749649999999999,0,
,,,0.074997,0.0195312476716936,
,,,0.075029,0,
,,,0.075061,0,
,,,0.0750930000000001,0.0195312476716936,
,,,0.0751249999999999,0,
,,,0.0751569999999999,0,
,,,0.075189,0,
,,,0.075221,0,
,,,0.075253,0.0195312476716936,
,,,0.075285,0.0195312476716936,
,,,0.0753170000000001,0,
,,,0.0753489999999999,0.0195312476716936,
,,,0.0753809999999999,-0.0214843724388629,
,,,0.075413,0,
,,,0.075445,0.0195312476716936,
,,,0.075477,0.0195312476716936,
,,,0.075509,0.0195312476716936,
,,,0.0755410000000001,0.0195312476716936,
,,,0.0755729999999999,0.0195312476716936,
,,,0.0756049999999999,0,
,,,0.075637,0.0195312476716936,
,,,0.075669,0.0195312476716936,
,,,0.075701,0.0195312476716936,
,,,0.0757330000000001,0.0195312476716936,
,,,0.0757650000000001,0,
,,,0.0757969999999999,0.0195312476716936,
,,,0.0758289999999999,-0.0214843724388629,
,,,0.075861,-0.0410156201105565,
,,,0.075893,0.0195312476716936,
,,,0.075925,0,
,,,0.0759570000000001,0.0195312476716936,
,,,0.0759890000000001,0.0195312476716936,
,,,0.0760209999999999,0,
,,,0.0760529999999999,0,
,,,0.076085,-0.0214843724388629,
,,,0.076117,0.0195312476716936,
,,,0.076149,0.0195312476716936,
,,,0.0761810000000001,0,
,,,0.0762130000000001,0.0195312476716936,
,,,0.0762449999999999,0.0390624953433871,
,,,0.0762769999999999,0.0195312476716936,
,,,0.076309,0,
,,,0.076341,0.0195312476716936,
,,,0.076373,0.0195312476716936,
,,,0.0764050000000001,0.0195312476716936,
,,,0.0764370000000001,0.0390624953433871,
,,,0.0764689999999999,0.0195312476716936,
,,,0.0765009999999999,0,
,,,0.076533,0.0195312476716936,
,,,0.076565,0,
,,,0.076597,0.0195312476716936,
,,,0.0766290000000001,0,
,,,0.0766610000000001,0.0390624953433871,
,,,0.0766929999999999,0.0195312476716936,
,,,0.0767249999999999,0.0195312476716936,
,,,0.076757,0.0195312476716936,
,,,0.076789,0,
,,,0.076821,0.0195312476716936,
,,,0.0768530000000001,0,
,,,0.0768850000000001,0.0195312476716936,
,,,0.0769169999999999,0.0195312476716936,
,,,0.0769489999999999,0,
,,,0.076981,0.0195312476716936,
,,,0.077013,0,
,,,0.077045,0,
,,,0.0770770000000001,0,
,,,0.0771090000000001,0,
,,,0.0771409999999999,0,
,,,0.0771729999999999,0,
,,,0.077205,0,
,,,0.077237,0,
,,,0.077269,0,
,,,0.0773010000000001,0,
,,,0.0773330000000001,-0.0214843724388629,
,,,0.0773649999999999,0,
,,,0.0773969999999999,0.0195312476716936,
,,,0.077429,0.0195312476716936,
,,,0.077461,0.0195312476716936,
,,,0.077493,0.0195312476716936,
,,,0.0775250000000001,0.0195312476716936,
,,,0.0775570000000001,0.0195312476716936,
,,,0.0775889999999999,0,
,,,0.0776209999999999,0.0195312476716936,
,,,0.077653,0,
,,,0.077685,0,
,,,0.077717,0.0195312476716936,
,,,0.0777490000000001,0,
,,,0.0777810000000001,0,
,,,0.0778129999999999,0,
,,,0.0778449999999999,0.0195312476716936,
,,,0.077877,0.0195312476716936,
,,,0.077909,0,
,,,0.077941,0,
,,,0.0779730000000001,0.0390624953433871,
,,,0.0780050000000001,0,
,,,0.0780369999999999,0,
,,,0.0780689999999999,0,
,,,0.078101,0,
,,,0.078133,-0.101562487892807,
,,,0.078165,0.0195312476716936,
,,,0.0781970000000001,0,
,,,0.0782290000000001,0,
,,,0.0782609999999999,0,
,,,0.0782929999999999,0,
,,,0.078325,-0.0214843724388629,
,,,0.078357,0,
,,,0.078389,-0.0214843724388629,
,,,0.0784210000000001,0,
,,,0.0784530000000001,0,
,,,0.0784849999999999,0,
,,,0.0785169999999999,0,
,,,0.078549,0.0195312476716936,
,,,0.078581,-0.0214843724388629,
,,,0.078613,0,
,,,0.0786450000000001,0.0195312476716936,
,,,0.0786769999999999,0,
,,,0.0787089999999999,0,
,,,0.078741,0,
,,,0.078773,0,
,,,0.078805,0,
,,,0.078837,0,
,,,0.0788690000000001,0,
,,,0.0789009999999999,0,
,,,0.0789329999999999,-0.0214843724388629,
,,,0.078965,0,
,,,0.078997,0,
,,,0.079029,0,
,,,0.079061,0,
,,,0.0790930000000001,0.0195312476716936,
,,,0.0791249999999999,0,
,,,0.0791569999999999,0,
,,,0.079189,0,
,,,0.079221,0.0390624953433871,
,,,0.079253,-0.0214843724388629,
,,,0.0792850000000001,0.0195312476716936,
,,,0.0793170000000001,0,
,,,0.0793489999999999,0,
,,,0.0793809999999999,0.0195312476716936,
,,,0.079413,0.0195312476716936,
,,,0.079445,0.0390624953433871,
,,,0.079477,0,
,,,0.0795090000000001,0,
,,,0.0795410000000001,-0.0214843724388629,
,,,0.0795729999999999,0,
,,,0.0796049999999999,-0.0214843724388629,
,,,0.079637,0.0195312476716936,
,,,0.079669,0.0195312476716936,
,,,0.079701,0.0195312476716936,
,,,0.0797330000000001,0.0195312476716936,
,,,0.0797650000000001,0.0195312476716936,
,,,0.0797969999999999,0,
,,,0.0798289999999999,0.0195312476716936,
,,,0.079861,0.0195312476716936,
,,,0.079893,0,
,,,0.079925,0.0195312476716936,
,,,0.0799570000000001,-0.0214843724388629,
,,,0.0799890000000001,0.0195312476716936,
,,,0.0800209999999999,0.0195312476716936,
,,,0.0800529999999999,0.0195312476716936,
,,,0.080085,0,
,,,0.080117,0,
,,,0.080149,0.0195312476716936,
,,,0.0801810000000001,0.0195312476716936,
,,,0.0802130000000001,-0.0214843724388629,
,,,0.0802449999999999,0.0195312476716936,
,,,0.0802769999999999,0,
,,,0.080309,-0.0214843724388629,
,,,0.080341,0.0195312476716936,
,,,0.080373,0,
,,,0.0804050000000001,0,
,,,0.0804370000000001,0.0195312476716936,
,,,0.0804689999999999,0.0195312476716936,
,,,0.0805009999999999,0,
,,,0.080533,0,
,,,0.080565,0.0195312476716936,
,,,0.080597,0,
,,,0.0806290000000001,0.0195312476716936,
,,,0.0806610000000001,0.0195312476716936,
,,,0.0806929999999999,0,
,,,0.0807249999999999,0,
,,,0.080757,0.0195312476716936,
,,,0.080789,0.0195312476716936,
,,,0.080821,0.0195312476716936,
,,,0.0808530000000001,0,
,,,0.0808850000000001,0,
,,,0.0809169999999999,0.0195312476716936,
,,,0.0809489999999999,0.0195312476716936,
,,,0.080981,0.0195312476716936,
,,,0.081013,0,
,,,0.081045,0.0195312476716936,
,,,0.0810770000000001,0,
,,,0.0811090000000001,0.0195312476716936,
,,,0.0811409999999999,0,
,,,0.0811729999999999,0.0390624953433871,
,,,0.081205,-0.0214843724388629,
,,,0.081237,0,
,,,0.081269,0.0195312476716936,
,,,0.0813010000000001,0.0195312476716936,
,,,0.0813330000000001,-0.0214843724388629,
,,,0.0813649999999999,0,
,,,0.0813969999999999,0,
,,,0.081429,0,
,,,0.081461,0.0195312476716936,
,,,0.081493,0.0195312476716936,
,,,0.0815250000000001,0.0195312476716936,
,,,0.0815570000000001,-0.0214843724388629,
,,,0.0815889999999999,0.0195312476716936,
,,,0.0816209999999999,0,
,,,0.081653,0.0195312476716936,
,,,0.081685,0,
,,,0.081717,-0.0214843724388629,
,,,0.0817490000000001,0.0195312476716936,
,,,0.0817810000000001,0,
,,,0.0818129999999999,0,
,,,0.0818449999999999,0,
,,,0.081877,0.0195312476716936,
,,,0.081909,0.0195312476716936,
,,,0.081941,0.0195312476716936,
,,,0.0819730000000001,0.0195312476716936,
,,,0.0820050000000001,0.0195312476716936,
,,,0.0820369999999999,0.0195312476716936,
,,,0.0820689999999999,0,
,,,0.082101,0.0195312476716936,
,,,0.082133,0,
,,,0.082165,0,
,,,0.0821970000000001,0.0195312476716936,
,,,0.0822289999999999,0,
,,,0.0822609999999999,0.0195312476716936,
,,,0.082293,0,
,,,0.082325,0.0195312476716936,
,,,0.082357,0.0195312476716936,
,,,0.082389,0,
,,,0.0824210000000001,0,
,,,0.0824529999999999,0,
,,,0.0824849999999999,0.0195312476716936,
,,,0.082517,0.0195312476716936,
,,,0.082549,0,
,,,0.082581,0,
,,,0.082613,0,
,,,0.0826450000000001,0.0195312476716936,
,,,0.0826769999999999,0,
,,,0.0827089999999999,0,
,,,0.082741,0.0195312476716936,
,,,0.082773,0.0195312476716936,
,,,0.082805,0.0195312476716936,
,,,0.082837,-0.0214843724388629,
,,,0.0828690000000001,0.0195312476716936,
,,,0.0829009999999999,0.0195312476716936,
,,,0.0829329999999999,0,
,,,0.082965,0.0195312476716936,
,,,0.082997,0.0195312476716936,
,,,0.083029,0.0195312476716936,
,,,0.0830610000000001,0.0195312476716936,
,,,0.0830930000000001,0.0195312476716936,
,,,0.0831249999999999,0,
,,,0.0831569999999999,0,
,,,0.083189,0,
,,,0.083221,0,
,,,0.083253,0.0195312476716936,
,,,0.0832850000000001,0.0390624953433871,
,,,0.0833170000000001,0.0195312476716936,
,,,0.0833489999999999,0.0195312476716936,
,,,0.0833809999999999,0,
,,,0.083413,0,
,,,0.083445,0.0195312476716936,
,,,0.083477,0.0195312476716936,
,,,0.0835090000000001,0.0195312476716936,
,,,0.0835410000000001,0.0390624953433871,
,,,0.0835729999999999,0.0195312476716936,
,,,0.0836049999999999,0,
,,,0.083637,0,
,,,0.083669,0.0195312476716936,
,,,0.083701,0.0195312476716936,
,,,0.0837330000000001,0.0195312476716936,
,,,0.0837650000000001,0.0195312476716936,
,,,0.0837969999999999,0.0195312476716936,
,,,0.0838289999999999,0.0195312476716936,
,,,0.083861,-0.0214843724388629,
,,,0.083893,0.0195312476716936,
,,,0.083925,0.0195312476716936,
,,,0.0839570000000001,0,
,,,0.0839890000000001,0.0195312476716936,
,,,0.0840209999999999,0.0195312476716936,
,,,0.0840529999999999,0,
,,,0.084085,0.0585937430150807,
,,,0.084117,0.0195312476716936,
,,,0.084149,0.0195312476716936,
,,,0.0841810000000001,0.0195312476716936,
,,,0.0842130000000001,0.0390624953433871,
,,,0.0842449999999999,0.0195312476716936,
,,,0.0842769999999999,0.0195312476716936,
,,,0.084309,-0.0410156201105565,
,,,0.084341,0,
,,,0.084373,0.0195312476716936,
,,,0.0844050000000001,0.0195312476716936,
,,,0.0844370000000001,0.0195312476716936,
,,,0.0844689999999999,0.0195312476716936,
,,,0.0845009999999999,0.0195312476716936,
,,,0.084533,0.0195312476716936,
,,,0.084565,0.0195312476716936,
,,,0.084597,0.0195312476716936,
,,,0.0846290000000001,0.0195312476716936,
,,,0.0846610000000001,0,
,,,0.0846929999999999,0,
,,,0.0847249999999999,0,
,,,0.084757,0.0195312476716936,
,,,0.084789,0,
,,,0.084821,0.0195312476716936,
,,,0.0848530000000001,0,
,,,0.0848850000000001,0,
,,,0.0849169999999999,0.0195312476716936,
,,,0.0849489999999999,0,
,,,0.084981,0,
,,,0.085013,0.0195312476716936,
,,,0.085045,0.0390624953433871,
,,,0.0850770000000001,0,
,,,0.0851090000000001,0.0195312476716936,
,,,0.0851409999999999,0.0195312476716936,
,,,0.0851729999999999,0,
,,,0.085205,0,
,,,0.085237,-0.0214843724388629,
,,,0.085269,0,
,,,0.0853010000000001,0.0195312476716936,
,,,0.0853330000000001,0.0195312476716936,
,,,0.0853649999999999,0,
,,,0.0853969999999999,0,
,,,0.085429,0.0195312476716936,
,,,0.085461,0.0195312476716936,
,,,0.085493,0.0195312476716936,
,,,0.0855250000000001,0.0195312476716936,
,,,0.0855570000000001,0.0195312476716936,
,,,0.0855889999999999,0.0195312476716936,
,,,0.0856209999999999,0,
,,,0.085653,0.0195312476716936,
,,,0.085685,0.0390624953433871,
,,,0.085717,0.0195312476716936,
,,,0.0857490000000001,0,
,,,0.0857809999999999,0,
,,,0.0858129999999999,0,
,,,0.0858449999999999,0.0195312476716936,
,,,0.085877,0.0195312476716936,
,,,0.085909,0,
,,,0.085941,0,
,,,0.0859730000000001,0.0195312476716936,
,,,0.0860049999999999,0.0195312476716936,
,,,0.0860369999999999,0.0390624953433871,
,,,0.086069,0.0195312476716936,
,,,0.086101,0,
,,,0.086133,0.0195312476716936,
,,,0.086165,0.0195312476716936,
,,,0.0861970000000001,0.0195312476716936,
,,,0.0862289999999999,0.0195312476716936,
,,,0.0862609999999999,-0.0214843724388629,
,,,0.086293,0.0195312476716936,
,,,0.086325,0,
,,,0.086357,0,
,,,0.086389,0.0390624953433871,
,,,0.0864210000000001,0.0390624953433871,
,,,0.0864529999999999,0.0195312476716936,
,,,0.0864849999999999,0,
,,,0.086517,0,
,,,0.086549,0,
,,,0.086581,0,
,,,0.0866130000000001,0,
,,,0.0866450000000001,0,
,,,0.0866769999999999,0.0195312476716936,
,,,0.0867089999999999,0.0195312476716936,
,,,0.086741,0,
,,,0.086773,0,
,,,0.086805,-0.0214843724388629,
,,,0.0868370000000001,0,
,,,0.0868690000000001,0,
,,,0.0869009999999999,0,
,,,0.0869329999999999,0.0195312476716936,
,,,0.086965,0.0195312476716936,
,,,0.086997,0.0390624953433871,
,,,0.087029,0.0195312476716936,
,,,0.0870610000000001,0.0195312476716936,
,,,0.0870930000000001,0.0195312476716936,
,,,0.0871249999999999,0,
,,,0.0871569999999999,0,
,,,0.087189,0,
,,,0.087221,0,
,,,0.087253,0,
,,,0.0872850000000001,0.0195312476716936,
,,,0.0873170000000001,0,
,,,0.0873489999999999,0,
,,,0.0873809999999999,0,
,,,0.087413,0.0195312476716936,
,,,0.087445,0,
,,,0.087477,0.0195312476716936,
,,,0.0875090000000001,0,
,,,0.0875410000000001,0,
,,,0.0875729999999999,-0.0214843724388629,
,,,0.0876049999999999,0.0195312476716936,
,,,0.087637,0.0195312476716936,
,,,0.087669,0.0195312476716936,
,,,0.087701,0,
,,,0.0877330000000001,0.0195312476716936,
,,,0.0877650000000001,0.0195312476716936,
,,,0.0877969999999999,0.0195312476716936,
,,,0.0878289999999999,0.0195312476716936,
,,,0.087861,0,
,,,0.087893,0,
,,,0.087925,0,
,,,0.0879570000000001,0,
,,,0.0879890000000001,0,
,,,0.0880209999999999,-0.0214843724388629,
,,,0.0880529999999999,-0.0214843724388629,
,,,0.088085,0,
,,,0.088117,0,
,,,0.088149,0,
,,,0.0881810000000001,0,
,,,0.0882130000000001,0,
,,,0.0882449999999999,0,
,,,0.0882769999999999,0,
,,,0.088309,0.0195312476716936,
,,,0.088341,0,
,,,0.088373,0.0195312476716936,
,,,0.0884050000000001,0,
,,,0.0884370000000001,-0.0214843724388629,
,,,0.0884689999999999,0.0195312476716936,
,,,0.0885009999999999,0,
,,,0.088533,0.0195312476716936,
,,,0.088565,0,
,,,0.088597,0,
,,,0.0886290000000001,0,
,,,0.0886610000000001,0,
,,,0.0886929999999999,0,
,,,0.0887249999999999,0,
,,,0.088757,0,
,,,0.088789,0,
,,,0.088821,0,
,,,0.0888530000000001,0,
,,,0.0888850000000001,0,
,,,0.0889169999999999,0,
,,,0.0889489999999999,0,
,,,0.088981,0,
,,,0.089013,0,
,,,0.089045,0.0195312476716936,
,,,0.0890770000000001,0,
,,,0.0891090000000001,0,
,,,0.0891409999999999,0,
,,,0.0891729999999999,0,
,,,0.089205,0.0195312476716936,
,,,0.089237,0,
,,,0.089269,0,
,,,0.0893010000000001,0.0195312476716936,
,,,0.0893329999999999,0.0390624953433871,
,,,0.0893649999999999,0.0195312476716936,
,,,0.0893969999999999,0.0195312476716936,
,,,0.089429,0,
,,,0.089461,0,
,,,0.089493,0,
,,,0.0895250000000001,0,
,,,0.0895569999999999,0,
,,,0.0895889999999999,0,
,,,0.089621,0,
,,,0.089653,0.0195312476716936,
,,,0.089685,0,
,,,0.089717,0.0390624953433871,
,,,0.0897490000000001,0,
,,,0.0897809999999999,0,
,,,0.0898129999999999,0,
,,,0.089845,0.0195312476716936,
,,,0.089877,0.0195312476716936,
,,,0.089909,0,
,,,0.089941,0,
,,,0.0899730000000001,0.0195312476716936,
,,,0.0900049999999999,0,
,,,0.0900369999999999,0,
,,,0.090069,0.0195312476716936,
,,,0.090101,0,
,,,0.090133,0.0195312476716936,
,,,0.0901650000000001,0,
,,,0.0901970000000001,0.0195312476716936,
,,,0.0902289999999999,-0.0214843724388629,
,,,0.0902609999999999,-0.0214843724388629,
,,,0.090293,0,
,,,0.090325,-0.0214843724388629,
,,,0.090357,0,
,,,0.0903890000000001,0,
,,,0.0904210000000001,0,
,,,0.0904529999999999,0,
,,,0.0904849999999999,0,
,,,0.090517,0.0195312476716936,
,,,0.090549,0,
,,,0.090581,0.0195312476716936,
,,,0.0906130000000001,0.0195312476716936,
,,,0.0906450000000001,-0.0214843724388629,
,,,0.0906769999999999,0.0195312476716936,
,,,0.0907089999999999,0.0195312476716936,
,,,0.090741,0.0195312476716936,
,,,0.090773,0,
,,,0.090805,0,
,,,0.0908370000000001,0,
,,,0.0908690000000001,0.0195312476716936,
,,,0.0909009999999999,0.0195312476716936,
,,,0.0909329999999999,0,
,,,0.090965,-0.0214843724388629,
,,,0.090997,0,
,,,0.091029,0.0195312476716936,
,,,0.0910610000000001,0.0195312476716936,
,,,0.0910930000000001,0.0195312476716936,
,,,0.0911249999999999,0.0195312476716936,
,,,0.0911569999999999,0,
,,,0.091189,0,
,,,0.091221,-0.0410156201105565,
,,,0.091253,0,
,,,0.0912850000000001,0,
,,,0.0913170000000001,0,
,,,0.0913489999999999,0.0195312476716936,
,,,0.0913809999999999,0.0195312476716936,
,,,0.091413,0.0195312476716936,
,,,0.091445,0,
,,,0.091477,0,
,,,0.0915090000000001,0.0195312476716936,
,,,0.0915410000000001,0.0195312476716936,
,,,0.0915729999999999,0,
,,,0.0916049999999999,0,
,,,0.091637,0.0195312476716936,
,,,0.091669,0.0195312476716936,
,,,0.091701,0.0195312476716936,
,,,0.0917330000000001,0.0195312476716936,
,,,0.0917650000000001,0.0195312476716936,
,,,0.0917969999999999,0.0195312476716936,
,,,0.0918289999999999,0,
,,,0.091861,0,
,,,0.091893,0.0195312476716936,
,,,0.091925,0.0195312476716936,
,,,0.0919570000000001,0,
,,,0.0919890000000001,0.0195312476716936,
,,,0.0920209999999999,0,
,,,0.0920529999999999,0.0195312476716936,
,,,0.092085,-0.0214843724388629,
,,,0.092117,0.0195312476716936,
,,,0.092149,0.0195312476716936,
,,,0.0921810000000001,0.0390624953433871,
,,,0.0922130000000001,-0.0214843724388629,
,,,0.0922449999999999,0.0195312476716936,
,,,0.0922769999999999,0.0195312476716936,
,,,0.092309,0,
,,,0.092341,-0.06054686778225,
,,,0.092373,0.0195312476716936,
,,,0.0924050000000001,0,
,,,0.0924370000000001,0.0195312476716936,
,,,0.0924689999999999,0.0390624953433871,
,,,0.0925009999999999,0,
,,,0.092533,0,
,,,0.092565,0.0195312476716936,
,,,0.092597,0.0195312476716936,
,,,0.0926290000000001,0.0195312476716936,
,,,0.0926610000000001,0,
,,,0.0926929999999999,0,
,,,0.0927249999999999,-0.0214843724388629,
,,,0.092757,-0.0214843724388629,
,,,0.092789,0.0195312476716936,
,,,0.092821,0.0195312476716936,
,,,0.0928530000000001,0.0195312476716936,
,,,0.0928849999999999,0,
,,,0.0929169999999999,0.0390624953433871,
,,,0.0929489999999999,0.0195312476716936,
,,,0.092981,0,
,,,0.093013,0.0195312476716936,
,,,0.093045,0,
,,,0.0930770000000001,0.0195312476716936,
,,,0.0931089999999999,0.0195312476716936,
,,,0.0931409999999999,0.0195312476716936,
,,,0.093173,0.0195312476716936,
,,,0.093205,0.0195312476716936,
,,,0.093237,0.0195312476716936,
,,,0.093269,0.0195312476716936,
,,,0.0933010000000001,0,
,,,0.0933329999999999,0,
,,,0.0933649999999999,0.0390624953433871,
,,,0.093397,0,
,,,0.093429,0,
,,,0.093461,0.0195312476716936,
,,,0.093493,0.0195312476716936,
,,,0.0935250000000001,0,
,,,0.0935569999999999,0.0195312476716936,
,,,0.0935889999999999,0,
,,,0.093621,0,
,,,0.093653,0.0195312476716936,
,,,0.093685,0,
,,,0.0937170000000001,0,
,,,0.0937490000000001,0,
,,,0.0937809999999999,0.0195312476716936,
,,,0.0938129999999999,0.0195312476716936,
,,,0.093845,0,
,,,0.093877,0.0195312476716936,
,,,0.093909,0.0195312476716936,
,,,0.0939410000000001,0,
,,,0.0939730000000001,0.0390624953433871,
,,,0.0940049999999999,0.0195312476716936,
,,,0.0940369999999999,0,
,,,0.094069,0.0195312476716936,
,,,0.094101,0.0195312476716936,
,,,0.094133,0.0195312476716936,
,,,0.0941650000000001,0.0390624953433871,
,,,0.0941970000000001,0,
,,,0.0942289999999999,-0.0214843724388629,
,,,0.0942609999999999,0,
,,,0.094293,0.0390624953433871,
,,,0.094325,0,
,,,0.094357,0.0195312476716936,
,,,0.0943890000000001,0,
,,,0.0944210000000001,0.0195312476716936,
,,,0.0944529999999999,0,
,,,0.0944849999999999,0.0195312476716936,
,,,0.094517,0,
,,,0.094549,0,
,,,0.094581,0.0195312476716936,
,,,0.0946130000000001,0.0195312476716936,
,,,0.0946450000000001,0,
,,,0.0946769999999999,0.0195312476716936,
,,,0.0947089999999999,0.0195312476716936,
,,,0.094741,0,
,,,0.094773,0,
,,,0.094805,0.0195312476716936,
,,,0.0948370000000001,0,
,,,0.0948690000000001,0,
,,,0.0949009999999999,0,
,,,0.0949329999999999,0,
,,,0.094965,-0.0410156201105565,
,,,0.094997,0,
,,,0.095029,0,
,,,0.0950610000000001,0,
,,,0.0950930000000001,0,
,,,0.0951249999999999,0.0195312476716936,
,,,0.0951569999999999,0.0390624953433871,
,,,0.095189,0.0390624953433871,
,,,0.095221,0,
,,,0.095253,0,
,,,0.0952850000000001,0,
,,,0.0953170000000001,0,
,,,0.0953489999999999,0.0195312476716936,
,,,0.0953809999999999,-0.0214843724388629,
,,,0.095413,0,
,,,0.095445,0,
,,,0.095477,-0.06054686778225,
,,,0.0955090000000001,0,
,,,0.0955410000000001,0,
,,,0.0955729999999999,0,
,,,0.0956049999999999,0,
,,,0.095637,-0.0214843724388629,
,,,0.095669,0.0195312476716936,
,,,0.095701,0,
,,,0.0957330000000001,0.0390624953433871,
,,,0.0957650000000001,0,
,,,0.0957969999999999,0,
,,,0.0958289999999999,0,
,,,0.095861,0.0195312476716936,
,,,0.095893,0,
,,,0.095925,0,
,,,0.0959570000000001,0,
,,,0.0959890000000001,-0.0214843724388629,
,,,0.0960209999999999,0,
,,,0.0960529999999999,0.0195312476716936,
,,,0.096085,0.0195312476716936,
,,,0.096117,0.0195312476716936,
,,,0.096149,-0.0214843724388629,
,,,0.0961810000000001,0.0195312476716936,
,,,0.0962130000000001,0,
,,,0.0962449999999999,-0.0410156201105565,
,,,0.0962769999999999,-0.0214843724388629,
,,,0.096309,-0.0214843724388629,
,,,0.096341,0,
,,,0.096373,0,
,,,0.0964050000000001,0.0195312476716936,
,,,0.0964369999999999,0.0195312476716936,
,,,0.0964689999999999,0.0195312476716936,
,,,0.0965009999999999,0,
,,,0.096533,0.0195312476716936,
,,,0.096565,0.0195312476716936,
,,,0.096597,0.0195312476716936,
,,,0.0966290000000001,0.0195312476716936,
,,,0.0966609999999999,0,
,,,0.0966929999999999,0.0195312476716936,
,,,0.096725,0.0195312476716936,
,,,0.096757,0,
,,,0.096789,-0.0214843724388629,
,,,0.096821,0,
,,,0.0968530000000001,0.0195312476716936,
,,,0.0968849999999999,0,
,,,0.0969169999999999,0.0195312476716936,
,,,0.096949,0.0195312476716936,
,,,0.096981,0.0195312476716936,
,,,0.097013,0.0195312476716936,
,,,0.097045,0,
,,,0.0970770000000001,0.0195312476716936,
,,,0.0971089999999999,0.0195312476716936,
,,,0.0971409999999999,-0.0214843724388629,
,,,0.097173,0.0195312476716936,
,,,0.097205,0,
,,,0.097237,0.0390624953433871,
,,,0.0972690000000001,0.0195312476716936,
,,,0.0973010000000001,-0.0214843724388629,
,,,0.0973329999999999,0,
,,,0.0973649999999999,0.0195312476716936,
,,,0.097397,0,
,,,0.097429,0.0195312476716936,
,,,0.097461,0,
,,,0.0974930000000001,0,
,,,0.0975250000000001,0.0195312476716936,
,,,0.0975569999999999,0,
,,,0.0975889999999999,0,
,,,0.097621,0,
,,,0.097653,0.0195312476716936,
,,,0.097685,0.0195312476716936,
,,,0.0977170000000001,0.0195312476716936,
,,,0.0977490000000001,0.0195312476716936,
,,,0.0977809999999999,0,
,,,0.0978129999999999,0,
,,,0.097845,0.0195312476716936,
,,,0.097877,0.0195312476716936,
,,,0.097909,0.0195312476716936,
,,,0.0979410000000001,0.0195312476716936,
,,,0.0979730000000001,0.0390624953433871,
,,,0.0980049999999999,-0.0214843724388629,
,,,0.0980369999999999,0,
,,,0.098069,0.0195312476716936,
,,,0.098101,0.0195312476716936,
,,,0.098133,0,
,,,0.0981650000000001,0.0195312476716936,
,,,0.0981970000000001,-0.0214843724388629,
,,,0.0982289999999999,0.0195312476716936,
,,,0.0982609999999999,0,
,,,0.098293,0,
,,,0.098325,0,
,,,0.098357,0,
,,,0.0983890000000001,0.0195312476716936,
,,,0.0984210000000001,0.0195312476716936,
,,,0.0984529999999999,0,
,,,0.0984849999999999,0.0195312476716936,
,,,0.098517,0,
,,,0.098549,0.0195312476716936,
,,,0.098581,0,
,,,0.0986130000000001,0,
,,,0.0986450000000001,0.0195312476716936,
,,,0.0986769999999999,0,
,,,0.0987089999999999,0.0195312476716936,
,,,0.098741,0,
,,,0.098773,0.0390624953433871,
,,,0.098805,0.0195312476716936,
,,,0.0988370000000001,0.0195312476716936,
,,,0.0988690000000001,0,
,,,0.0989009999999999,0.0195312476716936,
,,,0.0989329999999999,0,
,,,0.098965,0.0195312476716936,
,,,0.098997,0,
,,,0.099029,0.0195312476716936,
,,,0.0990610000000001,0.0195312476716936,
,,,0.0990930000000001,0,
,,,0.0991249999999999,0,
,,,0.0991569999999999,0.0195312476716936,
,,,0.099189,0,
,,,0.099221,0.0195312476716936,
,,,0.099253,0,
,,,0.0992850000000001,0.0195312476716936,
,,,0.0993170000000001,0,
,,,0.0993489999999999,0,
,,,0.0993809999999999,0,
,,,0.099413,0.0195312476716936,
,,,0.099445,0.0195312476716936,
,,,0.099477,-0.0214843724388629,
,,,0.0995090000000001,0.0195312476716936,
,,,0.0995410000000001,0.0195312476716936,
,,,0.0995729999999999,0,
,,,0.0996049999999999,0,
,,,0.099637,0.0195312476716936,
,,,0.099669,0.0195312476716936,
,,,0.099701,0,
,,,0.0997330000000001,-0.0214843724388629,
,,,0.0997650000000001,0,
,,,0.0997969999999999,0,
,,,0.0998289999999999,-0.0214843724388629,
,,,0.099861,0,
,,,0.099893,0,
,,,0.099925,0,
,,,0.0999570000000001,0,
,,,0.0999890000000001,0.0390624953433871,
,,,0.100021,0,
,,,0.100053,0,
,,,0.100085,0.0195312476716936,
,,,0.100117,0,
,,,0.100149,0,
,,,0.100181,0.0195312476716936,
,,,0.100213,0,
,,,0.100245,0.0195312476716936,
,,,0.100277,0,
,,,0.100309,0.0195312476716936,
,,,0.100341,0,
,,,0.100373,0.0195312476716936,
,,,0.100405,0.0195312476716936,
,,,0.100437,0.0390624953433871,
,,,0.100469,0.0390624953433871,
,,,0.100501,0,
,,,0.100533,0,
,,,0.100565,0.0195312476716936,
,,,0.100597,0.0195312476716936,
,,,0.100629,0.0195312476716936,
,,,0.100661,0,
,,,0.100693,0.0195312476716936,
,,,0.100725,0.0195312476716936,
,,,0.100757,0.0195312476716936,
,,,0.100789,0,
,,,0.100821,0.0195312476716936,
,,,0.100853,0.0195312476716936,
,,,0.100885,0.0585937430150807,
,,,0.100917,0.0195312476716936,
,,,0.100949,0,
,,,0.100981,0,
,,,0.101013,0.0195312476716936,
,,,0.101045,0.0195312476716936,
,,,0.101077,0.0390624953433871,
,,,0.101109,0.0195312476716936,
,,,0.101141,0.0195312476716936,
,,,0.101173,0,
,,,0.101205,0,
,,,0.101237,-0.0214843724388629,
,,,0.101269,0,
,,,0.101301,0,
,,,0.101333,0.0195312476716936,
,,,0.101365,0.0195312476716936,
,,,0.101397,0.0195312476716936,
,,,0.101429,0.0195312476716936,
,,,0.101461,0.0195312476716936,
,,,0.101493,0.0195312476716936,
,,,0.101525,0.0195312476716936,
,,,0.101557,0,
,,,0.101589,0,
,,,0.101621,0.0195312476716936,
,,,0.101653,0,
,,,0.101685,0.0195312476716936,
,,,0.101717,0,
,,,0.101749,0,
,,,0.101781,0,
,,,0.101813,0,
,,,0.101845,0.0195312476716936,
,,,0.101877,0.0195312476716936,
,,,0.101909,0.0195312476716936,
,,,0.101941,0.0195312476716936,
,,,0.101973,0,
,,,0.102005,0.0195312476716936,
,,,0.102037,0,
,,,0.102069,0,
,,,0.102101,0.0195312476716936,
,,,0.102133,0.0390624953433871,
,,,0.102165,0.0195312476716936,
,,,0.102197,0.0195312476716936,
,,,0.102229,0.0195312476716936,
,,,0.102261,0.0195312476716936,
,,,0.102293,0.0195312476716936,
,,,0.102325,0.0195312476716936,
,,,0.102357,0,
,,,0.102389,0,
,,,0.102421,0.0800781154539436,
,,,0.102453,0.0195312476716936,
,,,0.102485,0.0195312476716936,
,,,0.102517,0,
,,,0.102549,-0.0214843724388629,
,,,0.102581,0.0195312476716936,
,,,0.102613,0.0195312476716936,
,,,0.102645,0,
,,,0.102677,0.0195312476716936,
,,,0.102709,0.0195312476716936,
,,,0.102741,0.0195312476716936,
,,,0.102773,0.0195312476716936,
,,,0.102805,0.0390624953433871,
,,,0.102837,0.0195312476716936,
,,,0.102869,0.0195312476716936,
,,,0.102901,0.0195312476716936,
,,,0.102933,0.0195312476716936,
,,,0.102965,0.0390624953433871,
,,,0.102997,-0.0214843724388629,
,,,0.103029,0.0195312476716936,
,,,0.103061,0.0195312476716936,
,,,0.103093,0.0195312476716936,
,,,0.103125,0,
,,,0.103157,0.0195312476716936,
,,,0.103189,0.0195312476716936,
,,,0.103221,0.0195312476716936,
,,,0.103253,0.0195312476716936,
,,,0.103285,0.0195312476716936,
,,,0.103317,0,
,,,0.103349,0,
,,,0.103381,0,
,,,0.103413,0.0195312476716936,
,,,0.103445,0.0195312476716936,
,,,0.103477,0,
,,,0.103509,0,
,,,0.103541,0.0195312476716936,
,,,0.103573,0,
,,,0.103605,0.0195312476716936,
,,,0.103637,-0.0214843724388629,
,,,0.103669,0,
,,,0.103701,0,
,,,0.103733,0.0195312476716936,
,,,0.103765,0.0195312476716936,
,,,0.103797,0.0195312476716936,
,,,0.103829,0.0195312476716936,
,,,0.103861,0.0195312476716936,
,,,0.103893,0.0195312476716936,
,,,0.103925,0,
,,,0.103957,-0.0214843724388629,
,,,0.103989,0,
,,,0.104021,0,
,,,0.104053,0,
,,,0.104085,0,
,,,0.104117,-0.0214843724388629,
,,,0.104149,0.0195312476716936,
,,,0.104181,0.0195312476716936,
,,,0.104213,0.0195312476716936,
,,,0.104245,0,
,,,0.104277,0.0195312476716936,
,,,0.104309,0.0195312476716936,
,,,0.104341,0.0195312476716936,
,,,0.104373,0.0390624953433871,
,,,0.104405,0,
,,,0.104437,0.0195312476716936,
,,,0.104469,0,
,,,0.104501,0.0390624953433871,
,,,0.104533,-0.0214843724388629,
,,,0.104565,0,
,,,0.104597,0,
,,,0.104629,0.0195312476716936,
,,,0.104661,0.0195312476716936,
,,,0.104693,-0.0214843724388629,
,,,0.104725,-0.0214843724388629,
,,,0.104757,0.0195312476716936,
,,,0.104789,0.0390624953433871,
,,,0.104821,0,
,,,0.104853,0,
,,,0.104885,0,
,,,0.104917,0.0195312476716936,
,,,0.104949,0,
,,,0.104981,0.0390624953433871,
,,,0.105013,0,
,,,0.105045,0,
,,,0.105077,0,
,,,0.105109,0.0195312476716936,
,,,0.105141,-0.0214843724388629,
,,,0.105173,0,
,,,0.105205,0,
,,,0.105237,0,
,,,0.105269,0.0195312476716936,
,,,0.105301,0,
,,,0.105333,0,
,,,0.105365,0,
,,,0.105397,0,
,,,0.105429,0,
,,,0.105461,0,
,,,0.105493,0,
,,,0.105525,0,
,,,0.105557,0,
,,,0.105589,0,
,,,0.105621,0,
,,,0.105653,0,
,,,0.105685,-0.0214843724388629,
,,,0.105717,0.0195312476716936,
,,,0.105749,0.0195312476716936,
,,,0.105781,0.0195312476716936,
,,,0.105813,0.0390624953433871,
,,,0.105845,0,
,,,0.105877,0,
,,,0.105909,0,
,,,0.105941,-0.0214843724388629,
,,,0.105973,0,
,,,0.106005,-0.0214843724388629,
,,,0.106037,0.0195312476716936,
,,,0.106069,-0.0214843724388629,
,,,0.106101,0.0195312476716936,
,,,0.106133,0,
,,,0.106165,-0.0214843724388629,
,,,0.106197,0.0195312476716936,
,,,0.106229,-0.0214843724388629,
,,,0.106261,0.0195312476716936,
,,,0.106293,-0.0214843724388629,
,,,0.106325,0,
,,,0.106357,0,
,,,0.106389,0,
,,,0.106421,0.0195312476716936,
,,,0.106453,0.0195312476716936,
,,,0.106485,0,
,,,0.106517,0,
,,,0.106549,0.0195312476716936,
,,,0.106581,0.0195312476716936,
,,,0.106613,0,
,,,0.106645,0.0195312476716936,
,,,0.106677,0,
,,,0.106709,0,
,,,0.106741,0,
,,,0.106773,0.0195312476716936,
,,,0.106805,0,
,,,0.106837,0,
,,,0.106869,0,
,,,0.106901,0,
,,,0.106933,-0.0214843724388629,
,,,0.106965,0.0195312476716936,
,,,0.106997,0,
,,,0.107029,-0.0214843724388629,
,,,0.107061,0,
,,,0.107093,0,
,,,0.107125,0,
,,,0.107157,0,
,,,0.107189,0,
,,,0.107221,0,
,,,0.107253,0.0195312476716936,
,,,0.107285,0.0195312476716936,
,,,0.107317,0,
,,,0.107349,0,
,,,0.107381,0,
,,,0.107413,0,
,,,0.107445,-0.0214843724388629,
,,,0.107477,0,
,,,0.107509,0,
,,,0.107541,0,
,,,0.107573,0,
,,,0.107605,0.0195312476716936,
,,,0.107637,0.0195312476716936,
,,,0.107669,0.0195312476716936,
,,,0.107701,0,
,,,0.107733,0,
,,,0.107765,0,
,,,0.107797,0.0195312476716936,
,,,0.107829,0,
,,,0.107861,0.0195312476716936,
,,,0.107893,0.0195312476716936,
,,,0.107925,0.0195312476716936,
,,,0.107957,0.0195312476716936,
,,,0.107989,-0.0214843724388629,
,,,0.108021,0.0195312476716936,
,,,0.108053,0,
,,,0.108085,0,
,,,0.108117,0.0195312476716936,
,,,0.108149,0.0195312476716936,
,,,0.108181,0.0195312476716936,
,,,0.108213,-0.0214843724388629,
,,,0.108245,0.0195312476716936,
,,,0.108277,0,
,,,0.108309,0.0195312476716936,
,,,0.108341,0.0195312476716936,
,,,0.108373,0,
,,,0.108405,0,
,,,0.108437,0,
,,,0.108469,0.0195312476716936,
,,,0.108501,-0.0214843724388629,
,,,0.108533,0.0195312476716936,
,,,0.108565,0.0195312476716936,
,,,0.108597,0,
,,,0.108629,0.0390624953433871,
,,,0.108661,0.0195312476716936,
,,,0.108693,0,
,,,0.108725,0.0195312476716936,
,,,0.108757,0,
,,,0.108789,0.0195312476716936,
,,,0.108821,0.0195312476716936,
,,,0.108853,0,
,,,0.108885,0,
,,,0.108917,-0.0214843724388629,
,,,0.108949,0.0195312476716936,
,,,0.108981,0.0195312476716936,
,,,0.109013,0,
,,,0.109045,0.0195312476716936,
,,,0.109077,0,
,,,0.109109,0.0195312476716936,
,,,0.109141,0.0195312476716936,
,,,0.109173,0.0195312476716936,
,,,0.109205,0,
,,,0.109237,-0.0214843724388629,
,,,0.109269,0,
,,,0.109301,0.0195312476716936,
,,,0.109333,0,
,,,0.109365,0.0195312476716936,
,,,0.109397,0,
,,,0.109429,0.0195312476716936,
,,,0.109461,0.0195312476716936,
,,,0.109493,0,
,,,0.109525,0,
,,,0.109557,0.0195312476716936,
,,,0.109589,0.0390624953433871,
,,,0.109621,0,
,,,0.109653,0,
,,,0.109685,0.0195312476716936,
,,,0.109717,0,
,,,0.109749,0.0195312476716936,
,,,0.109781,0,
,,,0.109813,0.0390624953433871,
,,,0.109845,0,
,,,0.109877,0.0195312476716936,
,,,0.109909,0.0195312476716936,
,,,0.109941,0.0390624953433871,
,,,0.109973,0.0195312476716936,
,,,0.110005,0,
,,,0.110037,-0.0800781154539436,
,,,0.110069,0.0195312476716936,
,,,0.110101,0.0195312476716936,
,,,0.110133,0.0195312476716936,
,,,0.110165,0.0195312476716936,
,,,0.110197,0.0195312476716936,
,,,0.110229,0,
,,,0.110261,0,
,,,0.110293,0,
,,,0.110325,0.0195312476716936,
,,,0.110357,0,
,,,0.110389,0.0195312476716936,
,,,0.110421,0.0195312476716936,
,,,0.110453,0,
,,,0.110485,0.0195312476716936,
,,,0.110517,0,
,,,0.110549,0,
,,,0.110581,0,
,,,0.110613,0,
,,,0.110645,0.0195312476716936,
,,,0.110677,0.0195312476716936,
,,,0.110709,0.0195312476716936,
,,,0.110741,0.0195312476716936,
,,,0.110773,0,
,,,0.110805,0,
,,,0.110837,0.0195312476716936,
,,,0.110869,0.0195312476716936,
,,,0.110901,0,
,,,0.110933,0,
,,,0.110965,0.0195312476716936,
,,,0.110997,0.0195312476716936,
,,,0.111029,0,
,,,0.111061,0,
,,,0.111093,0,
,,,0.111125,0,
,,,0.111157,0,
,,,0.111189,0.0195312476716936,
,,,0.111221,0,
,,,0.111253,0.0195312476716936,
,,,0.111285,0.0195312476716936,
,,,0.111317,0.0195312476716936,
,,,0.111349,0.0195312476716936,
,,,0.111381,0.0195312476716936,
,,,0.111413,0,
,,,0.111445,0,
,,,0.111477,0,
,,,0.111509,0,
,,,0.111541,0,
,,,0.111573,0,
,,,0.111605,-0.0214843724388629,
,,,0.111637,0,
,,,0.111669,0,
,,,0.111701,0,
,,,0.111733,0.0195312476716936,
,,,0.111765,0,
,,,0.111797,0.0195312476716936,
,,,0.111829,0.0195312476716936,
,,,0.111861,-0.0214843724388629,
,,,0.111893,0,
,,,0.111925,0.0195312476716936,
,,,0.111957,-0.0214843724388629,
,,,0.111989,-0.0214843724388629,
,,,0.112021,0,
,,,0.112053,0,
,,,0.112085,0,
,,,0.112117,0.0195312476716936,
,,,0.112149,0,
,,,0.112181,-0.0214843724388629,
,,,0.112213,0,
,,,0.112245,0.0195312476716936,
,,,0.112277,0,
,,,0.112309,0,
,,,0.112341,0.0195312476716936,
,,,0.112373,0,
,,,0.112405,0,
,,,0.112437,0,
,,,0.112469,0.0195312476716936,
,,,0.112501,-0.0214843724388629,
,,,0.112533,0,
,,,0.112565,0.0195312476716936,
,,,0.112597,0,
,,,0.112629,0,
,,,0.112661,0,
,,,0.112693,0,
,,,0.112725,0,
,,,0.112757,0.0390624953433871,
,,,0.112789,0,
,,,0.112821,0,
,,,0.112853,0.0195312476716936,
,,,0.112885,-0.0214843724388629,
,,,0.112917,0,
,,,0.112949,0,
,,,0.112981,0,
,,,0.113013,0.0195312476716936,
,,,0.113045,0,
,,,0.113077,0.0195312476716936,
,,,0.113109,0.0195312476716936,
,,,0.113141,0.0195312476716936,
,,,0.113173,0,
,,,0.113205,0.0195312476716936,
,,,0.113237,0.0195312476716936,
,,,0.113269,0.0195312476716936,
,,,0.113301,0.0195312476716936,
,,,0.113333,0,
,,,0.113365,0,
,,,0.113397,0.0195312476716936,
,,,0.113429,0.0195312476716936,
,,,0.113461,-0.0214843724388629,
,,,0.113493,0,
,,,0.113525,0,
,,,0.113557,0,
,,,0.113589,0.0195312476716936,
,,,0.113621,-0.0214843724388629,
,,,0.113653,0.0195312476716936,
,,,0.113685,0.0195312476716936,
,,,0.113717,0.0195312476716936,
,,,0.113749,0,
,,,0.113781,0.0195312476716936,
,,,0.113813,0,
,,,0.113845,0.0195312476716936,
,,,0.113877,0,
,,,0.113909,0.0195312476716936,
,,,0.113941,0.0195312476716936,
,,,0.113973,0.0195312476716936,
,,,0.114005,0.0195312476716936,
,,,0.114037,-0.0214843724388629,
,,,0.114069,0.0195312476716936,
,,,0.114101,0,
,,,0.114133,0,
,,,0.114165,0,
,,,0.114197,0.0195312476716936,
,,,0.114229,0,
,,,0.114261,0,
,,,0.114293,0,
,,,0.114325,0.0390624953433871,
,,,0.114357,0,
,,,0.114389,0.0195312476716936,
,,,0.114421,0.0195312476716936,
,,,0.114453,0,
,,,0.114485,0.0195312476716936,
,,,0.114517,0.0195312476716936,
,,,0.114549,0.0195312476716936,
,,,0.114581,0,
,,,0.114613,0.0195312476716936,
,,,0.114645,0,
,,,0.114677,0,
,,,0.114709,0,
,,,0.114741,0.0195312476716936,
,,,0.114773,0,
,,,0.114805,0.0195312476716936,
,,,0.114837,0,
,,,0.114869,0,
,,,0.114901,0,
,,,0.114933,0.0195312476716936,
,,,0.114965,0.0195312476716936,
,,,0.114997,0.0195312476716936,
,,,0.115029,0,
,,,0.115061,0.0195312476716936,
,,,0.115093,0.0195312476716936,
,,,0.115125,0.0195312476716936,
,,,0.115157,0.0195312476716936,
,,,0.115189,0.0195312476716936,
,,,0.115221,0,
,,,0.115253,0.0195312476716936,
,,,0.115285,0,
,,,0.115317,0,
,,,0.115349,0,
,,,0.115381,0.0195312476716936,
,,,0.115413,0.0195312476716936,
,,,0.115445,0.0195312476716936,
,,,0.115477,0.0195312476716936,
,,,0.115509,0.0195312476716936,
,,,0.115541,0.0195312476716936,
,,,0.115573,0,
,,,0.115605,0,
,,,0.115637,0.0195312476716936,
,,,0.115669,0,
,,,0.115701,0,
,,,0.115733,0.0195312476716936,
,,,0.115765,0,
,,,0.115797,0,
,,,0.115829,0.0195312476716936,
,,,0.115861,0,
,,,0.115893,0,
,,,0.115925,0.0195312476716936,
,,,0.115957,0,
,,,0.115989,0,
,,,0.116021,0,
,,,0.116053,0.0195312476716936,
,,,0.116085,0.0195312476716936,
,,,0.116117,0.0195312476716936,
,,,0.116149,0.0195312476716936,
,,,0.116181,0.0195312476716936,
,,,0.116213,0.0195312476716936,
,,,0.116245,0.0195312476716936,
,,,0.116277,0.0195312476716936,
,,,0.116309,0,
,,,0.116341,0,
,,,0.116373,0.0195312476716936,
,,,0.116405,0.0195312476716936,
,,,0.116437,0.0195312476716936,
,,,0.116469,0.0195312476716936,
,,,0.116501,0,
,,,0.116533,0,
,,,0.116565,0,
,,,0.116597,0,
,,,0.116629,-0.0214843724388629,
,,,0.116661,0.0195312476716936,
,,,0.116693,0.0195312476716936,
,,,0.116725,-0.0214843724388629,
,,,0.116757,-0.06054686778225,
,,,0.116789,0.0195312476716936,
,,,0.116821,0.0195312476716936,
,,,0.116853,0.0195312476716936,
,,,0.116885,0.0195312476716936,
,,,0.116917,0,
,,,0.116949,-0.0214843724388629,
,,,0.116981,0.0195312476716936,
,,,0.117013,0,
,,,0.117045,0.0195312476716936,
,,,0.117077,0.0195312476716936,
,,,0.117109,0,
,,,0.117141,0.0195312476716936,
,,,0.117173,0.0195312476716936,
,,,0.117205,0,
,,,0.117237,0.0195312476716936,
,,,0.117269,0.0195312476716936,
,,,0.117301,0.0195312476716936,
,,,0.117333,0,
,,,0.117365,0.0195312476716936,
,,,0.117397,-0.0214843724388629,
,,,0.117429,0,
,,,0.117461,0,
,,,0.117493,0,
,,,0.117525,0,
,,,0.117557,0,
,,,0.117589,0,
,,,0.117621,0.0390624953433871,
,,,0.117653,0,
,,,0.117685,0.0195312476716936,
,,,0.117717,0,
,,,0.117749,0.0195312476716936,
,,,0.117781,-0.0214843724388629,
,,,0.117813,0.0390624953433871,
,,,0.117845,-0.101562487892807,
,,,0.117877,0.0195312476716936,
,,,0.117909,0.0195312476716936,
,,,0.117941,-0.0214843724388629,
,,,0.117973,0,
,,,0.118005,0.0195312476716936,
,,,0.118037,0,
,,,0.118069,0.0390624953433871,
,,,0.118101,0,
,,,0.118133,0.0195312476716936,
,,,0.118165,0.0195312476716936,
,,,0.118197,0.0195312476716936,
,,,0.118229,0.0195312476716936,
,,,0.118261,0,
,,,0.118293,0.0195312476716936,
,,,0.118325,0.0195312476716936,
,,,0.118357,-0.0214843724388629,
,,,0.118389,0.0195312476716936,
,,,0.118421,0.0195312476716936,
,,,0.118453,0.0195312476716936,
,,,0.118485,0.0195312476716936,
,,,0.118517,0.0195312476716936,
,,,0.118549,0.0195312476716936,
,,,0.118581,0,
,,,0.118613,0,
,,,0.118645,0,
,,,0.118677,0.0195312476716936,
,,,0.118709,0,
,,,0.118741,0.0195312476716936,
,,,0.118773,0.0195312476716936,
,,,0.118805,0.0195312476716936,
,,,0.118837,0.0390624953433871,
,,,0.118869,0,
,,,0.118901,0.0390624953433871,
,,,0.118933,0,
,,,0.118965,0,
,,,0.118997,0.0195312476716936,
,,,0.119029,0.0195312476716936,
,,,0.119061,0.0195312476716936,
,,,0.119093,0.0195312476716936,
,,,0.119125,0,
,,,0.119157,0.0390624953433871,
,,,0.119189,0,
,,,0.119221,0.0195312476716936,
,,,0.119253,0.0195312476716936,
,,,0.119285,0.0390624953433871,
,,,0.119317,0.0195312476716936,
,,,0.119349,0.0195312476716936,
,,,0.119381,0.0195312476716936,
,,,0.119413,-0.06054686778225,
,,,0.119445,0.0195312476716936,
,,,0.119477,0.0195312476716936,
,,,0.119509,0.0195312476716936,
,,,0.119541,0,
,,,0.119573,0.0195312476716936,
,,,0.119605,0.0195312476716936,
,,,0.119637,0.0195312476716936,
,,,0.119669,0.0195312476716936,
,,,0.119701,0.0195312476716936,
,,,0.119733,0,
,,,0.119765,0.0195312476716936,
,,,0.119797,0.0195312476716936,
,,,0.119829,0,
,,,0.119861,0,
,,,0.119893,0.0195312476716936,
,,,0.119925,0.0195312476716936,
,,,0.119957,-0.0214843724388629,
,,,0.119989,0,
,,,0.120021,0,
,,,0.120053,0.0195312476716936,
,,,0.120085,0.0195312476716936,
,,,0.120117,0,
,,,0.120149,0,
,,,0.120181,0,
,,,0.120213,0,
,,,0.120245,0,
,,,0.120277,0,
,,,0.120309,0.0195312476716936,
,,,0.120341,0.0195312476716936,
,,,0.120373,0.0195312476716936,
,,,0.120405,-0.0214843724388629,
,,,0.120437,0.0195312476716936,
,,,0.120469,0,
,,,0.120501,0.0195312476716936,
,,,0.120533,0.0195312476716936,
,,,0.120565,0.0195312476716936,
,,,0.120597,-0.0214843724388629,
,,,0.120629,0,
,,,0.120661,0,
,,,0.120693,0,
,,,0.120725,0.0195312476716936,
,,,0.120757,0,
,,,0.120789,0.0195312476716936,
,,,0.120821,0,
,,,0.120853,0,
,,,0.120885,0.0195312476716936,
,,,0.120917,0,
,,,0.120949,-0.0214843724388629,
,,,0.120981,0,
,,,0.121013,0.0390624953433871,
,,,0.121045,0.0195312476716936,
,,,0.121077,0.0195312476716936,
,,,0.121109,0.0195312476716936,
,,,0.121141,0,
,,,0.121173,0.0195312476716936,
,,,0.121205,0.0390624953433871,
,,,0.121237,0.0195312476716936,
,,,0.121269,0.0195312476716936,
,,,0.121301,0,
,,,0.121333,0,
,,,0.121365,0,
,,,0.121397,0,
,,,0.121429,0,
,,,0.121461,0,
,,,0.121493,0,
,,,0.121525,-0.0214843724388629,
,,,0.121557,0.0195312476716936,
,,,0.121589,0.0195312476716936,
,,,0.121621,-0.0214843724388629,
,,,0.121653,0,
,,,0.121685,0.0390624953433871,
,,,0.121717,-0.0214843724388629,
,,,0.121749,0.0195312476716936,
,,,0.121781,0.0195312476716936,
,,,0.121813,0,
,,,0.121845,0.0195312476716936,
,,,0.121877,0,
,,,0.121909,0,
,,,0.121941,-0.0214843724388629,
,,,0.121973,0,
,,,0.122005,0,
,,,0.122037,0,
,,,0.122069,0.0195312476716936,
,,,0.122101,0,
,,,0.122133,0,
,,,0.122165,0,
,,,0.122197,0.0195312476716936,
,,,0.122229,0,
,,,0.122261,0,
,,,0.122293,0.0195312476716936,
,,,0.122325,0.0195312476716936,
,,,0.122357,0,
,,,0.122389,0.0195312476716936,
,,,0.122421,0,
,,,0.122453,0,
,,,0.122485,0,
,,,0.122517,0,
,,,0.122549,0,
,,,0.122581,0,
,,,0.122613,0,
,,,0.122645,0.0195312476716936,
,,,0.122677,0,
,,,0.122709,0,
,,,0.122741,0.0390624953433871,
,,,0.122773,0,
,,,0.122805,0,
,,,0.122837,0.0195312476716936,
,,,0.122869,0,
,,,0.122901,0,
,,,0.122933,0,
,,,0.122965,0,
,,,0.122997,0,
,,,0.123029,0,
,,,0.123061,0,
,,,0.123093,-0.0214843724388629,
,,,0.123125,0,
,,,0.123157,0,
,,,0.123189,0,
,,,0.123221,0.0195312476716936,
,,,0.123253,0,
,,,0.123285,0,
,,,0.123317,0,
,,,0.123349,0,
,,,0.123381,0,
,,,0.123413,-0.0214843724388629,
,,,0.123445,0,
,,,0.123477,0,
,,,0.123509,-0.0214843724388629,
,,,0.123541,0.0195312476716936,
,,,0.123573,0.0195312476716936,
,,,0.123605,0,
,,,0.123637,0,
,,,0.123669,0,
,,,0.123701,0,
,,,0.123733,-0.0214843724388629,
,,,0.123765,0,
,,,0.123797,-0.0214843724388629,
,,,0.123829,0,
,,,0.123861,0.0195312476716936,
,,,0.123893,0,
,,,0.123925,0,
,,,0.123957,0.0195312476716936,
,,,0.123989,0.0195312476716936,
,,,0.124021,0.0195312476716936,
,,,0.124053,0.0195312476716936,
,,,0.124085,0.0195312476716936,
,,,0.124117,0.0195312476716936,
,,,0.124149,-0.0410156201105565,
,,,0.124181,0.0195312476716936,
,,,0.124213,0.0195312476716936,
,,,0.124245,0,
,,,0.124277,0.0195312476716936,
,,,0.124309,-0.0214843724388629,
,,,0.124341,0.0195312476716936,
,,,0.124373,0,
,,,0.124405,0.0195312476716936,
,,,0.124437,0,
,,,0.124469,0.0195312476716936,
,,,0.124501,0.0195312476716936,
,,,0.124533,0,
,,,0.124565,0.0195312476716936,
,,,0.124597,0.0195312476716936,
,,,0.124629,-0.0410156201105565,
,,,0.124661,0.0195312476716936,
,,,0.124693,0,
,,,0.124725,0.0195312476716936,
,,,0.124757,0.0195312476716936,
,,,0.124789,0.0195312476716936,
,,,0.124821,0.0195312476716936,
,,,0.124853,0,
,,,0.124885,0.0195312476716936,
,,,0.124917,0.0195312476716936,
,,,0.124949,0.0195312476716936,
,,,0.124981,0.0195312476716936,
,,,0.125013,0,
,,,0.125045,0,
,,,0.125077,0.0195312476716936,
,,,0.125109,0.0195312476716936,
,,,0.125141,0,
,,,0.125173,0.0195312476716936,
,,,0.125205,0.0585937430150807,
,,,0.125237,0.0390624953433871,
,,,0.125269,0.0195312476716936,
,,,0.125301,0,
,,,0.125333,0,
,,,0.125365,0,
,,,0.125397,0.0195312476716936,
,,,0.125429,0.0195312476716936,
,,,0.125461,0.0195312476716936,
,,,0.125493,0.0195312476716936,
,,,0.125525,0.0195312476716936,
,,,0.125557,0.0195312476716936,
,,,0.125589,0.0195312476716936,
,,,0.125621,0.0195312476716936,
,,,0.125653,0.0195312476716936,
,,,0.125685,0.0390624953433871,
,,,0.125717,0,
,,,0.125749,0,
,,,0.125781,0.0195312476716936,
,,,0.125813,0.0195312476716936,
,,,0.125845,0,
,,,0.125877,0.0195312476716936,
,,,0.125909,0,
,,,0.125941,0,
,,,0.125973,0.0195312476716936,
,,,0.126005,0,
,,,0.126037,0,
,,,0.126069,0.0195312476716936,
,,,0.126101,0,
,,,0.126133,0.0195312476716936,
,,,0.126165,0.0195312476716936,
,,,0.126197,0.0195312476716936,
,,,0.126229,0.0195312476716936,
,,,0.126261,0.0195312476716936,
,,,0.126293,0.0195312476716936,
,,,0.126325,0.0390624953433871,
,,,0.126357,0,
,,,0.126389,0.0195312476716936,
,,,0.126421,0,
,,,0.126453,0.0195312476716936,
,,,0.126485,0.0195312476716936,
,,,0.126517,0,
,,,0.126549,0.0195312476716936,
,,,0.126581,0.0195312476716936,
,,,0.126613,0.0195312476716936,
,,,0.126645,0.0195312476716936,
,,,0.126677,0.0195312476716936,
,,,0.126709,0.0195312476716936,
,,,0.126741,0.0195312476716936,
,,,0.126773,0,
,,,0.126805,0,
,,,0.126837,0.0195312476716936,
,,,0.126869,0.0195312476716936,
,,,0.126901,0,
,,,0.126933,0,
,,,0.126965,0.0195312476716936,
,,,0.126997,0.0195312476716936,
,,,0.127029,-0.0214843724388629,
,,,0.127061,-0.0214843724388629,
,,,0.127093,0.0195312476716936,
,,,0.127125,0.0390624953433871,
,,,0.127157,0.0195312476716936,
,,,0.127189,0,
,,,0.127221,0,
,,,0.127253,0,
,,,0.127285,0,
,,,0.127317,0.0195312476716936,
,,,0.127349,0.0195312476716936,
,,,0.127381,0.0195312476716936,
,,,0.127413,0.0195312476716936,
,,,0.127445,0.0585937430150807,
,,,0.127477,0.0195312476716936,
,,,0.127509,0.0390624953433871,
,,,0.127541,0.0195312476716936,
,,,0.127573,0.0195312476716936,
,,,0.127605,-0.0214843724388629,
,,,0.127637,0,
,,,0.127669,0,
,,,0.127701,0,
,,,0.127733,0.0195312476716936,
,,,0.127765,0,
,,,0.127797,0,
,,,0.127829,0,
,,,0.127861,0,
,,,0.127893,0.0195312476716936,
,,,0.127925,0.0195312476716936,
,,,0.127957,0,
,,,0.127989,0.0195312476716936,
,,,0.128021,0,
,,,0.128053,0,
,,,0.128085,0.0195312476716936,
,,,0.128117,0.0195312476716936,
,,,0.128149,0,
,,,0.128181,-0.0214843724388629,
,,,0.128213,0.0195312476716936,
,,,0.128245,0,
,,,0.128277,0,
,,,0.128309,-0.0214843724388629,
,,,0.128341,0,
,,,0.128373,0,
,,,0.128405,0.0195312476716936,
,,,0.128437,0,
,,,0.128469,0,
,,,0.128501,0.0195312476716936,
,,,0.128533,-0.0214843724388629,
,,,0.128565,0,
,,,0.128597,0.0195312476716936,
,,,0.128629,-0.0214843724388629,
,,,0.128661,0.0390624953433871,
,,,0.128693,0,
,,,0.128725,0,
,,,0.128757,0,
,,,0.128789,0,
,,,0.128821,0,
,,,0.128853,0,
,,,0.128885,-0.0214843724388629,
,,,0.128917,0,
,,,0.128949,0,
,,,0.128981,0,
,,,0.129013,0,
,,,0.129045,0.0195312476716936,
,,,0.129077,0,
,,,0.129109,0,
,,,0.129141,0,
,,,0.129173,0,
,,,0.129205,0,
,,,0.129237,0.0195312476716936,
,,,0.129269,0,
,,,0.129301,0,
,,,0.129333,0.0195312476716936,
,,,0.129365,0,
,,,0.129397,0,
,,,0.129429,0,
,,,0.129461,0,
,,,0.129493,0.0195312476716936,
,,,0.129525,0,
,,,0.129557,-0.0214843724388629,
,,,0.129589,-0.0214843724388629,
,,,0.129621,0.0195312476716936,
,,,0.129653,0,
,,,0.129685,0,
,,,0.129717,0,
,,,0.129749,0,
,,,0.129781,0.0195312476716936,
,,,0.129813,0,
,,,0.129845,0.0195312476716936,
,,,0.129877,0.0195312476716936,
,,,0.129909,0.0195312476716936,
,,,0.129941,0,
,,,0.129973,0.0195312476716936,
,,,0.130005,0.0195312476716936,
,,,0.130037,0,
,,,0.130069,0.0195312476716936,
,,,0.130101,0,
,,,0.130133,0.0390624953433871,
,,,0.130165,0,
,,,0.130197,0,
,,,0.130229,0.0195312476716936,
,,,0.130261,0.0195312476716936,
,,,0.130293,0,
,,,0.130325,-0.0214843724388629,
,,,0.130357,0.0195312476716936,
,,,0.130389,0,
,,,0.130421,0,
,,,0.130453,0.0195312476716936,
,,,0.130485,0.0195312476716936,
,,,0.130517,0,
,,,0.130549,0.0195312476716936,
,,,0.130581,0.0195312476716936,
,,,0.130613,0,
,,,0.130645,0,
,,,0.130677,0.0195312476716936,
,,,0.130709,0.0195312476716936,
,,,0.130741,0.0195312476716936,
,,,0.130773,0.0195312476716936,
,,,0.130805,0.0195312476716936,
,,,0.130837,0,
,,,0.130869,0,
,,,0.130901,0.0195312476716936,
,,,0.130933,0.0195312476716936,
,,,0.130965,0,
,,,0.130997,0,
,,,0.131029,0.0195312476716936,
,,,0.131061,0.0195312476716936,
,,,0.131093,0.0195312476716936,
,,,0.131125,0.0195312476716936,
,,,0.131157,0.0195312476716936,
,,,0.131189,0,
,,,0.131221,0.0195312476716936,
,,,0.131253,0.0195312476716936,
,,,0.131285,0,
,,,0.131317,0.0195312476716936,
,,,0.131349,-0.0214843724388629,
,,,0.131381,0,
,,,0.131413,0,
,,,0.131445,0,
,,,0.131477,0,
,,,0.131509,0.0195312476716936,
,,,0.131541,0,
,,,0.131573,0,
,,,0.131605,0,
,,,0.131637,0,
,,,0.131669,-0.0214843724388629,
,,,0.131701,0.0195312476716936,
,,,0.131733,0,
,,,0.131765,0.0195312476716936,
,,,0.131797,0,
,,,0.131829,0,
,,,0.131861,0.0195312476716936,
,,,0.131893,0,
,,,0.131925,0,
,,,0.131957,0.0195312476716936,
,,,0.131989,0,
,,,0.132021,0.0195312476716936,
,,,0.132053,0,
,,,0.132085,0.0195312476716936,
,,,0.132117,-0.0214843724388629,
,,,0.132149,0.0195312476716936,
,,,0.132181,0.0195312476716936,
,,,0.132213,0,
,,,0.132245,0.0195312476716936,
,,,0.132277,0,
,,,0.132309,-0.0214843724388629,
,,,0.132341,0,
,,,0.132373,0.0195312476716936,
,,,0.132405,0.0195312476716936,
,,,0.132437,0.0195312476716936,
,,,0.132469,-0.0214843724388629,
,,,0.132501,0,
,,,0.132533,0.0195312476716936,
,,,0.132565,0.0195312476716936,
,,,0.132597,0.0195312476716936,
,,,0.132629,0,
,,,0.132661,0,
,,,0.132693,0.0195312476716936,
,,,0.132725,0.0195312476716936,
,,,0.132757,0.0195312476716936,
,,,0.132789,0.0195312476716936,
,,,0.132821,-0.0214843724388629,
,,,0.132853,0,
,,,0.132885,0,
,,,0.132917,0,
,,,0.132949,0,
,,,0.132981,0.0195312476716936,
,,,0.133013,0.0195312476716936,
,,,0.133045,0,
,,,0.133077,0,
,,,0.133109,0.0195312476716936,
,,,0.133141,0.0195312476716936,
,,,0.133173,0.0195312476716936,
,,,0.133205,0,
,,,0.133237,0.0195312476716936,
,,,0.133269,0,
,,,0.133301,0,
,,,0.133333,0.0195312476716936,
,,,0.133365,0,
,,,0.133397,-0.0214843724388629,
,,,0.133429,0.0390624953433871,
,,,0.133461,0.0195312476716936,
,,,0.133493,0.0195312476716936,
,,,0.133525,0.0195312476716936,
,,,0.133557,0.0195312476716936,
,,,0.133589,-0.0800781154539436,
,,,0.133621,0.0195312476716936,
,,,0.133653,-0.0214843724388629,
,,,0.133685,0.0195312476716936,
,,,0.133717,0,
,,,0.133749,0,
,,,0.133781,0.0195312476716936,
,,,0.133813,0.0195312476716936,
,,,0.133845,0.0195312476716936,
,,,0.133877,0.0195312476716936,
,,,0.133909,-0.0214843724388629,
,,,0.133941,0,
,,,0.133973,-0.0214843724388629,
,,,0.134005,0.0195312476716936,
,,,0.134037,0,
,,,0.134069,0,
,,,0.134101,0,
,,,0.134133,0,
,,,0.134165,0.0195312476716936,
,,,0.134197,0.0195312476716936,
,,,0.134229,0,
,,,0.134261,0.0195312476716936,
,,,0.134293,0,
,,,0.134325,-0.0800781154539436,
,,,0.134357,0,
,,,0.134389,0.0195312476716936,
,,,0.134421,0.0195312476716936,
,,,0.134453,-0.0214843724388629,
,,,0.134485,0.0195312476716936,
,,,0.134517,0.0195312476716936,
,,,0.134549,0,
,,,0.134581,0,
,,,0.134613,0.0195312476716936,
,,,0.134645,0,
,,,0.134677,-0.0410156201105565,
,,,0.134709,0.0195312476716936,
,,,0.134741,0,
,,,0.134773,0.0195312476716936,
,,,0.134805,-0.0214843724388629,
,,,0.134837,0.0195312476716936,
,,,0.134869,0.0195312476716936,
,,,0.134901,0.0195312476716936,
,,,0.134933,0.0195312476716936,
,,,0.134965,0.0195312476716936,
,,,0.134997,0,
,,,0.135029,0.0195312476716936,
,,,0.135061,0,
,,,0.135093,0.0195312476716936,
,,,0.135125,0.0195312476716936,
,,,0.135157,0.0195312476716936,
,,,0.135189,0,
,,,0.135221,0,
,,,0.135253,0.0195312476716936,
,,,0.135285,0,
,,,0.135317,0,
,,,0.135349,0,
,,,0.135381,0.0195312476716936,
,,,0.135413,0.0195312476716936,
,,,0.135445,-0.0214843724388629,
,,,0.135477,0.0195312476716936,
,,,0.135509,0.0195312476716936,
,,,0.135541,0,
,,,0.135573,0.0195312476716936,
,,,0.135605,0,
,,,0.135637,0.0585937430150807,
,,,0.135669,0.0195312476716936,
,,,0.135701,0.0195312476716936,
,,,0.135733,0.0195312476716936,
,,,0.135765,0,
,,,0.135797,0,
,,,0.135829,0.0195312476716936,
,,,0.135861,0.0195312476716936,
,,,0.135893,0,
,,,0.135925,0.0195312476716936,
,,,0.135957,-0.0214843724388629,
,,,0.135989,0.0195312476716936,
,,,0.136021,0.0195312476716936,
,,,0.136053,-0.0214843724388629,
,,,0.136085,0,
,,,0.136117,0,
,,,0.136149,0,
,,,0.136181,0.0195312476716936,
,,,0.136213,0.0195312476716936,
,,,0.136245,0.0195312476716936,
,,,0.136277,0,
,,,0.136309,0,
,,,0.136341,0,
,,,0.136373,0.0195312476716936,
,,,0.136405,0.0195312476716936,
,,,0.136437,-0.0410156201105565,
,,,0.136469,-0.0214843724388629,
,,,0.136501,0,
,,,0.136533,0.0195312476716936,
,,,0.136565,0,
,,,0.136597,-0.0214843724388629,
,,,0.136629,0.0390624953433871,
,,,0.136661,0.0390624953433871,
,,,0.136693,0,
,,,0.136725,0,
,,,0.136757,0,
,,,0.136789,-0.0410156201105565,
,,,0.136821,0.0195312476716936,
,,,0.136853,0,
,,,0.136885,0,
,,,0.136917,0,
,,,0.136949,0.0195312476716936,
,,,0.136981,0.0195312476716936,
,,,0.137013,0.0195312476716936,
,,,0.137045,0,
,,,0.137077,0,
,,,0.137109,0,
,,,0.137141,-0.0214843724388629,
,,,0.137173,0.0195312476716936,
,,,0.137205,0.0195312476716936,
,,,0.137237,0,
,,,0.137269,0,
,,,0.137301,0,
,,,0.137333,0.0195312476716936,
,,,0.137365,0,
,,,0.137397,0,
,,,0.137429,0.0195312476716936,
,,,0.137461,0.0195312476716936,
,,,0.137493,0.0195312476716936,
,,,0.137525,0,
,,,0.137557,0,
,,,0.137589,0.0195312476716936,
,,,0.137621,0,
,,,0.137653,0,
,,,0.137685,0.0195312476716936,
,,,0.137717,-0.0214843724388629,
,,,0.137749,0,
,,,0.137781,0,
,,,0.137813,-0.0214843724388629,
,,,0.137845,0.0195312476716936,
,,,0.137877,0,
,,,0.137909,0.0195312476716936,
,,,0.137941,0,
,,,0.137973,0,
,,,0.138005,0,
,,,0.138037,0,
,,,0.138069,0,
,,,0.138101,0,
,,,0.138133,0,
,,,0.138165,0,
,,,0.138197,0.0195312476716936,
,,,0.138229,0.0390624953433871,
,,,0.138261,0.0195312476716936,
,,,0.138293,0,
,,,0.138325,0.0195312476716936,
,,,0.138357,-0.0214843724388629,
,,,0.138389,0,
,,,0.138421,0.0195312476716936,
,,,0.138453,0.0195312476716936,
,,,0.138485,0,
,,,0.138517,0,
,,,0.138549,0.0195312476716936,
,,,0.138581,0,
,,,0.138613,0,
,,,0.138645,0.0195312476716936,
,,,0.138677,0.0195312476716936,
,,,0.138709,-0.0214843724388629,
,,,0.138741,0,
,,,0.138773,0,
,,,0.138805,-0.0214843724388629,
,,,0.138837,0,
,,,0.138869,0,
,,,0.138901,0.0195312476716936,
,,,0.138933,0.0195312476716936,
,,,0.138965,0.0195312476716936,
,,,0.138997,-0.0214843724388629,
,,,0.139029,0,
,,,0.139061,0,
,,,0.139093,0.0390624953433871,
,,,0.139125,0,
,,,0.139157,0,
,,,0.139189,0,
,,,0.139221,0,
,,,0.139253,0,
,,,0.139285,0.0195312476716936,
,,,0.139317,0,
,,,0.139349,0.0390624953433871,
,,,0.139381,0.0195312476716936,
,,,0.139413,0,
,,,0.139445,0,
,,,0.139477,-0.0214843724388629,
,,,0.139509,0.0195312476716936,
,,,0.139541,0,
,,,0.139573,0,
,,,0.139605,0,
,,,0.139637,0,
,,,0.139669,0,
,,,0.139701,0,
,,,0.139733,-0.0214843724388629,
,,,0.139765,0.0195312476716936,
,,,0.139797,0,
,,,0.139829,0,
,,,0.139861,0,
,,,0.139893,0,
,,,0.139925,0.0195312476716936,
,,,0.139957,0.0195312476716936,
,,,0.139989,0,
,,,0.140021,0,
,,,0.140053,0,
,,,0.140085,0.0195312476716936,
,,,0.140117,0.0195312476716936,
,,,0.140149,0,
,,,0.140181,0.0195312476716936,
,,,0.140213,0.0195312476716936,
,,,0.140245,0,
,,,0.140277,0,
,,,0.140309,0.0195312476716936,
,,,0.140341,-0.0214843724388629,
,,,0.140373,0,
,,,0.140405,0,
,,,0.140437,0.0195312476716936,
,,,0.140469,0,
,,,0.140501,0.0390624953433871,
,,,0.140533,0,
,,,0.140565,0,
,,,0.140597,0,
,,,0.140629,0.0195312476716936,
,,,0.140661,0,
,,,0.140693,0,
,,,0.140725,0,
,,,0.140757,0,
,,,0.140789,-0.0214843724388629,
,,,0.140821,0,
,,,0.140853,0,
,,,0.140885,0.0195312476716936,
,,,0.140917,0,
,,,0.140949,0.0195312476716936,
,,,0.140981,0.0195312476716936,
,,,0.141013,0,
,,,0.141045,0,
,,,0.141077,0,
,,,0.141109,0,
,,,0.141141,0,
,,,0.141173,0,
,,,0.141205,0.0195312476716936,
,,,0.141237,0,
,,,0.141269,0,
,,,0.141301,0.0195312476716936,
,,,0.141333,0,
,,,0.141365,0,
,,,0.141397,0.0390624953433871,
,,,0.141429,0,
,,,0.141461,0.0195312476716936,
,,,0.141493,0,
,,,0.141525,0,
,,,0.141557,0.0195312476716936,
,,,0.141589,0.0195312476716936,
,,,0.141621,-0.0214843724388629,
,,,0.141653,0.0195312476716936,
,,,0.141685,0,
,,,0.141717,0.0195312476716936,
,,,0.141749,0,
,,,0.141781,0,
,,,0.141813,0.0195312476716936,
,,,0.141845,0.0195312476716936,
,,,0.141877,0,
,,,0.141909,0.0195312476716936,
,,,0.141941,0,
,,,0.141973,-0.0214843724388629,
,,,0.142005,0.0195312476716936,
,,,0.142037,0,
,,,0.142069,-0.0214843724388629,
,,,0.142101,-0.0410156201105565,
,,,0.142133,0.0585937430150807,
,,,0.142165,0,
,,,0.142197,0,
,,,0.142229,0.0195312476716936,
,,,0.142261,0,
,,,0.142293,-0.0214843724388629,
,,,0.142325,0.0195312476716936,
,,,0.142357,0,
,,,0.142389,0,
,,,0.142421,0,
,,,0.142453,0,
,,,0.142485,0.0195312476716936,
,,,0.142517,0.0195312476716936,
,,,0.142549,0,
,,,0.142581,0.0195312476716936,
,,,0.142613,0.0195312476716936,
,,,0.142645,0,
,,,0.142677,0,
,,,0.142709,0,
,,,0.142741,0.0195312476716936,
,,,0.142773,0,
,,,0.142805,0,
,,,0.142837,0.0195312476716936,
,,,0.142869,0.0195312476716936,
,,,0.142901,0.0195312476716936,
,,,0.142933,0.0390624953433871,
,,,0.142965,0.0195312476716936,
,,,0.142997,0.0195312476716936,
,,,0.143029,0.0195312476716936,
,,,0.143061,0.0195312476716936,
,,,0.143093,0.0195312476716936,
,,,0.143125,-0.0214843724388629,
,,,0.143157,0,
,,,0.143189,0.0195312476716936,
,,,0.143221,0,
,,,0.143253,0,
,,,0.143285,0,
,,,0.143317,-0.0214843724388629,
,,,0.143349,0.0195312476716936,
,,,0.143381,0.0195312476716936,
,,,0.143413,0,
,,,0.143445,0.0195312476716936,
,,,0.143477,0.0195312476716936,
,,,0.143509,0.0195312476716936,
,,,0.143541,0,
,,,0.143573,0,
,,,0.143605,0.0390624953433871,
,,,0.143637,0.0195312476716936,
,,,0.143669,0.0195312476716936,
,,,0.143701,0,
,,,0.143733,0,
,,,0.143765,0,
,,,0.143797,0,
,,,0.143829,0,
,,,0.143861,0.0195312476716936,
,,,0.143893,0,
,,,0.143925,0.0195312476716936,
,,,0.143957,0,
,,,0.143989,0.0195312476716936,
,,,0.144021,0,
,,,0.144053,0.0195312476716936,
,,,0.144085,0.0195312476716936,
,,,0.144117,0.0195312476716936,
,,,0.144149,0,
,,,0.144181,0,
,,,0.144213,-0.0214843724388629,
,,,0.144245,0,
,,,0.144277,0.0195312476716936,
,,,0.144309,0,
,,,0.144341,0,
,,,0.144373,0.0195312476716936,
,,,0.144405,0.0195312476716936,
,,,0.144437,-0.0214843724388629,
,,,0.144469,0,
,,,0.144501,0,
,,,0.144533,0.0195312476716936,
,,,0.144565,0.0195312476716936,
,,,0.144597,0,
,,,0.144629,0,
,,,0.144661,0.0195312476716936,
,,,0.144693,0,
,,,0.144725,0.0195312476716936,
,,,0.144757,0.0195312476716936,
,,,0.144789,0.0195312476716936,
,,,0.144821,0,
,,,0.144853,0,
,,,0.144885,0.0195312476716936,
,,,0.144917,0.0195312476716936,
,,,0.144949,-0.0214843724388629,
,,,0.144981,0,
,,,0.145013,0,
,,,0.145045,0,
,,,0.145077,0.0195312476716936,
,,,0.145109,0,
,,,0.145141,0,
,,,0.145173,0.0195312476716936,
,,,0.145205,0.0390624953433871,
,,,0.145237,0,
,,,0.145269,0,
,,,0.145301,0.0195312476716936,
,,,0.145333,0.0195312476716936,
,,,0.145365,0,
,,,0.145397,0,
,,,0.145429,0.0195312476716936,
,,,0.145461,0,
,,,0.145493,0.0390624953433871,
,,,0.145525,0.0195312476716936,
,,,0.145557,0,
,,,0.145589,0,
,,,0.145621,0,
,,,0.145653,0,
,,,0.145685,0,
,,,0.145717,0,
,,,0.145749,0.0390624953433871,
,,,0.145781,0,
,,,0.145813,0.0195312476716936,
,,,0.145845,-0.0214843724388629,
,,,0.145877,0,
,,,0.145909,0,
,,,0.145941,0.0195312476716936,
,,,0.145973,0,
,,,0.146005,0.0195312476716936,
,,,0.146037,0.0195312476716936,
,,,0.146069,0,
,,,0.146101,0,
,,,0.146133,0,
,,,0.146165,0,
,,,0.146197,0,
,,,0.146229,-0.0214843724388629,
,,,0.146261,0.0195312476716936,
,,,0.146293,0.0195312476716936,
,,,0.146325,0,
,,,0.146357,0.0195312476716936,
,,,0.146389,0.0195312476716936,
,,,0.146421,-0.0214843724388629,
,,,0.146453,0,
,,,0.146485,0.0195312476716936,
,,,0.146517,0,
,,,0.146549,0,
,,,0.146581,0,
,,,0.146613,0,
,,,0.146645,0.0195312476716936,
,,,0.146677,0.0195312476716936,
,,,0.146709,-0.0214843724388629,
,,,0.146741,0.0195312476716936,
,,,0.146773,0,
,,,0.146805,0,
,,,0.146837,0,
,,,0.146869,0,
,,,0.146901,0.0195312476716936,
,,,0.146933,0,
,,,0.146965,0,
,,,0.146997,-0.0214843724388629,
,,,0.147029,0,
,,,0.147061,0,
,,,0.147093,0.0195312476716936,
,,,0.147125,0,
,,,0.147157,0.0195312476716936,
,,,0.147189,0.0390624953433871,
,,,0.147221,0.0390624953433871,
,,,0.147253,0.0195312476716936,
,,,0.147285,0.0195312476716936,
,,,0.147317,0,
,,,0.147349,0.0195312476716936,
,,,0.147381,0.0195312476716936,
,,,0.147413,0.0195312476716936,
,,,0.147445,0,
,,,0.147477,0.0195312476716936,
,,,0.147509,-0.0214843724388629,
,,,0.147541,0,
,,,0.147573,0.0195312476716936,
,,,0.147605,-0.0214843724388629,
,,,0.147637,0.0195312476716936,
,,,0.147669,0,
,,,0.147701,0.0195312476716936,
,,,0.147733,0.0195312476716936,
,,,0.147765,0.0195312476716936,
,,,0.147797,0,
,,,0.147829,0,
,,,0.147861,0.0195312476716936,
,,,0.147893,0.0195312476716936,
,,,0.147925,0,
,,,0.147957,0.0195312476716936,
,,,0.147989,0.0195312476716936,
,,,0.148021,0.0195312476716936,
,,,0.148053,0,
,,,0.148085,0.0195312476716936,
,,,0.148117,0.0195312476716936,
,,,0.148149,0.0195312476716936,
,,,0.148181,0,
,,,0.148213,0,
,,,0.148245,0.0195312476716936,
,,,0.148277,0.0195312476716936,
,,,0.148309,0.0195312476716936,
,,,0.148341,0.0195312476716936,
,,,0.148373,0.0195312476716936,
,,,0.148405,0,
,,,0.148437,0.0390624953433871,
,,,0.148469,0,
,,,0.148501,0,
,,,0.148533,0.0195312476716936,
,,,0.148565,0,
,,,0.148597,0.0390624953433871,
,,,0.148629,0.0195312476716936,
,,,0.148661,0,
,,,0.148693,0,
,,,0.148725,0.0195312476716936,
,,,0.148757,0.0195312476716936,
,,,0.148789,0.0195312476716936,
,,,0.148821,-0.0214843724388629,
,,,0.148853,0,
,,,0.148885,0,
,,,0.148917,0,
,,,0.148949,0.0195312476716936,
,,,0.148981,0,
,,,0.149013,0.0195312476716936,
,,,0.149045,0,
,,,0.149077,0,
,,,0.149109,-0.0214843724388629,
,,,0.149141,0.0195312476716936,
,,,0.149173,0,
,,,0.149205,0,
,,,0.149237,0.0195312476716936,
,,,0.149269,0,
,,,0.149301,0,
,,,0.149333,0.0390624953433871,
,,,0.149365,0.0195312476716936,
,,,0.149397,0.0195312476716936,
,,,0.149429,0.0195312476716936,
,,,0.149461,0.0195312476716936,
,,,0.149493,0.0195312476716936,
,,,0.149525,0.0195312476716936,
,,,0.149557,0,
,,,0.149589,0.0195312476716936,
,,,0.149621,0,
,,,0.149653,0.0195312476716936,
,,,0.149685,0.0195312476716936,
,,,0.149717,0,
,,,0.149749,0.0195312476716936,
,,,0.149781,0.0195312476716936,
,,,0.149813,0.0195312476716936,
,,,0.149845,0,
,,,0.149877,0,
,,,0.149909,0,
,,,0.149941,0,
,,,0.149973,0.0195312476716936,
,,,0.150005,-0.0214843724388629,
,,,0.150037,0.0195312476716936,
,,,0.150069,0.0390624953433871,
,,,0.150101,0,
,,,0.150133,0.0195312476716936,
,,,0.150165,0.0195312476716936,
,,,0.150197,0.0195312476716936,
,,,0.150229,0.0195312476716936,
,,,0.150261,-0.0214843724388629,
,,,0.150293,0,
,,,0.150325,0,
,,,0.150357,0.0390624953433871,
,,,0.150389,0,
,,,0.150421,0,
,,,0.150453,0.0195312476716936,
,,,0.150485,0.0195312476716936,
,,,0.150517,0,
,,,0.150549,0,
,,,0.150581,-0.0410156201105565,
,,,0.150613,0.0195312476716936,
,,,0.150645,-0.0214843724388629,
,,,0.150677,0,
,,,0.150709,0.0195312476716936,
,,,0.150741,0.0195312476716936,
,,,0.150773,0,
,,,0.150805,0.0390624953433871,
,,,0.150837,0,
,,,0.150869,0.0195312476716936,
,,,0.150901,0,
,,,0.150933,0.0195312476716936,
,,,0.150965,0,
,,,0.150997,0,
,,,0.151029,0.0195312476716936,
,,,0.151061,0.0195312476716936,
,,,0.151093,0.0195312476716936,
,,,0.151125,0,
,,,0.151157,0.0195312476716936,
,,,0.151189,0.0390624953433871,
,,,0.151221,0.0195312476716936,
,,,0.151253,0.0195312476716936,
,,,0.151285,0,
,,,0.151317,0.0195312476716936,
,,,0.151349,0.0195312476716936,
,,,0.151381,-0.0214843724388629,
,,,0.151413,0,
,,,0.151445,0.0195312476716936,
,,,0.151477,0.0195312476716936,
,,,0.151509,0.0195312476716936,
,,,0.151541,0.0195312476716936,
,,,0.151573,0.0195312476716936,
,,,0.151605,0.0195312476716936,
,,,0.151637,0,
,,,0.151669,0,
,,,0.151701,0.0195312476716936,
,,,0.151733,0,
,,,0.151765,0.0195312476716936,
,,,0.151797,0.0195312476716936,
,,,0.151829,-0.0214843724388629,
,,,0.151861,0.0195312476716936,
,,,0.151893,0.0195312476716936,
,,,0.151925,0.0195312476716936,
,,,0.151957,0.0195312476716936,
,,,0.151989,-0.0214843724388629,
,,,0.152021,0.0195312476716936,
,,,0.152053,0,
,,,0.152085,0,
,,,0.152117,0.0195312476716936,
,,,0.152149,0,
,,,0.152181,0.0195312476716936,
,,,0.152213,0,
,,,0.152245,0,
,,,0.152277,0.0195312476716936,
,,,0.152309,0.0195312476716936,
,,,0.152341,-0.0214843724388629,
,,,0.152373,0.0195312476716936,
,,,0.152405,-0.0410156201105565,
,,,0.152437,0.0195312476716936,
,,,0.152469,0.0195312476716936,
,,,0.152501,0.0195312476716936,
,,,0.152533,0,
,,,0.152565,0,
,,,0.152597,0,
,,,0.152629,0.0195312476716936,
,,,0.152661,0.0195312476716936,
,,,0.152693,0,
,,,0.152725,0.0195312476716936,
,,,0.152757,0,
,,,0.152789,0,
,,,0.152821,0,
,,,0.152853,-0.0214843724388629,
,,,0.152885,-0.0214843724388629,
,,,0.152917,0,
,,,0.152949,0.0195312476716936,
,,,0.152981,-0.0214843724388629,
,,,0.153013,0.0195312476716936,
,,,0.153045,-0.0214843724388629,
,,,0.153077,0,
,,,0.153109,-0.0214843724388629,
,,,0.153141,0,
,,,0.153173,0.0195312476716936,
,,,0.153205,0.0195312476716936,
,,,0.153237,0.0195312476716936,
,,,0.153269,0.0195312476716936,
,,,0.153301,0.0195312476716936,
,,,0.153333,0.0195312476716936,
,,,0.153365,0.0195312476716936,
,,,0.153397,-0.0410156201105565,
,,,0.153429,0,
,,,0.153461,0.0195312476716936,
,,,0.153493,0.0195312476716936,
,,,0.153525,0,
,,,0.153557,-0.0410156201105565,
,,,0.153589,-0.0214843724388629,
,,,0.153621,0.0390624953433871,
,,,0.153653,0,
,,,0.153685,0.0390624953433871,
,,,0.153717,0,
,,,0.153749,0.0195312476716936,
,,,0.153781,0.0195312476716936,
,,,0.153813,0.0195312476716936,
,,,0.153845,-0.0214843724388629,
,,,0.153877,0.0390624953433871,
,,,0.153909,0,
,,,0.153941,0,
,,,0.153973,0.0195312476716936,
,,,0.154005,0,
,,,0.154037,0.0195312476716936,
,,,0.154069,0,
,,,0.154101,0,
,,,0.154133,0.0195312476716936,
,,,0.154165,0,
,,,0.154197,0,
,,,0.154229,0.0195312476716936,
,,,0.154261,0,
,,,0.154293,0,
,,,0.154325,0.0195312476716936,
,,,0.154357,0,
,,,0.154389,0.0390624953433871,
,,,0.154421,0,
,,,0.154453,0,
,,,0.154485,0.0195312476716936,
,,,0.154517,0.0195312476716936,
,,,0.154549,0,
,,,0.154581,0,
,,,0.154613,0,
,,,0.154645,0,
,,,0.154677,0,
,,,0.154709,0,
,,,0.154741,0,
,,,0.154773,0,
,,,0.154805,0,
,,,0.154837,0,
,,,0.154869,0,
,,,0.154901,0.0390624953433871,
,,,0.154933,0.0195312476716936,
,,,0.154965,0,
,,,0.154997,0,
,,,0.155029,0,
,,,0.155061,0,
,,,0.155093,0.0195312476716936,
,,,0.155125,0,
,,,0.155157,0.0195312476716936,
,,,0.155189,0.0195312476716936,
,,,0.155221,0.0195312476716936,
,,,0.155253,0,
,,,0.155285,0,
,,,0.155317,0,
,,,0.155349,0.0195312476716936,
,,,0.155381,0,
,,,0.155413,0,
,,,0.155445,0,
,,,0.155477,0.0195312476716936,
,,,0.155509,0,
,,,0.155541,0.0195312476716936,
,,,0.155573,0,
,,,0.155605,0,
,,,0.155637,0.0195312476716936,
,,,0.155669,0,
,,,0.155701,0,
,,,0.155733,0,
,,,0.155765,0,
,,,0.155797,0,
,,,0.155829,0,
,,,0.155861,0.0390624953433871,
,,,0.155893,0,
,,,0.155925,0,
,,,0.155957,0,
,,,0.155989,0,
,,,0.156021,0,
,,,0.156053,0,
,,,0.156085,0.0195312476716936,
,,,0.156117,0.0195312476716936,
,,,0.156149,0,
,,,0.156181,-0.0214843724388629,
,,,0.156213,0,
,,,0.156245,0,
,,,0.156277,0,
,,,0.156309,0,
,,,0.156341,0,
,,,0.156373,0,
,,,0.156405,0,
,,,0.156437,0.0195312476716936,
,,,0.156469,0,
,,,0.156501,-0.0214843724388629,
,,,0.156533,0,
,,,0.156565,0,
,,,0.156597,0.0390624953433871,
,,,0.156629,-0.0214843724388629,
,,,0.156661,0.0195312476716936,
,,,0.156693,0,
,,,0.156725,0,
,,,0.156757,0,
,,,0.156789,0.0195312476716936,
,,,0.156821,0,
,,,0.156853,0.0195312476716936,
,,,0.156885,0,
,,,0.156917,0.0195312476716936,
,,,0.156949,0,
,,,0.156981,0,
,,,0.157013,0.0195312476716936,
,,,0.157045,0,
,,,0.157077,0,
,,,0.157109,0.0195312476716936,
,,,0.157141,0,
,,,0.157173,0,
,,,0.157205,0,
,,,0.157237,0,
,,,0.157269,0.0195312476716936,
,,,0.157301,0.0195312476716936,
,,,0.157333,0,
,,,0.157365,0,
,,,0.157397,0,
,,,0.157429,0.0195312476716936,
,,,0.157461,0.0195312476716936,
,,,0.157493,0.0195312476716936,
,,,0.157525,-0.0214843724388629,
,,,0.157557,0,
,,,0.157589,0.0195312476716936,
,,,0.157621,0.0195312476716936,
,,,0.157653,0,
,,,0.157685,-0.0214843724388629,
,,,0.157717,0.0195312476716936,
,,,0.157749,0.0195312476716936,
,,,0.157781,0.0390624953433871,
,,,0.157813,0.0195312476716936,
,,,0.157845,0.0195312476716936,
,,,0.157877,0.0195312476716936,
,,,0.157909,0,
,,,0.157941,0,
,,,0.157973,0.0390624953433871,
,,,0.158005,0,
,,,0.158037,0,
,,,0.158069,0,
,,,0.158101,0,
,,,0.158133,0.0195312476716936,
,,,0.158165,-0.0214843724388629,
,,,0.158197,0.0195312476716936,
,,,0.158229,0.0195312476716936,
,,,0.158261,0.0195312476716936,
,,,0.158293,0,
,,,0.158325,0.0195312476716936,
,,,0.158357,0.0195312476716936,
,,,0.158389,0,
,,,0.158421,0.0195312476716936,
,,,0.158453,0.0195312476716936,
,,,0.158485,0.0195312476716936,
,,,0.158517,0,
,,,0.158549,0.0195312476716936,
,,,0.158581,0.0195312476716936,
,,,0.158613,0,
,,,0.158645,0.0390624953433871,
,,,0.158677,0,
,,,0.158709,0.0195312476716936,
,,,0.158741,0.0195312476716936,
,,,0.158773,0.0195312476716936,
,,,0.158805,0.0195312476716936,
,,,0.158837,0,
,,,0.158869,0.0195312476716936,
,,,0.158901,-0.0214843724388629,
,,,0.158933,0,
,,,0.158965,0,
,,,0.158997,0,
,,,0.159029,0.0195312476716936,
,,,0.159061,0.0585937430150807,
,,,0.159093,0.0195312476716936,
,,,0.159125,0.0390624953433871,
,,,0.159157,-0.0214843724388629,
,,,0.159189,0.0195312476716936,
,,,0.159221,0.0195312476716936,
,,,0.159253,0.0195312476716936,
,,,0.159285,0.0195312476716936,
,,,0.159317,0.0195312476716936,
,,,0.159349,0,
,,,0.159381,0.0195312476716936,
,,,0.159413,0,
,,,0.159445,0.0195312476716936,
,,,0.159477,0,
,,,0.159509,0.0195312476716936,
,,,0.159541,0,
,,,0.159573,0.0390624953433871,
,,,0.159605,0.0195312476716936,
,,,0.159637,0.0195312476716936,
,,,0.159669,0,
,,,0.159701,0.0195312476716936,
,,,0.159733,0.0195312476716936,
,,,0.159765,0.0195312476716936,
,,,0.159797,0.0195312476716936,
,,,0.159829,-0.0214843724388629,
,,,0.159861,0,
,,,0.159893,0,
,,,0.159925,0,
,,,0.159957,0.0195312476716936,
,,,0.159989,0.0195312476716936,
,,,0.160021,0.0195312476716936,
,,,0.160053,0.0390624953433871,
,,,0.160085,0,
,,,0.160117,0,
,,,0.160149,0.0195312476716936,
,,,0.160181,0.0195312476716936,
,,,0.160213,0.0195312476716936,
,,,0.160245,0.0195312476716936,
,,,0.160277,0,
,,,0.160309,0,
,,,0.160341,0.0390624953433871,
,,,0.160373,0.0195312476716936,
,,,0.160405,0.0195312476716936,
,,,0.160437,0.0195312476716936,
,,,0.160469,0.0195312476716936,
,,,0.160501,0.0195312476716936,
,,,0.160533,0.0390624953433871,
,,,0.160565,0,
,,,0.160597,0,
,,,0.160629,0,
,,,0.160661,-0.0214843724388629,
,,,0.160693,0,
,,,0.160725,0.0195312476716936,
,,,0.160757,0,
,,,0.160789,0,
,,,0.160821,0.0195312476716936,
,,,0.160853,0.0195312476716936,
,,,0.160885,0.0195312476716936,
,,,0.160917,0,
,,,0.160949,0.0195312476716936,
,,,0.160981,0.0195312476716936,
,,,0.161013,0,
,,,0.161045,0,
,,,0.161077,0.0195312476716936,
,,,0.161109,0.0195312476716936,
,,,0.161141,0.0195312476716936,
,,,0.161173,0,
,,,0.161205,0.0195312476716936,
,,,0.161237,0.0390624953433871,
,,,0.161269,0,
,,,0.161301,0,
,,,0.161333,0,
,,,0.161365,0.0195312476716936,
,,,0.161397,0,
,,,0.161429,0.0195312476716936,
,,,0.161461,0.0195312476716936,
,,,0.161493,0.0195312476716936,
,,,0.161525,0,
,,,0.161557,0,
,,,0.161589,0.0195312476716936,
,,,0.161621,0.0195312476716936,
,,,0.161653,0.0195312476716936,
,,,0.161685,0.0195312476716936,
,,,0.161717,0,
,,,0.161749,0.0195312476716936,
,,,0.161781,0.0195312476716936,
,,,0.161813,-0.0214843724388629,
,,,0.161845,0,
,,,0.161877,0,
,,,0.161909,0,
,,,0.161941,0,
,,,0.161973,0.0195312476716936,
,,,0.162005,0.0195312476716936,
,,,0.162037,0,
,,,0.162069,0,
,,,0.162101,0,
,,,0.162133,0.0195312476716936,
,,,0.162165,0,
,,,0.162197,-0.0214843724388629,
,,,0.162229,0,
,,,0.162261,0,
,,,0.162293,0.0195312476716936,
,,,0.162325,0.0195312476716936,
,,,0.162357,0.0195312476716936,
,,,0.162389,0.0195312476716936,
,,,0.162421,0,
,,,0.162453,0.0195312476716936,
,,,0.162485,0.0195312476716936,
,,,0.162517,0,
,,,0.162549,0,
,,,0.162581,-0.0214843724388629,
,,,0.162613,0,
,,,0.162645,0.0195312476716936,
,,,0.162677,0.0195312476716936,
,,,0.162709,0,
,,,0.162741,0.0195312476716936,
,,,0.162773,0.0195312476716936,
,,,0.162805,0.0390624953433871,
,,,0.162837,0,
,,,0.162869,0.0195312476716936,
,,,0.162901,0,
,,,0.162933,0,
,,,0.162965,-0.0214843724388629,
,,,0.162997,0.0195312476716936,
,,,0.163029,0.0195312476716936,
,,,0.163061,0.0195312476716936,
,,,0.163093,0.0195312476716936,
,,,0.163125,0.0195312476716936,
,,,0.163157,0.0195312476716936,
,,,0.163189,0,
,,,0.163221,0.0195312476716936,
,,,0.163253,0.0195312476716936,
,,,0.163285,0,
,,,0.163317,0,
,,,0.163349,-0.0214843724388629,
,,,0.163381,-0.0214843724388629,
,,,0.163413,0.0195312476716936,
,,,0.163445,0,
,,,0.163477,0,
,,,0.163509,0.0195312476716936,
,,,0.163541,0.0195312476716936,
,,,0.163573,-0.0214843724388629,
,,,0.163605,0,
,,,0.163637,0.0195312476716936,
,,,0.163669,0.0195312476716936,
,,,0.163701,0.0195312476716936,
,,,0.163733,0.0195312476716936,
,,,0.163765,0.0195312476716936,
,,,0.163797,0,
,,,0.163829,0.0390624953433871,
,,,0.163861,0.0195312476716936,
,,,0.163893,0,
,,,0.163925,0.0195312476716936,
,,,0.163957,0,
,,,0.163989,0.0195312476716936,
,,,0.164021,0.0195312476716936,
,,,0.164053,-0.0214843724388629,
,,,0.164085,0.0195312476716936,
,,,0.164117,0.0195312476716936,
,,,0.164149,0,
,,,0.164181,0,
,,,0.164213,0,
,,,0.164245,0.0195312476716936,
,,,0.164277,-0.0214843724388629,
,,,0.164309,0,
,,,0.164341,0.0195312476716936,
,,,0.164373,0.0195312476716936,
,,,0.164405,0,
,,,0.164437,0.0390624953433871,
,,,0.164469,0,
,,,0.164501,0.0195312476716936,
,,,0.164533,0.0195312476716936,
,,,0.164565,0.0195312476716936,
,,,0.164597,0.0195312476716936,
,,,0.164629,-0.0214843724388629,
,,,0.164661,0.0195312476716936,
,,,0.164693,0.0195312476716936,
,,,0.164725,0,
,,,0.164757,0.0195312476716936,
,,,0.164789,0.0195312476716936,
,,,0.164821,0,
,,,0.164853,0.0195312476716936,
,,,0.164885,0.0195312476716936,
,,,0.164917,0.0195312476716936,
,,,0.164949,0.0195312476716936,
,,,0.164981,0.0195312476716936,
,,,0.165013,0.0195312476716936,
,,,0.165045,-0.0410156201105565,
,,,0.165077,-0.0214843724388629,
,,,0.165109,0.0195312476716936,
,,,0.165141,0,
,,,0.165173,0.0195312476716936,
,,,0.165205,0.0195312476716936,
,,,0.165237,0,
,,,0.165269,0.0195312476716936,
,,,0.165301,0,
,,,0.165333,0,
,,,0.165365,0,
,,,0.165397,0,
,,,0.165429,0,
,,,0.165461,0,
,,,0.165493,0.0195312476716936,
,,,0.165525,0.0195312476716936,
,,,0.165557,0.0195312476716936,
,,,0.165589,0.0195312476716936,
,,,0.165621,0,
,,,0.165653,0,
,,,0.165685,0,
,,,0.165717,-0.0214843724388629,
,,,0.165749,0.0195312476716936,
,,,0.165781,0.0195312476716936,
,,,0.165813,0.0195312476716936,
,,,0.165845,0,
,,,0.165877,0.0195312476716936,
,,,0.165909,0,
,,,0.165941,0.0195312476716936,
,,,0.165973,0,
,,,0.166005,0.0195312476716936,
,,,0.166037,0,
,,,0.166069,0.0195312476716936,
,,,0.166101,0,
,,,0.166133,0.0195312476716936,
,,,0.166165,-0.0214843724388629,
,,,0.166197,0.0195312476716936,
,,,0.166229,0,
,,,0.166261,0,
,,,0.166293,0.0195312476716936,
,,,0.166325,0,
,,,0.166357,0,
,,,0.166389,-0.0214843724388629,
,,,0.166421,0.0195312476716936,
,,,0.166453,0.0195312476716936,
,,,0.166485,0.0195312476716936,
,,,0.166517,0.0195312476716936,
,,,0.166549,0,
,,,0.166581,-0.0214843724388629,
,,,0.166613,0,
,,,0.166645,0,
,,,0.166677,0,
,,,0.166709,0.0195312476716936,
,,,0.166741,0.0195312476716936,
,,,0.166773,0,
,,,0.166805,0.0195312476716936,
,,,0.166837,0,
,,,0.166869,-0.0214843724388629,
,,,0.166901,0,
,,,0.166933,0,
,,,0.166965,0.0195312476716936,
,,,0.166997,0,
,,,0.167029,0.0195312476716936,
,,,0.167061,0.0195312476716936,
,,,0.167093,0.0195312476716936,
,,,0.167125,0,
,,,0.167157,0.0195312476716936,
,,,0.167189,0.0195312476716936,
,,,0.167221,0.0195312476716936,
,,,0.167253,0,
,,,0.167285,-0.0214843724388629,
,,,0.167317,0.0195312476716936,
,,,0.167349,0,
,,,0.167381,0.0195312476716936,
,,,0.167413,0.0195312476716936,
,,,0.167445,0.0195312476716936,
,,,0.167477,0,
,,,0.167509,-0.0214843724388629,
,,,0.167541,-0.0214843724388629,
,,,0.167573,0.0195312476716936,
,,,0.167605,0.0585937430150807,
,,,0.167637,0.0195312476716936,
,,,0.167669,0.0195312476716936,
,,,0.167701,0,
,,,0.167733,0.0195312476716936,
,,,0.167765,0,
,,,0.167797,0.0195312476716936,
,,,0.167829,0,
,,,0.167861,0,
,,,0.167893,0.0390624953433871,
,,,0.167925,0,
,,,0.167957,-0.0214843724388629,
,,,0.167989,0.0195312476716936,
,,,0.168021,0,
,,,0.168053,0.0195312476716936,
,,,0.168085,0,
,,,0.168117,0,
,,,0.168149,0.0195312476716936,
,,,0.168181,0.0195312476716936,
,,,0.168213,0.0195312476716936,
,,,0.168245,0,
,,,0.168277,0,
,,,0.168309,0.0195312476716936,
,,,0.168341,0.0195312476716936,
,,,0.168373,0,
,,,0.168405,0,
,,,0.168437,0,
,,,0.168469,0,
,,,0.168501,0.0195312476716936,
,,,0.168533,0.0195312476716936,
,,,0.168565,0.0195312476716936,
,,,0.168597,0,
,,,0.168629,0,
,,,0.168661,0.0390624953433871,
,,,0.168693,0.0195312476716936,
,,,0.168725,0.0195312476716936,
,,,0.168757,0,
,,,0.168789,-0.0410156201105565,
,,,0.168821,0.0195312476716936,
,,,0.168853,0.0195312476716936,
,,,0.168885,0.0195312476716936,
,,,0.168917,0.0195312476716936,
,,,0.168949,0,
,,,0.168981,0.0195312476716936,
,,,0.169013,0.0195312476716936,
,,,0.169045,0.0195312476716936,
,,,0.169077,0.0195312476716936,
,,,0.169109,0.0195312476716936,
,,,0.169141,0.0195312476716936,
,,,0.169173,0.0195312476716936,
,,,0.169205,0,
,,,0.169237,0.0195312476716936,
,,,0.169269,0.0195312476716936,
,,,0.169301,0,
,,,0.169333,-0.0214843724388629,
,,,0.169365,0.0195312476716936,
,,,0.169397,0.0390624953433871,
,,,0.169429,0.0195312476716936,
,,,0.169461,0,
,,,0.169493,-0.0214843724388629,
,,,0.169525,0,
,,,0.169557,0,
,,,0.169589,0,
,,,0.169621,0.0195312476716936,
,,,0.169653,0.0195312476716936,
,,,0.169685,0,
,,,0.169717,0.0390624953433871,
,,,0.169749,0.0195312476716936,
,,,0.169781,0.0195312476716936,
,,,0.169813,0.0390624953433871,
,,,0.169845,0.0195312476716936,
,,,0.169877,0.0195312476716936,
,,,0.169909,-0.0214843724388629,
,,,0.169941,0,
,,,0.169973,-0.0214843724388629,
,,,0.170005,0.0195312476716936,
,,,0.170037,0,
,,,0.170069,0.0195312476716936,
,,,0.170101,0,
,,,0.170133,0.0195312476716936,
,,,0.170165,-0.0214843724388629,
,,,0.170197,0,
,,,0.170229,0.0195312476716936,
,,,0.170261,0.0390624953433871,
,,,0.170293,0.0195312476716936,
,,,0.170325,0,
,,,0.170357,0,
,,,0.170389,-0.0214843724388629,
,,,0.170421,0,
,,,0.170453,-0.0214843724388629,
,,,0.170485,0.0390624953433871,
,,,0.170517,0.0195312476716936,
,,,0.170549,0.0195312476716936,
,,,0.170581,0,
,,,0.170613,0.0195312476716936,
,,,0.170645,0,
,,,0.170677,0.0195312476716936,
,,,0.170709,0.0195312476716936,
,,,0.170741,0,
,,,0.170773,-0.0214843724388629,
,,,0.170805,0,
,,,0.170837,0,
,,,0.170869,0.0195312476716936,
,,,0.170901,0,
,,,0.170933,0.0195312476716936,
,,,0.170965,0,
,,,0.170997,0.0195312476716936,
,,,0.171029,0.0195312476716936,
,,,0.171061,0,
,,,0.171093,0,
,,,0.171125,0,
,,,0.171157,0,
,,,0.171189,0,
,,,0.171221,0,
,,,0.171253,0.0195312476716936,
,,,0.171285,0,
,,,0.171317,0,
,,,0.171349,0,
,,,0.171381,0,
,,,0.171413,0,
,,,0.171445,0.0195312476716936,
,,,0.171477,0,
,,,0.171509,-0.0214843724388629,
,,,0.171541,0,
,,,0.171573,0.0390624953433871,
,,,0.171605,0.0195312476716936,
,,,0.171637,0,
,,,0.171669,0,
,,,0.171701,0,
,,,0.171733,-0.0214843724388629,
,,,0.171765,0,
,,,0.171797,0,
,,,0.171829,0,
,,,0.171861,-0.0214843724388629,
,,,0.171893,0,
,,,0.171925,0.0195312476716936,
,,,0.171957,0.0195312476716936,
,,,0.171989,0.0195312476716936,
,,,0.172021,0.0195312476716936,
,,,0.172053,0,
,,,0.172085,0,
,,,0.172117,0.0195312476716936,
,,,0.172149,0,
,,,0.172181,0,
,,,0.172213,0,
,,,0.172245,0,
,,,0.172277,0,
,,,0.172309,0,
,,,0.172341,0,
,,,0.172373,0,
,,,0.172405,-0.0214843724388629,
,,,0.172437,0.0195312476716936,
,,,0.172469,0,
,,,0.172501,0,
,,,0.172533,0,
,,,0.172565,0.0195312476716936,
,,,0.172597,0,
,,,0.172629,0.0195312476716936,
,,,0.172661,0,
,,,0.172693,0.0195312476716936,
,,,0.172725,0.0195312476716936,
,,,0.172757,0,
,,,0.172789,0,
,,,0.172821,0,
,,,0.172853,0.0195312476716936,
,,,0.172885,0,
,,,0.172917,0,
,,,0.172949,0.0195312476716936,
,,,0.172981,0,
,,,0.173013,0,
,,,0.173045,0,
,,,0.173077,0.0195312476716936,
,,,0.173109,0,
,,,0.173141,0,
,,,0.173173,0,
,,,0.173205,0,
,,,0.173237,0,
,,,0.173269,0,
,,,0.173301,0.0195312476716936,
,,,0.173333,0,
,,,0.173365,0,
,,,0.173397,0,
,,,0.173429,0,
,,,0.173461,0,
,,,0.173493,0,
,,,0.173525,0.0195312476716936,
,,,0.173557,0,
,,,0.173589,0,
,,,0.173621,0,
,,,0.173653,0.0195312476716936,
,,,0.173685,0,
,,,0.173717,0.0195312476716936,
,,,0.173749,0.0195312476716936,
,,,0.173781,0.0195312476716936,
,,,0.173813,0.0195312476716936,
,,,0.173845,0.0195312476716936,
,,,0.173877,0,
,,,0.173909,0,
,,,0.173941,0.0195312476716936,
,,,0.173973,0.0195312476716936,
,,,0.174005,0.0195312476716936,
,,,0.174037,-0.0410156201105565,
,,,0.174069,0,
,,,0.174101,0.0195312476716936,
,,,0.174133,0,
,,,0.174165,0.0195312476716936,
,,,0.174197,0,
,,,0.174229,0.0195312476716936,
,,,0.174261,0.0195312476716936,
,,,0.174293,0.0195312476716936,
,,,0.174325,0,
,,,0.174357,0.0195312476716936,
,,,0.174389,-0.0214843724388629,
,,,0.174421,0.0195312476716936,
,,,0.174453,0.0390624953433871,
,,,0.174485,0,
,,,0.174517,0.0195312476716936,
,,,0.174549,0.0195312476716936,
,,,0.174581,0,
,,,0.174613,0.0195312476716936,
,,,0.174645,0.0195312476716936,
,,,0.174677,0,
,,,0.174709,0.0195312476716936,
,,,0.174741,-0.0214843724388629,
,,,0.174773,0,
,,,0.174805,0.0195312476716936,
,,,0.174837,0.0195312476716936,
,,,0.174869,0.0195312476716936,
,,,0.174901,0,
,,,0.174933,0.0195312476716936,
,,,0.174965,0,
,,,0.174997,0.0195312476716936,
,,,0.175029,0,
,,,0.175061,0.0195312476716936,
,,,0.175093,0.0195312476716936,
,,,0.175125,0.0195312476716936,
,,,0.175157,0.0195312476716936,
,,,0.175189,0.0195312476716936,
,,,0.175221,0,
,,,0.175253,0.0195312476716936,
,,,0.175285,0,
,,,0.175317,0.0390624953433871,
,,,0.175349,0.0195312476716936,
,,,0.175381,0.0195312476716936,
,,,0.175413,0.0195312476716936,
,,,0.175445,0,
,,,0.175477,0.0195312476716936,
,,,0.175509,0.0195312476716936,
,,,0.175541,0,
,,,0.175573,0.0195312476716936,
,,,0.175605,0.0195312476716936,
,,,0.175637,0,
,,,0.175669,0,
,,,0.175701,0,
,,,0.175733,0.0195312476716936,
,,,0.175765,0.0195312476716936,
,,,0.175797,0.0195312476716936,
,,,0.175829,0.0195312476716936,
,,,0.175861,-0.0214843724388629,
,,,0.175893,0.0195312476716936,
,,,0.175925,0.0195312476716936,
,,,0.175957,0.0195312476716936,
,,,0.175989,0.0195312476716936,
,,,0.176021,0.0195312476716936,
,,,0.176053,0.0195312476716936,
,,,0.176085,0,
,,,0.176117,0,
,,,0.176149,0.0195312476716936,
,,,0.176181,0,
,,,0.176213,0.0195312476716936,
,,,0.176245,0.0195312476716936,
,,,0.176277,-0.0214843724388629,
,,,0.176309,0.0195312476716936,
,,,0.176341,0.0195312476716936,
,,,0.176373,0.0195312476716936,
,,,0.176405,0.0195312476716936,
,,,0.176437,0,
,,,0.176469,0,
,,,0.176501,0.0195312476716936,
,,,0.176533,0,
,,,0.176565,0.0195312476716936,
,,,0.176597,0,
,,,0.176629,0.0195312476716936,
,,,0.176661,0.0195312476716936,
,,,0.176693,0.0390624953433871,
,,,0.176725,0,
,,,0.176757,0.0390624953433871,
,,,0.176789,0.0195312476716936,
,,,0.176821,0.0195312476716936,
,,,0.176853,0.0195312476716936,
,,,0.176885,0.0195312476716936,
,,,0.176917,0,
,,,0.176949,0.0195312476716936,
,,,0.176981,0.0195312476716936,
,,,0.177013,0,
,,,0.177045,0.0195312476716936,
,,,0.177077,-0.0214843724388629,
,,,0.177109,0,
,,,0.177141,0,
,,,0.177173,0,
,,,0.177205,0,
,,,0.177237,0.0195312476716936,
,,,0.177269,0,
,,,0.177301,0,
,,,0.177333,0.0195312476716936,
,,,0.177365,0,
,,,0.177397,0.0195312476716936,
,,,0.177429,0.0195312476716936,
,,,0.177461,0,
,,,0.177493,0.0195312476716936,
,,,0.177525,0.0195312476716936,
,,,0.177557,0,
,,,0.177589,0.0195312476716936,
,,,0.177621,0,
,,,0.177653,0.0195312476716936,
,,,0.177685,0,
,,,0.177717,0.0195312476716936,
,,,0.177749,0,
,,,0.177781,0,
,,,0.177813,0,
,,,0.177845,-0.0214843724388629,
,,,0.177877,0,
,,,0.177909,0,
,,,0.177941,0.0195312476716936,
,,,0.177973,0,
,,,0.178005,0,
,,,0.178037,0,
,,,0.178069,0,
,,,0.178101,0.0195312476716936,
,,,0.178133,0,
,,,0.178165,0.0195312476716936,
,,,0.178197,0,
,,,0.178229,0.0195312476716936,
,,,0.178261,0,
,,,0.178293,0,
,,,0.178325,0.0195312476716936,
,,,0.178357,0.0195312476716936,
,,,0.178389,0,
,,,0.178421,0,
,,,0.178453,0,
,,,0.178485,0,
,,,0.178517,0,
,,,0.178549,0,
,,,0.178581,-0.0214843724388629,
,,,0.178613,0,
,,,0.178645,0.0195312476716936,
,,,0.178677,0,
,,,0.178709,0.0195312476716936,
,,,0.178741,0,
,,,0.178773,0,
,,,0.178805,-0.0214843724388629,
,,,0.178837,0,
,,,0.178869,0,
,,,0.178901,0,
,,,0.178933,0.0195312476716936,
,,,0.178965,0,
,,,0.178997,0.0195312476716936,
,,,0.179029,0,
,,,0.179061,0.0195312476716936,
,,,0.179093,0,
,,,0.179125,0.0195312476716936,
,,,0.179157,0,
,,,0.179189,0,
,,,0.179221,0.0195312476716936,
,,,0.179253,0.0195312476716936,
,,,0.179285,0.0195312476716936,
,,,0.179317,0,
,,,0.179349,0.0195312476716936,
,,,0.179381,0.0195312476716936,
,,,0.179413,0,
,,,0.179445,0.0195312476716936,
,,,0.179477,0,
,,,0.179509,-0.0214843724388629,
,,,0.179541,-0.0214843724388629,
,,,0.179573,0.0195312476716936,
,,,0.179605,0,
,,,0.179637,0.0195312476716936,
,,,0.179669,0.0195312476716936,
,,,0.179701,0,
,,,0.179733,0.0195312476716936,
,,,0.179765,0.0195312476716936,
,,,0.179797,0.0195312476716936,
,,,0.179829,0,
,,,0.179861,0,
,,,0.179893,0.0195312476716936,
,,,0.179925,0.0195312476716936,
,,,0.179957,0.0195312476716936,
,,,0.179989,0.0195312476716936,
,,,0.180021,0.0195312476716936,
,,,0.180053,0,
,,,0.180085,0.0195312476716936,
,,,0.180117,0.0195312476716936,
,,,0.180149,0,
,,,0.180181,0.0195312476716936,
,,,0.180213,0.0195312476716936,
,,,0.180245,0.0195312476716936,
,,,0.180277,0.0195312476716936,
,,,0.180309,0,
,,,0.180341,0.0195312476716936,
,,,0.180373,-0.0214843724388629,
,,,0.180405,0.0195312476716936,
,,,0.180437,0,
,,,0.180469,0.0195312476716936,
,,,0.180501,0,
,,,0.180533,0,
,,,0.180565,0.0195312476716936,
,,,0.180597,-0.0214843724388629,
,,,0.180629,0,
,,,0.180661,-0.0214843724388629,
,,,0.180693,0.0195312476716936,
,,,0.180725,0.0195312476716936,
,,,0.180757,0.0195312476716936,
,,,0.180789,0,
,,,0.180821,0,
,,,0.180853,-0.0214843724388629,
,,,0.180885,0.0195312476716936,
,,,0.180917,0.0195312476716936,
,,,0.180949,0.0195312476716936,
,,,0.180981,-0.0214843724388629,
,,,0.181013,0.0195312476716936,
,,,0.181045,0.0195312476716936,
,,,0.181077,0.0195312476716936,
,,,0.181109,0.0195312476716936,
,,,0.181141,0.0195312476716936,
,,,0.181173,0.0195312476716936,
,,,0.181205,0.0195312476716936,
,,,0.181237,0.0195312476716936,
,,,0.181269,0,
,,,0.181301,0.0195312476716936,
,,,0.181333,0.0195312476716936,
,,,0.181365,0.0195312476716936,
,,,0.181397,0,
,,,0.181429,0,
,,,0.181461,0,
,,,0.181493,0,
,,,0.181525,0.0195312476716936,
,,,0.181557,0,
,,,0.181589,0.0195312476716936,
,,,0.181621,0,
,,,0.181653,0.0195312476716936,
,,,0.181685,0,
,,,0.181717,0.0195312476716936,
,,,0.181749,0.0195312476716936,
,,,0.181781,0.0195312476716936,
,,,0.181813,0,
,,,0.181845,0.0195312476716936,
,,,0.181877,0.0195312476716936,
,,,0.181909,0,
,,,0.181941,0,
,,,0.181973,0,
,,,0.182005,0.0195312476716936,
,,,0.182037,0,
,,,0.182069,0.0195312476716936,
,,,0.182101,-0.0214843724388629,
,,,0.182133,0,
,,,0.182165,0.0195312476716936,
,,,0.182197,0,
,,,0.182229,0.0195312476716936,
,,,0.182261,0,
,,,0.182293,0.0195312476716936,
,,,0.182325,0.0390624953433871,
,,,0.182357,0.0195312476716936,
,,,0.182389,0.0195312476716936,
,,,0.182421,0.0195312476716936,
,,,0.182453,0,
,,,0.182485,0,
,,,0.182517,0.0195312476716936,
,,,0.182549,0.0195312476716936,
,,,0.182581,0.0390624953433871,
,,,0.182613,0,
,,,0.182645,0.0195312476716936,
,,,0.182677,0,
,,,0.182709,0.0390624953433871,
,,,0.182741,0.0195312476716936,
,,,0.182773,0,
,,,0.182805,0.0195312476716936,
,,,0.182837,0.0195312476716936,
,,,0.182869,0.0195312476716936,
,,,0.182901,0,
,,,0.182933,0,
,,,0.182965,0,
,,,0.182997,0,
,,,0.183029,0,
,,,0.183061,0,
,,,0.183093,0.0390624953433871,
,,,0.183125,0.0195312476716936,
,,,0.183157,0,
,,,0.183189,0,
,,,0.183221,0.0195312476716936,
,,,0.183253,0,
,,,0.183285,0.0195312476716936,
,,,0.183317,0,
,,,0.183349,0.0195312476716936,
,,,0.183381,0.0195312476716936,
,,,0.183413,0,
,,,0.183445,0.0195312476716936,
,,,0.183477,0.0195312476716936,
,,,0.183509,-0.0410156201105565,
,,,0.183541,0,
,,,0.183573,0,
,,,0.183605,0,
,,,0.183637,0.0195312476716936,
,,,0.183669,0,
,,,0.183701,0.0195312476716936,
,,,0.183733,0,
,,,0.183765,0,
,,,0.183797,0,
,,,0.183829,0.0195312476716936,
,,,0.183861,0,
,,,0.183893,0.0195312476716936,
,,,0.183925,0,
,,,0.183957,0.0390624953433871,
,,,0.183989,0,
,,,0.184021,0.0195312476716936,
,,,0.184053,0.0195312476716936,
,,,0.184085,0,
,,,0.184117,0,
,,,0.184149,0.0195312476716936,
,,,0.184181,0,
,,,0.184213,0,
,,,0.184245,0.0195312476716936,
,,,0.184277,0.0195312476716936,
,,,0.184309,0,
,,,0.184341,0.0195312476716936,
,,,0.184373,0.0195312476716936,
,,,0.184405,0.0390624953433871,
,,,0.184437,0,
,,,0.184469,0.0195312476716936,
,,,0.184501,0.0195312476716936,
,,,0.184533,0.0195312476716936,
,,,0.184565,0.0195312476716936,
,,,0.184597,0.0195312476716936,
,,,0.184629,0.0195312476716936,
,,,0.184661,0.0195312476716936,
,,,0.184693,0,
,,,0.184725,0,
,,,0.184757,0.0195312476716936,
,,,0.184789,0.0195312476716936,
,,,0.184821,0.0195312476716936,
,,,0.184853,0.0195312476716936,
,,,0.184885,0,
,,,0.184917,0.0195312476716936,
,,,0.184949,0,
,,,0.184981,0.0195312476716936,
,,,0.185013,0.0195312476716936,
,,,0.185045,0.0195312476716936,
,,,0.185077,0,
,,,0.185109,0,
,,,0.185141,0,
,,,0.185173,-0.06054686778225,
,,,0.185205,0.0195312476716936,
,,,0.185237,0.0195312476716936,
,,,0.185269,0.0390624953433871,
,,,0.185301,0,
,,,0.185333,0.0195312476716936,
,,,0.185365,0.0195312476716936,
,,,0.185397,0,
,,,0.185429,0.0195312476716936,
,,,0.185461,0,
,,,0.185493,0.0195312476716936,
,,,0.185525,0.0195312476716936,
,,,0.185557,0.0390624953433871,
,,,0.185589,0,
,,,0.185621,0,
,,,0.185653,0,
,,,0.185685,0.0195312476716936,
,,,0.185717,0.0195312476716936,
,,,0.185749,0,
,,,0.185781,0,
,,,0.185813,0.0195312476716936,
,,,0.185845,0.0195312476716936,
,,,0.185877,0.0195312476716936,
,,,0.185909,0.0195312476716936,
,,,0.185941,0.0195312476716936,
,,,0.185973,0.0195312476716936,
,,,0.186005,0.0195312476716936,
,,,0.186037,0.0195312476716936,
,,,0.186069,0,
,,,0.186101,0,
,,,0.186133,0,
,,,0.186165,0.0195312476716936,
,,,0.186197,0,
,,,0.186229,0,
,,,0.186261,0.0195312476716936,
,,,0.186293,0,
,,,0.186325,0.0195312476716936,
,,,0.186357,0.0195312476716936,
,,,0.186389,0.0195312476716936,
,,,0.186421,0.0195312476716936,
,,,0.186453,0,
,,,0.186485,0,
,,,0.186517,0.0195312476716936,
,,,0.186549,0,
,,,0.186581,0.0195312476716936,
,,,0.186613,0.0195312476716936,
,,,0.186645,0.0195312476716936,
,,,0.186677,0.0195312476716936,
,,,0.186709,0,
,,,0.186741,0.0195312476716936,
,,,0.186773,0.0390624953433871,
,,,0.186805,0.0195312476716936,
,,,0.186837,0.0195312476716936,
,,,0.186869,0.0195312476716936,
,,,0.186901,0,
,,,0.186933,0.0195312476716936,
,,,0.186965,0,
,,,0.186997,-0.0214843724388629,
,,,0.187029,0.0195312476716936,
,,,0.187061,0,
,,,0.187093,0.0195312476716936,
,,,0.187125,0,
,,,0.187157,0,
,,,0.187189,0.0195312476716936,
,,,0.187221,0.0195312476716936,
,,,0.187253,0.0195312476716936,
,,,0.187285,0.0195312476716936,
,,,0.187317,-0.0214843724388629,
,,,0.187349,0.0195312476716936,
,,,0.187381,0,
,,,0.187413,-0.0214843724388629,
,,,0.187445,0,
,,,0.187477,0,
,,,0.187509,0.0390624953433871,
,,,0.187541,0,
,,,0.187573,0,
,,,0.187605,0,
,,,0.187637,0.0195312476716936,
,,,0.187669,-0.0214843724388629,
,,,0.187701,0,
,,,0.187733,0,
,,,0.187765,0,
,,,0.187797,0.0195312476716936,
,,,0.187829,0.0195312476716936,
,,,0.187861,0,
,,,0.187893,0,
,,,0.187925,0.0195312476716936,
,,,0.187957,0.0195312476716936,
,,,0.187989,0.0195312476716936,
,,,0.188021,0,
,,,0.188053,0,
,,,0.188085,0,
,,,0.188117,0,
,,,0.188149,0,
,,,0.188181,0,
,,,0.188213,0,
,,,0.188245,0.0195312476716936,
,,,0.188277,0.0195312476716936,
,,,0.188309,0.0195312476716936,
,,,0.188341,0,
,,,0.188373,-0.0410156201105565,
,,,0.188405,-0.0214843724388629,
,,,0.188437,0.0195312476716936,
,,,0.188469,0,
,,,0.188501,0,
,,,0.188533,0,
,,,0.188565,0.0195312476716936,
,,,0.188597,0,
,,,0.188629,0.0195312476716936,
,,,0.188661,0,
,,,0.188693,0,
,,,0.188725,0.0195312476716936,
,,,0.188757,0,
,,,0.188789,0,
,,,0.188821,0,
,,,0.188853,0,
,,,0.188885,0.0195312476716936,
,,,0.188917,0,
,,,0.188949,0,
,,,0.188981,0,
,,,0.189013,0.0195312476716936,
,,,0.189045,0.0195312476716936,
,,,0.189077,0,
,,,0.189109,0.0195312476716936,
,,,0.189141,0.0195312476716936,
,,,0.189173,0,
,,,0.189205,0,
,,,0.189237,0,
,,,0.189269,0.0195312476716936,
,,,0.189301,0.0195312476716936,
,,,0.189333,0,
,,,0.189365,0.0195312476716936,
,,,0.189397,0,
,,,0.189429,0,
,,,0.189461,0.0195312476716936,
,,,0.189493,-0.0214843724388629,
,,,0.189525,0,
,,,0.189557,-0.0214843724388629,
,,,0.189589,0,
,,,0.189621,0,
,,,0.189653,0.0195312476716936,
,,,0.189685,0,
,,,0.189717,0,
,,,0.189749,0.0195312476716936,
,,,0.189781,0,
,,,0.189813,-0.0214843724388629,
,,,0.189845,0,
,,,0.189877,0,
,,,0.189909,0.0195312476716936,
,,,0.189941,0,
,,,0.189973,0,
,,,0.190005,0,
,,,0.190037,0,
,,,0.190069,0,
,,,0.190101,0,
,,,0.190133,0.0195312476716936,
,,,0.190165,0.0195312476716936,
,,,0.190197,0.0195312476716936,
,,,0.190229,0,
,,,0.190261,-0.0214843724388629,
,,,0.190293,0,
,,,0.190325,0,
,,,0.190357,0,
,,,0.190389,0.0390624953433871,
,,,0.190421,0.0195312476716936,
,,,0.190453,0.0195312476716936,
,,,0.190485,0,
,,,0.190517,0.0195312476716936,
,,,0.190549,0.0195312476716936,
,,,0.190581,0,
,,,0.190613,0,
,,,0.190645,0,
,,,0.190677,0,
,,,0.190709,0,
,,,0.190741,0,
,,,0.190773,0.0195312476716936,
,,,0.190805,0.0195312476716936,
,,,0.190837,0,
,,,0.190869,0,
,,,0.190901,0,
,,,0.190933,0.0195312476716936,
,,,0.190965,0,
,,,0.190997,0.0195312476716936,
,,,0.191029,0,
,,,0.191061,0,
,,,0.191093,0,
,,,0.191125,0.0195312476716936,
,,,0.191157,0.0195312476716936,
,,,0.191189,-0.0214843724388629,
,,,0.191221,0,
,,,0.191253,0,
,,,0.191285,0.0195312476716936,
,,,0.191317,0.0195312476716936,
,,,0.191349,0.0195312476716936,
,,,0.191381,-0.0214843724388629,
,,,0.191413,0.0195312476716936,
,,,0.191445,0.0195312476716936,
,,,0.191477,0.0195312476716936,
,,,0.191509,0.0195312476716936,
,,,0.191541,-0.0214843724388629,
,,,0.191573,0.0195312476716936,
,,,0.191605,-0.0214843724388629,
,,,0.191637,0.0195312476716936,
,,,0.191669,0.0195312476716936,
,,,0.191701,0.0195312476716936,
,,,0.191733,0.0195312476716936,
,,,0.191765,0.0195312476716936,
,,,0.191797,-0.0214843724388629,
,,,0.191829,0.0195312476716936,
,,,0.191861,0.0195312476716936,
,,,0.191893,0,
,,,0.191925,0.0195312476716936,
,,,0.191957,-0.0214843724388629,
,,,0.191989,0,
,,,0.192021,0.0195312476716936,
,,,0.192053,0,
,,,0.192085,0,
,,,0.192117,0.0195312476716936,
,,,0.192149,0.0195312476716936,
,,,0.192181,0.0195312476716936,
,,,0.192213,0.0195312476716936,
,,,0.192245,0.0195312476716936,
,,,0.192277,0.0195312476716936,
,,,0.192309,0.0195312476716936,
,,,0.192341,0.0195312476716936,
,,,0.192373,0,
,,,0.192405,0.0195312476716936,
,,,0.192437,0,
,,,0.192469,0,
,,,0.192501,0,
,,,0.192533,0,
,,,0.192565,0.0390624953433871,
,,,0.192597,0,
,,,0.192629,0.0195312476716936,
,,,0.192661,0.0195312476716936,
,,,0.192693,0,
,,,0.192725,0.0195312476716936,
,,,0.192757,0.0195312476716936,
,,,0.192789,0.0390624953433871,
,,,0.192821,0,
,,,0.192853,0,
,,,0.192885,0.0195312476716936,
,,,0.192917,0,
,,,0.192949,0.0195312476716936,
,,,0.192981,0.0390624953433871,
,,,0.193013,0.0195312476716936,
,,,0.193045,0.0195312476716936,
,,,0.193077,0,
,,,0.193109,0,
,,,0.193141,0,
,,,0.193173,0.0195312476716936,
,,,0.193205,0.0195312476716936,
,,,0.193237,0.0195312476716936,
,,,0.193269,0,
,,,0.193301,0.0195312476716936,
,,,0.193333,0.0195312476716936,
,,,0.193365,0.0195312476716936,
,,,0.193397,0,
,,,0.193429,0.0195312476716936,
,,,0.193461,0,
,,,0.193493,0,
,,,0.193525,0,
,,,0.193557,0,
,,,0.193589,0.0195312476716936,
,,,0.193621,0.0195312476716936,
,,,0.193653,0.0195312476716936,
,,,0.193685,0,
,,,0.193717,0,
,,,0.193749,0.0195312476716936,
,,,0.193781,0,
,,,0.193813,0,
,,,0.193845,0.0195312476716936,
,,,0.193877,0.0195312476716936,
,,,0.193909,0.0195312476716936,
,,,0.193941,-0.0410156201105565,
,,,0.193973,-0.0214843724388629,
,,,0.194005,0,
,,,0.194037,0.0195312476716936,
,,,0.194069,0.0195312476716936,
,,,0.194101,0.0195312476716936,
,,,0.194133,0.0195312476716936,
,,,0.194165,-0.0214843724388629,
,,,0.194197,0.0390624953433871,
,,,0.194229,0,
,,,0.194261,0.0195312476716936,
,,,0.194293,0,
,,,0.194325,0,
,,,0.194357,0.0195312476716936,
,,,0.194389,0,
,,,0.194421,0,
,,,0.194453,0,
,,,0.194485,0,
,,,0.194517,0.0195312476716936,
,,,0.194549,0.0195312476716936,
,,,0.194581,0,
,,,0.194613,0.0195312476716936,
,,,0.194645,0,
,,,0.194677,0,
,,,0.194709,0.0195312476716936,
,,,0.194741,0.0195312476716936,
,,,0.194773,0.0195312476716936,
,,,0.194805,0,
,,,0.194837,-0.06054686778225,
,,,0.194869,0.0195312476716936,
,,,0.194901,0.0195312476716936,
,,,0.194933,0,
,,,0.194965,0.0390624953433871,
,,,0.194997,0,
,,,0.195029,0.0195312476716936,
,,,0.195061,0,
,,,0.195093,0.0195312476716936,
,,,0.195125,0,
,,,0.195157,0.0195312476716936,
,,,0.195189,0,
,,,0.195221,0,
,,,0.195253,0,
,,,0.195285,0,
,,,0.195317,0.0195312476716936,
,,,0.195349,0,
,,,0.195381,0.0195312476716936,
,,,0.195413,0,
,,,0.195445,-0.0214843724388629,
,,,0.195477,0.0390624953433871,
,,,0.195509,0,
,,,0.195541,0,
,,,0.195573,0.0195312476716936,
,,,0.195605,0.0195312476716936,
,,,0.195637,0,
,,,0.195669,0.0195312476716936,
,,,0.195701,0.0195312476716936,
,,,0.195733,0,
,,,0.195765,0.0195312476716936,
,,,0.195797,-0.06054686778225,
,,,0.195829,0,
,,,0.195861,0.0195312476716936,
,,,0.195893,-0.0214843724388629,
,,,0.195925,0.0195312476716936,
,,,0.195957,0.0195312476716936,
,,,0.195989,0,
,,,0.196021,-0.0214843724388629,
,,,0.196053,0,
,,,0.196085,0,
,,,0.196117,0.0195312476716936,
,,,0.196149,0,
,,,0.196181,0.0195312476716936,
,,,0.196213,0,
,,,0.196245,0,
,,,0.196277,0,
,,,0.196309,0.0195312476716936,
,,,0.196341,0.0195312476716936,
,,,0.196373,0.0195312476716936,
,,,0.196405,0.0195312476716936,
,,,0.196437,0.0195312476716936,
,,,0.196469,0.0195312476716936,
,,,0.196501,0,
,,,0.196533,0,
,,,0.196565,0.0195312476716936,
,,,0.196597,0.0195312476716936,
,,,0.196629,0,
,,,0.196661,0.0195312476716936,
,,,0.196693,0.0195312476716936,
,,,0.196725,0.0195312476716936,
,,,0.196757,0,
,,,0.196789,0.0195312476716936,
,,,0.196821,0.0195312476716936,
,,,0.196853,0,
,,,0.196885,0,
,,,0.196917,0.0195312476716936,
,,,0.196949,0,
,,,0.196981,0.0195312476716936,
,,,0.197013,0,
,,,0.197045,0.0195312476716936,
,,,0.197077,0.0195312476716936,
,,,0.197109,0,
,,,0.197141,0.0195312476716936,
,,,0.197173,0,
,,,0.197205,0,
,,,0.197237,0.0195312476716936,
,,,0.197269,0,
,,,0.197301,0.0195312476716936,
,,,0.197333,0.0195312476716936,
,,,0.197365,0.0195312476716936,
,,,0.197397,0.0195312476716936,
,,,0.197429,-0.0214843724388629,
,,,0.197461,0.0195312476716936,
,,,0.197493,0,
,,,0.197525,0.0195312476716936,
,,,0.197557,0.0195312476716936,
,,,0.197589,0.0195312476716936,
,,,0.197621,0.0390624953433871,
,,,0.197653,0,
,,,0.197685,0,
,,,0.197717,0.0195312476716936,
,,,0.197749,0.0195312476716936,
,,,0.197781,0,
,,,0.197813,0.0195312476716936,
,,,0.197845,0.0195312476716936,
,,,0.197877,0.0195312476716936,
,,,0.197909,0.0195312476716936,
,,,0.197941,-0.0214843724388629,
,,,0.197973,0.0390624953433871,
,,,0.198005,0.0195312476716936,
,,,0.198037,0.0195312476716936,
,,,0.198069,0.0195312476716936,
,,,0.198101,0,
,,,0.198133,0.0195312476716936,
,,,0.198165,0.0195312476716936,
,,,0.198197,0.0195312476716936,
,,,0.198229,0,
,,,0.198261,0.0195312476716936,
,,,0.198293,0.0195312476716936,
,,,0.198325,-0.0214843724388629,
,,,0.198357,0.0195312476716936,
,,,0.198389,0,
,,,0.198421,0,
,,,0.198453,0,
,,,0.198485,0.0390624953433871,
,,,0.198517,0.0195312476716936,
,,,0.198549,0,
,,,0.198581,0,
,,,0.198613,0.0195312476716936,
,,,0.198645,0,
,,,0.198677,0,
,,,0.198709,0.0195312476716936,
,,,0.198741,0,
,,,0.198773,0.0390624953433871,
,,,0.198805,0,
,,,0.198837,0.0195312476716936,
,,,0.198869,0.0195312476716936,
,,,0.198901,0.0195312476716936,
,,,0.198933,0,
,,,0.198965,0,
,,,0.198997,0.0195312476716936,
,,,0.199029,0.0195312476716936,
,,,0.199061,0,
,,,0.199093,-0.0214843724388629,
,,,0.199125,0.0195312476716936,
,,,0.199157,0.0195312476716936,
,,,0.199189,0,
,,,0.199221,0,
,,,0.199253,0,
,,,0.199285,0,
,,,0.199317,0.0195312476716936,
,,,0.199349,0.0195312476716936,
,,,0.199381,0.0195312476716936,
,,,0.199413,0,
,,,0.199445,0,
,,,0.199477,0,
,,,0.199509,0,
,,,0.199541,0.0195312476716936,
,,,0.199573,0.0195312476716936,
,,,0.199605,0.0195312476716936,
,,,0.199637,0.0195312476716936,
,,,0.199669,0.0195312476716936,
,,,0.199701,0.0195312476716936,
,,,0.199733,0.0195312476716936,
,,,0.199765,0.0195312476716936,
,,,0.199797,0.0195312476716936,
,,,0.199829,0,
,,,0.199861,0,
,,,0.199893,0.0195312476716936,
,,,0.199925,0,
,,,0.199957,-0.0214843724388629,
,,,0.199989,0.0195312476716936,
,,,0.200021,0.0195312476716936,
,,,0.200053,0,
,,,0.200085,0.0195312476716936,
,,,0.200117,0,
,,,0.200149,0,
,,,0.200181,-0.0214843724388629,
,,,0.200213,0,
,,,0.200245,0.0195312476716936,
,,,0.200277,0.0195312476716936,
,,,0.200309,-0.0214843724388629,
,,,0.200341,0,
,,,0.200373,0,
,,,0.200405,-0.0410156201105565,
,,,0.200437,0.0195312476716936,
,,,0.200469,0,
,,,0.200501,0.0195312476716936,
,,,0.200533,0.0195312476716936,
,,,0.200565,0,
,,,0.200597,0,
,,,0.200629,0.0195312476716936,
,,,0.200661,0,
,,,0.200693,0.0195312476716936,
,,,0.200725,0.0195312476716936,
,,,0.200757,0.0195312476716936,
,,,0.200789,-0.0214843724388629,
,,,0.200821,0,
,,,0.200853,0.0195312476716936,
,,,0.200885,0.0195312476716936,
,,,0.200917,0,
,,,0.200949,0,
,,,0.200981,0.0195312476716936,
,,,0.201013,0.0195312476716936,
,,,0.201045,0,
,,,0.201077,0,
,,,0.201109,0.0195312476716936,
,,,0.201141,0.0195312476716936,
,,,0.201173,0.0195312476716936,
,,,0.201205,0.0195312476716936,
,,,0.201237,0,
,,,0.201269,0,
,,,0.201301,0,
,,,0.201333,0,
,,,0.201365,0,
,,,0.201397,0,
,,,0.201429,0.0195312476716936,
,,,0.201461,0,
,,,0.201493,0.0195312476716936,
,,,0.201525,0.0195312476716936,
,,,0.201557,0,
,,,0.201589,0,
,,,0.201621,0.0195312476716936,
,,,0.201653,0,
,,,0.201685,0,
,,,0.201717,0,
,,,0.201749,0,
,,,0.201781,0,
,,,0.201813,0.0195312476716936,
,,,0.201845,0.0195312476716936,
,,,0.201877,0,
,,,0.201909,0,
,,,0.201941,0.0390624953433871,
,,,0.201973,0.0195312476716936,
,,,0.202005,0,
,,,0.202037,0.0195312476716936,
,,,0.202069,0.0195312476716936,
,,,0.202101,0,
,,,0.202133,0.0195312476716936,
,,,0.202165,0,
,,,0.202197,0.0195312476716936,
,,,0.202229,0,
,,,0.202261,0,
,,,0.202293,0,
,,,0.202325,0,
,,,0.202357,0,
,,,0.202389,0.0195312476716936,
,,,0.202421,0,
,,,0.202453,0.0195312476716936,
,,,0.202485,-0.101562487892807,
,,,0.202517,-0.0214843724388629,
,,,0.202549,0.0195312476716936,
,,,0.202581,0.0195312476716936,
,,,0.202613,0.0195312476716936,
,,,0.202645,-0.0214843724388629,
,,,0.202677,0.0195312476716936,
,,,0.202709,0.0195312476716936,
,,,0.202741,-0.1210937355645,
,,,0.202773,0,
,,,0.202805,0,
,,,0.202837,0,
,,,0.202869,0.0195312476716936,
,,,0.202901,0,
,,,0.202933,0.0195312476716936,
,,,0.202965,0,
,,,0.202997,-0.0214843724388629,
,,,0.203029,0,
,,,0.203061,0.0195312476716936,
,,,0.203093,0.0195312476716936,
,,,0.203125,0.0195312476716936,
,,,0.203157,-0.0214843724388629,
,,,0.203189,0,
,,,0.203221,0.0195312476716936,
,,,0.203253,-0.0214843724388629,
,,,0.203285,0,
,,,0.203317,-0.0214843724388629,
,,,0.203349,0.0390624953433871,
,,,0.203381,0.0195312476716936,
,,,0.203413,0.0195312476716936,
,,,0.203445,0.0195312476716936,
,,,0.203477,-0.0214843724388629,
,,,0.203509,0,
,,,0.203541,0.0195312476716936,
,,,0.203573,0,
,,,0.203605,0,
,,,0.203637,0.0195312476716936,
,,,0.203669,0.0195312476716936,
,,,0.203701,-0.0214843724388629,
,,,0.203733,0.0390624953433871,
,,,0.203765,0.0195312476716936,
,,,0.203797,0,
,,,0.203829,0.0195312476716936,
,,,0.203861,0.0195312476716936,
,,,0.203893,0.0195312476716936,
,,,0.203925,0.0390624953433871,
,,,0.203957,0.0390624953433871,
,,,0.203989,0,
,,,0.204021,0,
,,,0.204053,0.0195312476716936,
,,,0.204085,0.0195312476716936,
,,,0.204117,0.0195312476716936,
,,,0.204149,0,
,,,0.204181,0.0195312476716936,
,,,0.204213,0.0195312476716936,
,,,0.204245,0,
,,,0.204277,0,
,,,0.204309,0,
,,,0.204341,0,
,,,0.204373,0.0195312476716936,
,,,0.204405,0,
,,,0.204437,0.0195312476716936,
,,,0.204469,0.0195312476716936,
,,,0.204501,0,
,,,0.204533,0,
,,,0.204565,0.0390624953433871,
,,,0.204597,0,
,,,0.204629,0.0195312476716936,
,,,0.204661,0,
,,,0.204693,0,
,,,0.204725,0.0195312476716936,
,,,0.204757,0.0195312476716936,
,,,0.204789,0,
,,,0.204821,0.0195312476716936,
,,,0.204853,0.0390624953433871,
,,,0.204885,0.0195312476716936,
,,,0.204917,0,
,,,0.204949,0,
,,,0.204981,0,
,,,0.205013,0.0195312476716936,
,,,0.205045,0.0195312476716936,
,,,0.205077,0.0195312476716936,
,,,0.205109,0,
,,,0.205141,0.0195312476716936,
,,,0.205173,0,
,,,0.205205,-0.0214843724388629,
,,,0.205237,0,
,,,0.205269,0,
,,,0.205301,0,
,,,0.205333,0.0195312476716936,
,,,0.205365,0,
,,,0.205397,0,
,,,0.205429,0.0195312476716936,
,,,0.205461,0,
,,,0.205493,0,
,,,0.205525,0,
,,,0.205557,0.0195312476716936,
,,,0.205589,0,
,,,0.205621,0,
,,,0.205653,0,
,,,0.205685,-0.0214843724388629,
,,,0.205717,0,
,,,0.205749,0.0195312476716936,
,,,0.205781,-0.0214843724388629,
,,,0.205813,0,
,,,0.205845,0,
,,,0.205877,-0.0214843724388629,
,,,0.205909,0,
,,,0.205941,0,
,,,0.205973,0,
,,,0.206005,0.0390624953433871,
,,,0.206037,0,
,,,0.206069,0,
,,,0.206101,0,
,,,0.206133,0.0195312476716936,
,,,0.206165,0.0195312476716936,
,,,0.206197,0,
,,,0.206229,0,
,,,0.206261,0.0195312476716936,
,,,0.206293,-0.0214843724388629,
,,,0.206325,0,
,,,0.206357,0,
,,,0.206389,0,
,,,0.206421,0,
,,,0.206453,0.0195312476716936,
,,,0.206485,0,
,,,0.206517,0,
,,,0.206549,0,
,,,0.206581,0,
,,,0.206613,0,
,,,0.206645,0,
,,,0.206677,0,
,,,0.206709,0,
,,,0.206741,-0.0214843724388629,
,,,0.206773,0,
,,,0.206805,0,
,,,0.206837,0,
,,,0.206869,0,
,,,0.206901,0,
,,,0.206933,0,
,,,0.206965,0.0195312476716936,
,,,0.206997,0,
,,,0.207029,0,
,,,0.207061,0,
,,,0.207093,0,
,,,0.207125,0,
,,,0.207157,0,
,,,0.207189,0,
,,,0.207221,-0.0214843724388629,
,,,0.207253,0.0195312476716936,
,,,0.207285,0,
,,,0.207317,0,
,,,0.207349,0.0195312476716936,
,,,0.207381,0,
,,,0.207413,0,
,,,0.207445,0.0195312476716936,
,,,0.207477,0,
,,,0.207509,0,
,,,0.207541,0.0195312476716936,
,,,0.207573,0.0195312476716936,
,,,0.207605,0,
,,,0.207637,0.0195312476716936,
,,,0.207669,0.0195312476716936,
,,,0.207701,0,
,,,0.207733,0.0195312476716936,
,,,0.207765,0.0195312476716936,
,,,0.207797,0,
,,,0.207829,0.0195312476716936,
,,,0.207861,0,
,,,0.207893,0.0195312476716936,
,,,0.207925,0,
,,,0.207957,0.0195312476716936,
,,,0.207989,-0.0214843724388629,
,,,0.208021,-0.0214843724388629,
,,,0.208053,0,
,,,0.208085,-0.0214843724388629,
,,,0.208117,0,
,,,0.208149,0.0195312476716936,
,,,0.208181,0.0195312476716936,
,,,0.208213,-0.0214843724388629,
,,,0.208245,0,
,,,0.208277,0.0195312476716936,
,,,0.208309,0,
,,,0.208341,0,
,,,0.208373,-0.0214843724388629,
,,,0.208405,0.0195312476716936,
,,,0.208437,0,
,,,0.208469,0,
,,,0.208501,0.0195312476716936,
,,,0.208533,0,
,,,0.208565,0.0195312476716936,
,,,0.208597,0,
,,,0.208629,0.0195312476716936,
,,,0.208661,0.0195312476716936,
,,,0.208693,0.0195312476716936,
,,,0.208725,-0.0214843724388629,
,,,0.208757,0.0195312476716936,
,,,0.208789,0.0195312476716936,
,,,0.208821,0.0195312476716936,
,,,0.208853,0.0195312476716936,
,,,0.208885,0,
,,,0.208917,0,
,,,0.208949,0,
,,,0.208981,0,
,,,0.209013,0,
,,,0.209045,0,
,,,0.209077,0.0195312476716936,
,,,0.209109,0,
,,,0.209141,0.0195312476716936,
,,,0.209173,0.0195312476716936,
,,,0.209205,0,
,,,0.209237,0.0195312476716936,
,,,0.209269,0,
,,,0.209301,0.0195312476716936,
,,,0.209333,0.0195312476716936,
,,,0.209365,0.0195312476716936,
,,,0.209397,0.0195312476716936,
,,,0.209429,-0.0214843724388629,
,,,0.209461,0,
,,,0.209493,0.0195312476716936,
,,,0.209525,-0.0214843724388629,
,,,0.209557,-0.0214843724388629,
,,,0.209589,0.0195312476716936,
,,,0.209621,0.0195312476716936,
,,,0.209653,0.0195312476716936,
,,,0.209685,0.0195312476716936,
,,,0.209717,0,
,,,0.209749,0,
,,,0.209781,0.0195312476716936,
,,,0.209813,0,
,,,0.209845,0,
,,,0.209877,0,
,,,0.209909,0.0195312476716936,
,,,0.209941,0,
,,,0.209973,0,
,,,0.210005,0.0195312476716936,
,,,0.210037,0.0585937430150807,
,,,0.210069,0.0195312476716936,
,,,0.210101,0,
,,,0.210133,-0.0214843724388629,
,,,0.210165,0,
,,,0.210197,0.0195312476716936,
,,,0.210229,0,
,,,0.210261,0.0195312476716936,
,,,0.210293,0,
,,,0.210325,0,
,,,0.210357,0.0195312476716936,
,,,0.210389,0.0390624953433871,
,,,0.210421,0,
,,,0.210453,0,
,,,0.210485,0,
,,,0.210517,0.0195312476716936,
,,,0.210549,0.0195312476716936,
,,,0.210581,0,
,,,0.210613,0,
,,,0.210645,0,
,,,0.210677,-0.0214843724388629,
,,,0.210709,0,
,,,0.210741,0.0585937430150807,
,,,0.210773,-0.0214843724388629,
,,,0.210805,-0.0214843724388629,
,,,0.210837,0,
,,,0.210869,0,
,,,0.210901,0,
,,,0.210933,0.0195312476716936,
,,,0.210965,0.0390624953433871,
,,,0.210997,0,
,,,0.211029,0,
,,,0.211061,0.0195312476716936,
,,,0.211093,0.0195312476716936,
,,,0.211125,0,
,,,0.211157,0,
,,,0.211189,0,
,,,0.211221,0,
,,,0.211253,0,
,,,0.211285,0,
,,,0.211317,0.0195312476716936,
,,,0.211349,0,
,,,0.211381,0.0195312476716936,
,,,0.211413,-0.0214843724388629,
,,,0.211445,0,
,,,0.211477,-0.0214843724388629,
,,,0.211509,0,
,,,0.211541,0.0195312476716936,
,,,0.211573,0,
,,,0.211605,0,
,,,0.211637,0.0195312476716936,
,,,0.211669,0.0195312476716936,
,,,0.211701,0,
,,,0.211733,0,
,,,0.211765,0,
,,,0.211797,0.0195312476716936,
,,,0.211829,0,
,,,0.211861,0,
,,,0.211893,0.0195312476716936,
,,,0.211925,0,
,,,0.211957,0,
,,,0.211989,0.0195312476716936,
,,,0.212021,0,
,,,0.212053,0,
,,,0.212085,0.0195312476716936,
,,,0.212117,0,
,,,0.212149,0.0195312476716936,
,,,0.212181,0.0195312476716936,
,,,0.212213,0,
,,,0.212245,0,
,,,0.212277,0,
,,,0.212309,0,
,,,0.212341,0,
,,,0.212373,0,
,,,0.212405,-0.0214843724388629,
,,,0.212437,-0.0214843724388629,
,,,0.212469,0.0195312476716936,
,,,0.212501,0,
,,,0.212533,0.0195312476716936,
,,,0.212565,0.0195312476716936,
,,,0.212597,0.0195312476716936,
,,,0.212629,0.0195312476716936,
,,,0.212661,0,
,,,0.212693,0,
,,,0.212725,0,
,,,0.212757,0.0195312476716936,
,,,0.212789,0.0195312476716936,
,,,0.212821,0,
,,,0.212853,0,
,,,0.212885,0,
,,,0.212917,0,
,,,0.212949,0.0195312476716936,
,,,0.212981,0.0195312476716936,
,,,0.213013,0.0195312476716936,
,,,0.213045,-0.0214843724388629,
,,,0.213077,0,
,,,0.213109,0.0195312476716936,
,,,0.213141,0,
,,,0.213173,0.0195312476716936,
,,,0.213205,0.0195312476716936,
,,,0.213237,0.0195312476716936,
,,,0.213269,0,
,,,0.213301,0.0195312476716936,
,,,0.213333,0.0195312476716936,
,,,0.213365,0.0195312476716936,
,,,0.213397,0.0195312476716936,
,,,0.213429,0.0390624953433871,
,,,0.213461,0.0195312476716936,
,,,0.213493,0,
,,,0.213525,0,
,,,0.213557,0.0195312476716936,
,,,0.213589,0.0195312476716936,
,,,0.213621,0.0195312476716936,
,,,0.213653,0,
,,,0.213685,0.0195312476716936,
,,,0.213717,0,
,,,0.213749,-0.0214843724388629,
,,,0.213781,0.0195312476716936,
,,,0.213813,0.0195312476716936,
,,,0.213845,-0.0214843724388629,
,,,0.213877,0,
,,,0.213909,0.0195312476716936,
,,,0.213941,0.0195312476716936,
,,,0.213973,-0.0410156201105565,
,,,0.214005,0.0390624953433871,
,,,0.214037,0.0195312476716936,
,,,0.214069,0.0195312476716936,
,,,0.214101,0,
,,,0.214133,0.0195312476716936,
,,,0.214165,0,
,,,0.214197,0.0195312476716936,
,,,0.214229,-0.0214843724388629,
,,,0.214261,0.0195312476716936,
,,,0.214293,0.0195312476716936,
,,,0.214325,0.0195312476716936,
,,,0.214357,0,
,,,0.214389,0.0195312476716936,
,,,0.214421,-0.0214843724388629,
,,,0.214453,0,
,,,0.214485,-0.0214843724388629,
,,,0.214517,0.0195312476716936,
,,,0.214549,0.0195312476716936,
,,,0.214581,0,
,,,0.214613,0,
,,,0.214645,0.0195312476716936,
,,,0.214677,0,
,,,0.214709,0.0195312476716936,
,,,0.214741,0.0195312476716936,
,,,0.214773,0.0195312476716936,
,,,0.214805,0,
,,,0.214837,0.0195312476716936,
,,,0.214869,0.0195312476716936,
,,,0.214901,0.0390624953433871,
,,,0.214933,0,
,,,0.214965,0.0195312476716936,
,,,0.214997,0.0195312476716936,
,,,0.215029,0.0195312476716936,
,,,0.215061,0.0195312476716936,
,,,0.215093,0,
,,,0.215125,0,
,,,0.215157,0.0195312476716936,
,,,0.215189,0,
,,,0.215221,0,
,,,0.215253,-0.0214843724388629,
,,,0.215285,0,
,,,0.215317,0,
,,,0.215349,-0.0214843724388629,
,,,0.215381,0,
,,,0.215413,0,
,,,0.215445,0.0195312476716936,
,,,0.215477,0.0390624953433871,
,,,0.215509,0.0195312476716936,
,,,0.215541,0,
,,,0.215573,0,
,,,0.215605,0,
,,,0.215637,0,
,,,0.215669,0.0195312476716936,
,,,0.215701,0.0195312476716936,
,,,0.215733,-0.0214843724388629,
,,,0.215765,0,
,,,0.215797,0,
,,,0.215829,0,
,,,0.215861,0,
,,,0.215893,0.0195312476716936,
,,,0.215925,0.0195312476716936,
,,,0.215957,0,
,,,0.215989,0,
,,,0.216021,0,
,,,0.216053,0.0195312476716936,
,,,0.216085,0.0195312476716936,
,,,0.216117,0.0195312476716936,
,,,0.216149,0,
,,,0.216181,0,
,,,0.216213,0,
,,,0.216245,0,
,,,0.216277,0.0195312476716936,
,,,0.216309,0,
,,,0.216341,0.0195312476716936,
,,,0.216373,0.0195312476716936,
,,,0.216405,0,
,,,0.216437,0,
,,,0.216469,0,
,,,0.216501,0.0195312476716936,
,,,0.216533,0,
,,,0.216565,0.0195312476716936,
,,,0.216597,0,
,,,0.216629,0.0195312476716936,
,,,0.216661,0.0195312476716936,
,,,0.216693,0,
,,,0.216725,0.0195312476716936,
,,,0.216757,0.0195312476716936,
,,,0.216789,0.0390624953433871,
,,,0.216821,0.0195312476716936,
,,,0.216853,-0.0214843724388629,
,,,0.216885,0.0195312476716936,
,,,0.216917,0.0195312476716936,
,,,0.216949,0,
,,,0.216981,0.0195312476716936,
,,,0.217013,0.0195312476716936,
,,,0.217045,0.0195312476716936,
,,,0.217077,0.0195312476716936,
,,,0.217109,0.0195312476716936,
,,,0.217141,0,
,,,0.217173,0.0195312476716936,
,,,0.217205,0.0195312476716936,
,,,0.217237,0,
,,,0.217269,-0.0214843724388629,
,,,0.217301,0.0195312476716936,
,,,0.217333,0.0195312476716936,
,,,0.217365,0,
,,,0.217397,0.0195312476716936,
,,,0.217429,0.0195312476716936,
,,,0.217461,0.0390624953433871,
,,,0.217493,0,
,,,0.217525,0.0195312476716936,
,,,0.217557,-0.0214843724388629,
,,,0.217589,0.0195312476716936,
,,,0.217621,-0.0214843724388629,
,,,0.217653,0.0195312476716936,
,,,0.217685,-0.0214843724388629,
,,,0.217717,-0.0214843724388629,
,,,0.217749,0,
,,,0.217781,0.0195312476716936,
,,,0.217813,0.0195312476716936,
,,,0.217845,0.0195312476716936,
,,,0.217877,0.0195312476716936,
,,,0.217909,0,
,,,0.217941,-0.0214843724388629,
,,,0.217973,0,
,,,0.218005,0.0195312476716936,
,,,0.218037,0,
,,,0.218069,0,
,,,0.218101,0.0195312476716936,
,,,0.218133,0.0195312476716936,
,,,0.218165,-0.0214843724388629,
,,,0.218197,0.0195312476716936,
,,,0.218229,0,
,,,0.218261,0.0195312476716936,
,,,0.218293,0,
,,,0.218325,0,
,,,0.218357,0,
,,,0.218389,0.0195312476716936,
,,,0.218421,0.0195312476716936,
,,,0.218453,0.0195312476716936,
,,,0.218485,0,
,,,0.218517,0.0195312476716936,
,,,0.218549,0,
,,,0.218581,-0.0410156201105565,
,,,0.218613,0.0195312476716936,
,,,0.218645,0.0195312476716936,
,,,0.218677,0.0195312476716936,
,,,0.218709,0.0195312476716936,
,,,0.218741,0.0195312476716936,
,,,0.218773,0.0195312476716936,
,,,0.218805,0.0195312476716936,
,,,0.218837,0.0195312476716936,
,,,0.218869,0.0195312476716936,
,,,0.218901,0,
,,,0.218933,0.0195312476716936,
,,,0.218965,0.0585937430150807,
,,,0.218997,0.0195312476716936,
,,,0.219029,-0.0214843724388629,
,,,0.219061,-0.0214843724388629,
,,,0.219093,0.0195312476716936,
,,,0.219125,0.0195312476716936,
,,,0.219157,0.0195312476716936,
,,,0.219189,0.0195312476716936,
,,,0.219221,0.0195312476716936,
,,,0.219253,0.0195312476716936,
,,,0.219285,0.0195312476716936,
,,,0.219317,0,
,,,0.219349,0.0195312476716936,
,,,0.219381,0,
,,,0.219413,0.0195312476716936,
,,,0.219445,0.0195312476716936,
,,,0.219477,0,
,,,0.219509,0,
,,,0.219541,0.0195312476716936,
,,,0.219573,0,
,,,0.219605,0.0195312476716936,
,,,0.219637,0,
,,,0.219669,0.0195312476716936,
,,,0.219701,0,
,,,0.219733,0.0195312476716936,
,,,0.219765,0.0195312476716936,
,,,0.219797,0,
,,,0.219829,0.0195312476716936,
,,,0.219861,0.0195312476716936,
,,,0.219893,0.0195312476716936,
,,,0.219925,0,
,,,0.219957,0.0195312476716936,
,,,0.219989,-0.0214843724388629,
,,,0.220021,0.0390624953433871,
,,,0.220053,0.0195312476716936,
,,,0.220085,0.0195312476716936,
,,,0.220117,0.0195312476716936,
,,,0.220149,0.0390624953433871,
,,,0.220181,0,
,,,0.220213,0.0195312476716936,
,,,0.220245,0,
,,,0.220277,-0.0410156201105565,
,,,0.220309,0.0195312476716936,
,,,0.220341,0,
,,,0.220373,-0.0214843724388629,
,,,0.220405,0,
,,,0.220437,0.0390624953433871,
,,,0.220469,0.0390624953433871,
,,,0.220501,-0.0214843724388629,
,,,0.220533,0,
,,,0.220565,0,
,,,0.220597,0,
,,,0.220629,0.0195312476716936,
,,,0.220661,0,
,,,0.220693,0.0195312476716936,
,,,0.220725,0,
,,,0.220757,0,
,,,0.220789,-0.0214843724388629,
,,,0.220821,-0.0410156201105565,
,,,0.220853,0.0195312476716936,
,,,0.220885,0,
,,,0.220917,0.0390624953433871,
,,,0.220949,0.0195312476716936,
,,,0.220981,0,
,,,0.221013,-0.0214843724388629,
,,,0.221045,0.0195312476716936,
,,,0.221077,0,
,,,0.221109,-0.0214843724388629,
,,,0.221141,-0.0214843724388629,
,,,0.221173,0.0195312476716936,
,,,0.221205,0.0195312476716936,
,,,0.221237,0.0195312476716936,
,,,0.221269,0.0195312476716936,
,,,0.221301,0.0195312476716936,
,,,0.221333,0.0195312476716936,
,,,0.221365,0,
,,,0.221397,0,
,,,0.221429,0.0195312476716936,
,,,0.221461,0.0195312476716936,
,,,0.221493,0,
,,,0.221525,0.0195312476716936,
,,,0.221557,0,
,,,0.221589,0.0390624953433871,
,,,0.221621,0,
,,,0.221653,0,
,,,0.221685,0.0195312476716936,
,,,0.221717,0,
,,,0.221749,0,
,,,0.221781,0.0195312476716936,
,,,0.221813,0,
,,,0.221845,0.0390624953433871,
,,,0.221877,-0.0214843724388629,
,,,0.221909,0,
,,,0.221941,0,
,,,0.221973,0,
,,,0.222005,-0.0214843724388629,
,,,0.222037,0,
,,,0.222069,0,
,,,0.222101,0,
,,,0.222133,0,
,,,0.222165,0.0195312476716936,
,,,0.222197,0,
,,,0.222229,0,
,,,0.222261,0,
,,,0.222293,-0.0214843724388629,
,,,0.222325,0,
,,,0.222357,-0.0214843724388629,
,,,0.222389,0.0195312476716936,
,,,0.222421,0,
,,,0.222453,0.0195312476716936,
,,,0.222485,0.0195312476716936,
,,,0.222517,0.0195312476716936,
,,,0.222549,0.0195312476716936,
,,,0.222581,0,
,,,0.222613,0,
,,,0.222645,-0.0214843724388629,
,,,0.222677,0,
,,,0.222709,0.0195312476716936,
,,,0.222741,0,
,,,0.222773,0,
,,,0.222805,0,
,,,0.222837,0,
,,,0.222869,0.0195312476716936,
,,,0.222901,0.0390624953433871,
,,,0.222933,0,
,,,0.222965,0,
,,,0.222997,0.0195312476716936,
,,,0.223029,0,
,,,0.223061,0,
,,,0.223093,-0.0214843724388629,
,,,0.223125,0,
,,,0.223157,0,
,,,0.223189,0.0195312476716936,
,,,0.223221,0,
,,,0.223253,0,
,,,0.223285,-0.0214843724388629,
,,,0.223317,0,
,,,0.223349,0.0390624953433871,
,,,0.223381,-0.0214843724388629,
,,,0.223413,0,
,,,0.223445,0.0195312476716936,
,,,0.223477,0,
,,,0.223509,-0.0214843724388629,
,,,0.223541,-0.0214843724388629,
,,,0.223573,0,
,,,0.223605,0,
,,,0.223637,-0.0214843724388629,
,,,0.223669,-0.0214843724388629,
,,,0.223701,0,
,,,0.223733,0.0195312476716936,
,,,0.223765,0,
,,,0.223797,0,
,,,0.223829,0,
,,,0.223861,0,
,,,0.223893,0,
,,,0.223925,0,
,,,0.223957,0.0195312476716936,
,,,0.223989,0,
,,,0.224021,0.0195312476716936,
,,,0.224053,0,
,,,0.224085,0,
,,,0.224117,0,
,,,0.224149,0,
,,,0.224181,0,
,,,0.224213,0,
,,,0.224245,0,
,,,0.224277,0.0195312476716936,
,,,0.224309,0.0195312476716936,
,,,0.224341,0,
,,,0.224373,0,
,,,0.224405,0.0195312476716936,
,,,0.224437,0.0195312476716936,
,,,0.224469,0.0195312476716936,
,,,0.224501,0,
,,,0.224533,0.0195312476716936,
,,,0.224565,0.0195312476716936,
,,,0.224597,-0.0214843724388629,
,,,0.224629,0,
,,,0.224661,0,
,,,0.224693,0,
,,,0.224725,0.0195312476716936,
,,,0.224757,0.0195312476716936,
,,,0.224789,-0.0214843724388629,
,,,0.224821,0.0195312476716936,
,,,0.224853,0.0195312476716936,
,,,0.224885,0.0195312476716936,
,,,0.224917,0,
,,,0.224949,0.0195312476716936,
,,,0.224981,0.0195312476716936,
,,,0.225013,0.0195312476716936,
,,,0.225045,0.0195312476716936,
,,,0.225077,0.0390624953433871,
,,,0.225109,0.0195312476716936,
,,,0.225141,0,
,,,0.225173,0.0195312476716936,
,,,0.225205,0.0195312476716936,
,,,0.225237,0,
,,,0.225269,0.0195312476716936,
,,,0.225301,0.0195312476716936,
,,,0.225333,0,
,,,0.225365,-0.0214843724388629,
,,,0.225397,0.0195312476716936,
,,,0.225429,0.0195312476716936,
,,,0.225461,0,
,,,0.225493,0,
,,,0.225525,0.0195312476716936,
,,,0.225557,0.0195312476716936,
,,,0.225589,0,
,,,0.225621,0,
,,,0.225653,0.0195312476716936,
,,,0.225685,0,
,,,0.225717,0.0195312476716936,
,,,0.225749,0.0195312476716936,
,,,0.225781,0.0195312476716936,
,,,0.225813,0.0195312476716936,
,,,0.225845,0,
,,,0.225877,0,
,,,0.225909,0.0195312476716936,
,,,0.225941,0,
,,,0.225973,0.0195312476716936,
,,,0.226005,0,
,,,0.226037,0.0195312476716936,
,,,0.226069,0.0195312476716936,
,,,0.226101,0.0195312476716936,
,,,0.226133,0.0195312476716936,
,,,0.226165,0.0195312476716936,
,,,0.226197,0.0195312476716936,
,,,0.226229,0.0195312476716936,
,,,0.226261,-0.0214843724388629,
,,,0.226293,0,
,,,0.226325,0,
,,,0.226357,0,
,,,0.226389,0,
,,,0.226421,0,
,,,0.226453,0.0195312476716936,
,,,0.226485,0.0195312476716936,
,,,0.226517,0.0195312476716936,
,,,0.226549,0,
,,,0.226581,0,
,,,0.226613,0,
,,,0.226645,0.0195312476716936,
,,,0.226677,0,
,,,0.226709,0.0195312476716936,
,,,0.226741,0,
,,,0.226773,0.0195312476716936,
,,,0.226805,0.0195312476716936,
,,,0.226837,0,
,,,0.226869,0,
,,,0.226901,0.0195312476716936,
,,,0.226933,-0.0214843724388629,
,,,0.226965,0,
,,,0.226997,0.0195312476716936,
,,,0.227029,0,
,,,0.227061,0.0195312476716936,
,,,0.227093,0,
,,,0.227125,0.0195312476716936,
,,,0.227157,0.0195312476716936,
,,,0.227189,0,
,,,0.227221,0.0195312476716936,
,,,0.227253,0.0195312476716936,
,,,0.227285,0.0390624953433871,
,,,0.227317,0.0390624953433871,
,,,0.227349,0.0195312476716936,
,,,0.227381,0,
,,,0.227413,0.0195312476716936,
,,,0.227445,0.0195312476716936,
,,,0.227477,0.0195312476716936,
,,,0.227509,0.0195312476716936,
,,,0.227541,0.0195312476716936,
,,,0.227573,0.0195312476716936,
,,,0.227605,0,
,,,0.227637,0,
,,,0.227669,0,
,,,0.227701,-0.0214843724388629,
,,,0.227733,0,
,,,0.227765,0.0390624953433871,
,,,0.227797,0,
,,,0.227829,0.0195312476716936,
,,,0.227861,0.0195312476716936,
,,,0.227893,0.0195312476716936,
,,,0.227925,0.0195312476716936,
,,,0.227957,0,
,,,0.227989,0,
,,,0.228021,0,
,,,0.228053,0.0195312476716936,
,,,0.228085,0,
,,,0.228117,0,
,,,0.228149,0,
,,,0.228181,0.0195312476716936,
,,,0.228213,0.0390624953433871,
,,,0.228245,0,
,,,0.228277,0.0195312476716936,
,,,0.228309,-0.0214843724388629,
,,,0.228341,0,
,,,0.228373,0.0195312476716936,
,,,0.228405,0,
,,,0.228437,0.0195312476716936,
,,,0.228469,0,
,,,0.228501,0,
,,,0.228533,0.0390624953433871,
,,,0.228565,0.0195312476716936,
,,,0.228597,0.0390624953433871,
,,,0.228629,0,
,,,0.228661,-0.0214843724388629,
,,,0.228693,0.0195312476716936,
,,,0.228725,0,
,,,0.228757,0.0390624953433871,
,,,0.228789,0,
,,,0.228821,0,
,,,0.228853,-0.0214843724388629,
,,,0.228885,0,
,,,0.228917,0,
,,,0.228949,0,
,,,0.228981,0,
,,,0.229013,0,
,,,0.229045,-0.0214843724388629,
,,,0.229077,0,
,,,0.229109,-0.0214843724388629,
,,,0.229141,0,
,,,0.229173,0,
,,,0.229205,0.0195312476716936,
,,,0.229237,0.0195312476716936,
,,,0.229269,-0.0214843724388629,
,,,0.229301,0,
,,,0.229333,0,
,,,0.229365,0,
,,,0.229397,0,
,,,0.229429,0.0195312476716936,
,,,0.229461,0.0390624953433871,
,,,0.229493,0,
,,,0.229525,0.0195312476716936,
,,,0.229557,0.0195312476716936,
,,,0.229589,0.0195312476716936,
,,,0.229621,0.0195312476716936,
,,,0.229653,0,
,,,0.229685,-0.0214843724388629,
,,,0.229717,0,
,,,0.229749,0,
,,,0.229781,0,
,,,0.229813,0.0195312476716936,
,,,0.229845,0.0195312476716936,
,,,0.229877,0,
,,,0.229909,0.0195312476716936,
,,,0.229941,0.0195312476716936,
,,,0.229973,0.0195312476716936,
,,,0.230005,0,
,,,0.230037,0.0195312476716936,
,,,0.230069,0.0195312476716936,
,,,0.230101,-0.0410156201105565,
,,,0.230133,0.0195312476716936,
,,,0.230165,-0.0214843724388629,
,,,0.230197,0,
,,,0.230229,0.0195312476716936,
,,,0.230261,0.0390624953433871,
,,,0.230293,0.0195312476716936,
,,,0.230325,0,
,,,0.230357,0,
,,,0.230389,0.0195312476716936,
,,,0.230421,0.0195312476716936,
,,,0.230453,0.0195312476716936,
,,,0.230485,0,
,,,0.230517,0.0195312476716936,
,,,0.230549,0.0195312476716936,
,,,0.230581,0.0195312476716936,
,,,0.230613,0.0195312476716936,
,,,0.230645,0,
,,,0.230677,0.0195312476716936,
,,,0.230709,-0.0410156201105565,
,,,0.230741,-0.0214843724388629,
,,,0.230773,0.0195312476716936,
,,,0.230805,0,
,,,0.230837,0.0195312476716936,
,,,0.230869,0,
,,,0.230901,0.0195312476716936,
,,,0.230933,0.0195312476716936,
,,,0.230965,0.0195312476716936,
,,,0.230997,-0.0214843724388629,
,,,0.231029,0.0195312476716936,
,,,0.231061,0.0195312476716936,
,,,0.231093,0.0195312476716936,
,,,0.231125,0,
,,,0.231157,0.0195312476716936,
,,,0.231189,0.0195312476716936,
,,,0.231221,0.0195312476716936,
,,,0.231253,0.0195312476716936,
,,,0.231285,0.0195312476716936,
,,,0.231317,0.0195312476716936,
,,,0.231349,0.0195312476716936,
,,,0.231381,0.0195312476716936,
,,,0.231413,0.0195312476716936,
,,,0.231445,0.0195312476716936,
,,,0.231477,0.0195312476716936,
,,,0.231509,0.0195312476716936,
,,,0.231541,0.0195312476716936,
,,,0.231573,0.0195312476716936,
,,,0.231605,0,
,,,0.231637,0,
,,,0.231669,0.0195312476716936,
,,,0.231701,0,
,,,0.231733,0.0195312476716936,
,,,0.231765,0.0195312476716936,
,,,0.231797,0.0195312476716936,
,,,0.231829,0,
,,,0.231861,0.0195312476716936,
,,,0.231893,0.0195312476716936,
,,,0.231925,0,
,,,0.231957,0.0195312476716936,
,,,0.231989,0,
,,,0.232021,0.0195312476716936,
,,,0.232053,0.0195312476716936,
,,,0.232085,0,
,,,0.232117,0.0195312476716936,
,,,0.232149,0.0195312476716936,
,,,0.232181,0.0195312476716936,
,,,0.232213,0,
,,,0.232245,0.0195312476716936,
,,,0.232277,0,
,,,0.232309,0,
,,,0.232341,0,
,,,0.232373,0,
,,,0.232405,0,
,,,0.232437,0,
,,,0.232469,0.0195312476716936,
,,,0.232501,0.0195312476716936,
,,,0.232533,0,
,,,0.232565,0.0195312476716936,
,,,0.232597,0.0195312476716936,
,,,0.232629,0,
,,,0.232661,0.0195312476716936,
,,,0.232693,0,
,,,0.232725,0.0195312476716936,
,,,0.232757,0,
,,,0.232789,0,
,,,0.232821,0,
,,,0.232853,0.0195312476716936,
,,,0.232885,0,
,,,0.232917,0.0195312476716936,
,,,0.232949,-0.0214843724388629,
,,,0.232981,0.0195312476716936,
,,,0.233013,0,
,,,0.233045,0.0195312476716936,
,,,0.233077,0,
,,,0.233109,0.0195312476716936,
,,,0.233141,0.0195312476716936,
,,,0.233173,0,
,,,0.233205,0.0195312476716936,
,,,0.233237,0,
,,,0.233269,0,
,,,0.233301,0.0195312476716936,
,,,0.233333,0.0195312476716936,
,,,0.233365,0,
,,,0.233397,0.0195312476716936,
,,,0.233429,0,
,,,0.233461,0.0195312476716936,
,,,0.233493,0.0390624953433871,
,,,0.233525,0.0195312476716936,
,,,0.233557,0,
,,,0.233589,0,
,,,0.233621,0.0195312476716936,
,,,0.233653,0.0195312476716936,
,,,0.233685,0.0585937430150807,
,,,0.233717,-0.0214843724388629,
,,,0.233749,0.0195312476716936,
,,,0.233781,-0.0214843724388629,
,,,0.233813,0,
,,,0.233845,0.0195312476716936,
,,,0.233877,0.0195312476716936,
,,,0.233909,0.0195312476716936,
,,,0.233941,0.0195312476716936,
,,,0.233973,0.0195312476716936,
,,,0.234005,0.0390624953433871,
,,,0.234037,0.0195312476716936,
,,,0.234069,-0.0410156201105565,
,,,0.234101,0.0195312476716936,
,,,0.234133,0.0195312476716936,
,,,0.234165,0.0195312476716936,
,,,0.234197,0,
,,,0.234229,0,
,,,0.234261,0,
,,,0.234293,0.0195312476716936,
,,,0.234325,0,
,,,0.234357,0.0195312476716936,
,,,0.234389,0,
,,,0.234421,0.0195312476716936,
,,,0.234453,0.0195312476716936,
,,,0.234485,0.0195312476716936,
,,,0.234517,-0.0214843724388629,
,,,0.234549,0.0195312476716936,
,,,0.234581,0.0195312476716936,
,,,0.234613,0,
,,,0.234645,0.0195312476716936,
,,,0.234677,0.0195312476716936,
,,,0.234709,0.0195312476716936,
,,,0.234741,0.0195312476716936,
,,,0.234773,0,
,,,0.234805,0,
,,,0.234837,0,
,,,0.234869,0.0195312476716936,
,,,0.234901,0.0195312476716936,
,,,0.234933,0.0195312476716936,
,,,0.234965,0.0195312476716936,
,,,0.234997,0.0195312476716936,
,,,0.235029,0.0195312476716936,
,,,0.235061,0,
,,,0.235093,0.0195312476716936,
,,,0.235125,0,
,,,0.235157,0.0390624953433871,
,,,0.235189,0.0390624953433871,
,,,0.235221,0.0195312476716936,
,,,0.235253,0.0195312476716936,
,,,0.235285,-0.0410156201105565,
,,,0.235317,-0.0214843724388629,
,,,0.235349,0.0195312476716936,
,,,0.235381,0.0195312476716936,
,,,0.235413,0.0585937430150807,
,,,0.235445,0.0195312476716936,
,,,0.235477,0,
,,,0.235509,-0.0410156201105565,
,,,0.235541,0,
,,,0.235573,0,
,,,0.235605,0.0195312476716936,
,,,0.235637,0,
,,,0.235669,0.0195312476716936,
,,,0.235701,0.0195312476716936,
,,,0.235733,0,
,,,0.235765,0.0195312476716936,
,,,0.235797,0.0195312476716936,
,,,0.235829,0.0195312476716936,
,,,0.235861,0.0195312476716936,
,,,0.235893,0.0195312476716936,
,,,0.235925,0,
,,,0.235957,0.0195312476716936,
,,,0.235989,0.0195312476716936,
,,,0.236021,0,
,,,0.236053,0.0195312476716936,
,,,0.236085,-0.0214843724388629,
,,,0.236117,0,
,,,0.236149,0.0195312476716936,
,,,0.236181,0,
,,,0.236213,0,
,,,0.236245,0.0195312476716936,
,,,0.236277,0.0195312476716936,
,,,0.236309,0.0195312476716936,
,,,0.236341,0.0195312476716936,
,,,0.236373,0.0195312476716936,
,,,0.236405,0.0195312476716936,
,,,0.236437,0.0195312476716936,
,,,0.236469,-0.0214843724388629,
,,,0.236501,0.0195312476716936,
,,,0.236533,0,
,,,0.236565,0,
,,,0.236597,0.0195312476716936,
,,,0.236629,0,
,,,0.236661,0.0195312476716936,
,,,0.236693,0.0195312476716936,
,,,0.236725,-0.0214843724388629,
,,,0.236757,0.0195312476716936,
,,,0.236789,0.0195312476716936,
,,,0.236821,0.0195312476716936,
,,,0.236853,0.0195312476716936,
,,,0.236885,0,
,,,0.236917,0.0390624953433871,
,,,0.236949,0,
,,,0.236981,0.0195312476716936,
,,,0.237013,0,
,,,0.237045,0,
,,,0.237077,0,
,,,0.237109,0,
,,,0.237141,0,
,,,0.237173,0,
,,,0.237205,0.0195312476716936,
,,,0.237237,0.0195312476716936,
,,,0.237269,0.0390624953433871,
,,,0.237301,0.0195312476716936,
,,,0.237333,0.0195312476716936,
,,,0.237365,0.0390624953433871,
,,,0.237397,0.0195312476716936,
,,,0.237429,-0.0214843724388629,
,,,0.237461,0,
,,,0.237493,0.0195312476716936,
,,,0.237525,0,
,,,0.237557,-0.0410156201105565,
,,,0.237589,0.0195312476716936,
,,,0.237621,0,
,,,0.237653,-0.0214843724388629,
,,,0.237685,0.0195312476716936,
,,,0.237717,-0.0214843724388629,
,,,0.237749,0.0195312476716936,
,,,0.237781,0,
,,,0.237813,0.0195312476716936,
,,,0.237845,0,
,,,0.237877,0,
,,,0.237909,0.0390624953433871,
,,,0.237941,0.0195312476716936,
,,,0.237973,0,
,,,0.238005,0,
,,,0.238037,-0.0214843724388629,
,,,0.238069,0,
,,,0.238101,-0.0214843724388629,
,,,0.238133,0,
,,,0.238165,0.0195312476716936,
,,,0.238197,0,
,,,0.238229,0.0195312476716936,
,,,0.238261,-0.0214843724388629,
,,,0.238293,0,
,,,0.238325,0,
,,,0.238357,0.0195312476716936,
,,,0.238389,0,
,,,0.238421,0.0195312476716936,
,,,0.238453,0.0195312476716936,
,,,0.238485,0.0195312476716936,
,,,0.238517,0.0195312476716936,
,,,0.238549,-0.0214843724388629,
,,,0.238581,0,
,,,0.238613,0.0195312476716936,
,,,0.238645,-0.0214843724388629,
,,,0.238677,0,
,,,0.238709,0.0195312476716936,
,,,0.238741,0.0195312476716936,
,,,0.238773,0,
,,,0.238805,0.0195312476716936,
,,,0.238837,0,
,,,0.238869,0.0195312476716936,
,,,0.238901,0.0195312476716936,
,,,0.238933,0.0195312476716936,
,,,0.238965,0.0195312476716936,
,,,0.238997,0.0195312476716936,
,,,0.239029,-0.0214843724388629,
,,,0.239061,0,
,,,0.239093,0.0195312476716936,
,,,0.239125,0.0195312476716936,
,,,0.239157,0.0195312476716936,
,,,0.239189,0,
,,,0.239221,0,
,,,0.239253,0,
,,,0.239285,0,
,,,0.239317,0.0195312476716936,
,,,0.239349,0.0195312476716936,
,,,0.239381,0,
,,,0.239413,0.0195312476716936,
,,,0.239445,0,
,,,0.239477,0,
,,,0.239509,0,
,,,0.239541,0.0390624953433871,
,,,0.239573,0,
,,,0.239605,0,
,,,0.239637,0,
,,,0.239669,0,
,,,0.239701,0,
,,,0.239733,0,
,,,0.239765,0,
,,,0.239797,0,
,,,0.239829,-0.0214843724388629,
,,,0.239861,0,
,,,0.239893,0.0195312476716936,
,,,0.239925,0.0195312476716936,
,,,0.239957,0,
,,,0.239989,0,
,,,0.240021,0,
,,,0.240053,0.0195312476716936,
,,,0.240085,0,
,,,0.240117,0,
,,,0.240149,0.0195312476716936,
,,,0.240181,0,
,,,0.240213,0,
,,,0.240245,0,
,,,0.240277,0,
,,,0.240309,0.0195312476716936,
,,,0.240341,0.0195312476716936,
,,,0.240373,0,
,,,0.240405,0,
,,,0.240437,0,
,,,0.240469,0,
,,,0.240501,-0.0214843724388629,
,,,0.240533,0,
,,,0.240565,0,
,,,0.240597,0,
,,,0.240629,0,
,,,0.240661,0.0195312476716936,
,,,0.240693,0,
,,,0.240725,-0.0214843724388629,
,,,0.240757,0.0195312476716936,
,,,0.240789,0.0195312476716936,
,,,0.240821,0.0195312476716936,
,,,0.240853,0,
,,,0.240885,0.0195312476716936,
,,,0.240917,0,
,,,0.240949,0.0195312476716936,
,,,0.240981,0,
,,,0.241013,0.0195312476716936,
,,,0.241045,0.0195312476716936,
,,,0.241077,0.0195312476716936,
,,,0.241109,0,
,,,0.241141,0.0195312476716936,
,,,0.241173,0.0195312476716936,
,,,0.241205,0.0195312476716936,
,,,0.241237,0.0195312476716936,
,,,0.241269,0.0390624953433871,
,,,0.241301,0.0195312476716936,
,,,0.241333,0,
,,,0.241365,0.0195312476716936,
,,,0.241397,0,
,,,0.241429,0,
,,,0.241461,0,
,,,0.241493,0.0195312476716936,
,,,0.241525,0.0390624953433871,
,,,0.241557,0,
,,,0.241589,0.0195312476716936,
,,,0.241621,0.0195312476716936,
,,,0.241653,0.0195312476716936,
,,,0.241685,0.0195312476716936,
,,,0.241717,0.0195312476716936,
,,,0.241749,0.0195312476716936,
,,,0.241781,0.0195312476716936,
,,,0.241813,0,
,,,0.241845,0.0195312476716936,
,,,0.241877,0,
,,,0.241909,-0.0214843724388629,
,,,0.241941,0.0195312476716936,
,,,0.241973,0,
,,,0.242005,0.0195312476716936,
,,,0.242037,-0.0214843724388629,
,,,0.242069,0.0195312476716936,
,,,0.242101,0.0195312476716936,
,,,0.242133,-0.0214843724388629,
,,,0.242165,0.0390624953433871,
,,,0.242197,0.0195312476716936,
,,,0.242229,0.0195312476716936,
,,,0.242261,0,
,,,0.242293,0.0195312476716936,
,,,0.242325,0.0195312476716936,
,,,0.242357,0.0195312476716936,
,,,0.242389,0.0195312476716936,
,,,0.242421,0.0195312476716936,
,,,0.242453,0.0195312476716936,
,,,0.242485,0.0195312476716936,
,,,0.242517,0,
,,,0.242549,0,
,,,0.242581,0.0195312476716936,
,,,0.242613,0,
,,,0.242645,0.0195312476716936,
,,,0.242677,0,
,,,0.242709,0.0195312476716936,
,,,0.242741,0,
,,,0.242773,0.0390624953433871,
,,,0.242805,0.0195312476716936,
,,,0.242837,0.0195312476716936,
,,,0.242869,0,
,,,0.242901,0,
,,,0.242933,0,
,,,0.242965,-0.0214843724388629,
,,,0.242997,0.0195312476716936,
,,,0.243029,0,
,,,0.243061,0,
,,,0.243093,0.0195312476716936,
,,,0.243125,0,
,,,0.243157,0.0195312476716936,
,,,0.243189,0.0390624953433871,
,,,0.243221,-0.0214843724388629,
,,,0.243253,0.0195312476716936,
,,,0.243285,0,
,,,0.243317,0.0195312476716936,
,,,0.243349,0.0195312476716936,
,,,0.243381,-0.0214843724388629,
,,,0.243413,0,
,,,0.243445,0.0195312476716936,
,,,0.243477,0,
,,,0.243509,0,
,,,0.243541,-0.0214843724388629,
,,,0.243573,0,
,,,0.243605,0.0195312476716936,
,,,0.243637,0.0195312476716936,
,,,0.243669,0,
,,,0.243701,0,
,,,0.243733,0,
,,,0.243765,0.0195312476716936,
,,,0.243797,0.0390624953433871,
,,,0.243829,0.0195312476716936,
,,,0.243861,0.0195312476716936,
,,,0.243893,0.0195312476716936,
,,,0.243925,0.0390624953433871,
,,,0.243957,0.0195312476716936,
,,,0.243989,0.0390624953433871,
,,,0.244021,0.0195312476716936,
,,,0.244053,0,
,,,0.244085,0,
,,,0.244117,0,
,,,0.244149,0.0195312476716936,
,,,0.244181,0,
,,,0.244213,0.0800781154539436,
,,,0.244245,0,
,,,0.244277,-0.0214843724388629,
,,,0.244309,0.0195312476716936,
,,,0.244341,0,
,,,0.244373,0,
,,,0.244405,0,
,,,0.244437,0.0195312476716936,
,,,0.244469,0.0195312476716936,
,,,0.244501,0.0195312476716936,
,,,0.244533,0,
,,,0.244565,-0.101562487892807,
,,,0.244597,0.0195312476716936,
,,,0.244629,0.0390624953433871,
,,,0.244661,0.0195312476716936,
,,,0.244693,0,
,,,0.244725,0,
,,,0.244757,0,
,,,0.244789,0,
,,,0.244821,0,
,,,0.244853,-0.0214843724388629,
,,,0.244885,0,
,,,0.244917,0,
,,,0.244949,-0.0214843724388629,
,,,0.244981,0,
,,,0.245013,0,
,,,0.245045,0.0390624953433871,
,,,0.245077,0,
,,,0.245109,0,
,,,0.245141,0,
,,,0.245173,0,
,,,0.245205,0,
,,,0.245237,0,
,,,0.245269,0.0195312476716936,
,,,0.245301,0.0390624953433871,
,,,0.245333,0,
,,,0.245365,0,
,,,0.245397,0,
,,,0.245429,0,
,,,0.245461,-0.0410156201105565,
,,,0.245493,0,
,,,0.245525,0,
,,,0.245557,0,
,,,0.245589,0.0195312476716936,
,,,0.245621,0,
,,,0.245653,0.0195312476716936,
,,,0.245685,0.0195312476716936,
,,,0.245717,0.0195312476716936,
,,,0.245749,0,
,,,0.245781,0.0195312476716936,
,,,0.245813,0,
,,,0.245845,0.0195312476716936,
,,,0.245877,0,
,,,0.245909,0,
,,,0.245941,0,
,,,0.245973,0.0195312476716936,
,,,0.246005,0,
,,,0.246037,0.0195312476716936,
,,,0.246069,0,
,,,0.246101,0,
,,,0.246133,0.0195312476716936,
,,,0.246165,0.0195312476716936,
,,,0.246197,0,
,,,0.246229,0.0390624953433871,
,,,0.246261,0,
,,,0.246293,0.0195312476716936,
,,,0.246325,0.0195312476716936,
,,,0.246357,0.0195312476716936,
,,,0.246389,-0.0214843724388629,
,,,0.246421,0.0195312476716936,
,,,0.246453,0.0195312476716936,
,,,0.246485,0.0195312476716936,
,,,0.246517,0,
,,,0.246549,0,
,,,0.246581,0.0195312476716936,
,,,0.246613,0,
,,,0.246645,0.0195312476716936,
,,,0.246677,0.0195312476716936,
,,,0.246709,0,
,,,0.246741,0,
,,,0.246773,0.0195312476716936,
,,,0.246805,0.0195312476716936,
,,,0.246837,0.0195312476716936,
,,,0.246869,0.0195312476716936,
,,,0.246901,0,
,,,0.246933,0,
,,,0.246965,0.0195312476716936,
,,,0.246997,0.0195312476716936,
,,,0.247029,0,
,,,0.247061,0.0195312476716936,
,,,0.247093,0.0195312476716936,
,,,0.247125,0.0195312476716936,
,,,0.247157,-0.0214843724388629,
,,,0.247189,0.0195312476716936,
,,,0.247221,0,
,,,0.247253,0,
,,,0.247285,-0.0214843724388629,
,,,0.247317,0.0195312476716936,
,,,0.247349,0.0195312476716936,
,,,0.247381,0,
,,,0.247413,0.0195312476716936,
,,,0.247445,0.0195312476716936,
,,,0.247477,0,
,,,0.247509,0,
,,,0.247541,0,
,,,0.247573,0.0195312476716936,
,,,0.247605,0,
,,,0.247637,0,
,,,0.247669,0.0195312476716936,
,,,0.247701,-0.0214843724388629,
,,,0.247733,0,
,,,0.247765,0.0195312476716936,
,,,0.247797,0.0195312476716936,
,,,0.247829,0,
,,,0.247861,0.0195312476716936,
,,,0.247893,0,
,,,0.247925,0.0195312476716936,
,,,0.247957,0.0195312476716936,
,,,0.247989,-0.0214843724388629,
,,,0.248021,0,
,,,0.248053,0.0195312476716936,
,,,0.248085,0,
,,,0.248117,0.0195312476716936,
,,,0.248149,0,
,,,0.248181,0,
,,,0.248213,0,
,,,0.248245,0.0195312476716936,
,,,0.248277,0.0195312476716936,
,,,0.248309,0,
,,,0.248341,0,
,,,0.248373,0,
,,,0.248405,0,
,,,0.248437,0.0195312476716936,
,,,0.248469,0.0195312476716936,
,,,0.248501,0.0195312476716936,
,,,0.248533,0,
,,,0.248565,0.0195312476716936,
,,,0.248597,0.0195312476716936,
,,,0.248629,0.0195312476716936,
,,,0.248661,0,
,,,0.248693,0.0195312476716936,
,,,0.248725,0.0195312476716936,
,,,0.248757,0,
,,,0.248789,0.0195312476716936,
,,,0.248821,0,
,,,0.248853,0.0195312476716936,
,,,0.248885,0.0195312476716936,
,,,0.248917,0,
,,,0.248949,0.0195312476716936,
,,,0.248981,0.0195312476716936,
,,,0.249013,0,
,,,0.249045,0,
,,,0.249077,0,
,,,0.249109,0.0195312476716936,
,,,0.249141,0.0195312476716936,
,,,0.249173,0.0195312476716936,
,,,0.249205,0,
,,,0.249237,0.0195312476716936,
,,,0.249269,0.0195312476716936,
,,,0.249301,0,
,,,0.249333,0,
,,,0.249365,0.0195312476716936,
,,,0.249397,0.0195312476716936,
,,,0.249429,0.0390624953433871,
,,,0.249461,0.0195312476716936,
,,,0.249493,0.0195312476716936,
,,,0.249525,0,
,,,0.249557,0,
,,,0.249589,0,
,,,0.249621,0,
,,,0.249653,0.0195312476716936,
,,,0.249685,0.0195312476716936,
,,,0.249717,0,
,,,0.249749,0,
,,,0.249781,0,
,,,0.249813,0.0195312476716936,
,,,0.249845,0,
,,,0.249877,0.0195312476716936,
,,,0.249909,0,
,,,0.249941,0,
,,,0.249973,-0.0214843724388629,
,,,0.250005,0,
,,,0.250037,0.0195312476716936,
,,,0.250069,0.0195312476716936,
,,,0.250101,0.0390624953433871,
,,,0.250133,0.0195312476716936,
,,,0.250165,0,
,,,0.250197,0.0195312476716936,
,,,0.250229,0.0195312476716936,
,,,0.250261,0.0195312476716936,
,,,0.250293,0.0585937430150807,
,,,0.250325,-0.0214843724388629,
,,,0.250357,0.0195312476716936,
,,,0.250389,0.0195312476716936,
,,,0.250421,0,
,,,0.250453,0,
,,,0.250485,0.0195312476716936,
,,,0.250517,0.0195312476716936,
,,,0.250549,0.0390624953433871,
,,,0.250581,0.0195312476716936,
,,,0.250613,0.0195312476716936,
,,,0.250645,0,
,,,0.250677,0,
,,,0.250709,0,
,,,0.250741,0.0195312476716936,
,,,0.250773,0,
,,,0.250805,0.0195312476716936,
,,,0.250837,0.0195312476716936,
,,,0.250869,-0.0214843724388629,
,,,0.250901,0,
,,,0.250933,-0.0214843724388629,
,,,0.250965,0,
,,,0.250997,0.0195312476716936,
,,,0.251029,0,
,,,0.251061,0,
,,,0.251093,0.0195312476716936,
,,,0.251125,0,
,,,0.251157,0,
,,,0.251189,0.0195312476716936,
,,,0.251221,0,
,,,0.251253,0.0195312476716936,
,,,0.251285,0.0195312476716936,
,,,0.251317,0,
,,,0.251349,0.0195312476716936,
,,,0.251381,0.0585937430150807,
,,,0.251413,0.0195312476716936,
,,,0.251445,0.0195312476716936,
,,,0.251477,0.0195312476716936,
,,,0.251509,0.0390624953433871,
,,,0.251541,0.0195312476716936,
,,,0.251573,0.0195312476716936,
,,,0.251605,0.0195312476716936,
,,,0.251637,0,
,,,0.251669,0.0390624953433871,
,,,0.251701,0.0195312476716936,
,,,0.251733,0.0195312476716936,
,,,0.251765,0.0195312476716936,
,,,0.251797,0,
,,,0.251829,0,
,,,0.251861,0,
,,,0.251893,0,
,,,0.251925,0.0195312476716936,
,,,0.251957,0.0195312476716936,
,,,0.251989,0.0195312476716936,
,,,0.252021,0.0195312476716936,
,,,0.252053,0.0195312476716936,
,,,0.252085,0.0195312476716936,
,,,0.252117,0.0195312476716936,
,,,0.252149,0,
,,,0.252181,0.0585937430150807,
,,,0.252213,0.0195312476716936,
,,,0.252245,0.0195312476716936,
,,,0.252277,0.0195312476716936,
,,,0.252309,0.0195312476716936,
,,,0.252341,0.0195312476716936,
,,,0.252373,0.0195312476716936,
,,,0.252405,0.0585937430150807,
,,,0.252437,0.0195312476716936,
,,,0.252469,0.0195312476716936,
,,,0.252501,-0.0214843724388629,
,,,0.252533,0.0390624953433871,
,,,0.252565,0,
,,,0.252597,0.0195312476716936,
,,,0.252629,0,
,,,0.252661,0.0195312476716936,
,,,0.252693,0.0195312476716936,
,,,0.252725,-0.0214843724388629,
,,,0.252757,0.0195312476716936,
,,,0.252789,0.0195312476716936,
,,,0.252821,0.0195312476716936,
,,,0.252853,0.0195312476716936,
,,,0.252885,0,
,,,0.252917,0.0195312476716936,
,,,0.252949,0.0195312476716936,
,,,0.252981,0.0195312476716936,
,,,0.253013,0.0195312476716936,
,,,0.253045,0.0390624953433871,
,,,0.253077,0.0195312476716936,
,,,0.253109,-0.06054686778225,
,,,0.253141,0.0195312476716936,
,,,0.253173,-0.0214843724388629,
,,,0.253205,0.0195312476716936,
,,,0.253237,-0.0214843724388629,
,,,0.253269,0.0390624953433871,
,,,0.253301,0.0390624953433871,
,,,0.253333,0.0195312476716936,
,,,0.253365,0,
,,,0.253397,0.0195312476716936,
,,,0.253429,-0.0214843724388629,
,,,0.253461,0,
,,,0.253493,0.0195312476716936,
,,,0.253525,0.0195312476716936,
,,,0.253557,0,
,,,0.253589,0.0195312476716936,
,,,0.253621,0.0195312476716936,
,,,0.253653,0,
,,,0.253685,0,
,,,0.253717,0.0195312476716936,
,,,0.253749,0.0195312476716936,
,,,0.253781,0.0195312476716936,
,,,0.253813,0.0195312476716936,
,,,0.253845,0.0195312476716936,
,,,0.253877,0,
,,,0.253909,0,
,,,0.253941,0,
,,,0.253973,0,
,,,0.254005,0.0195312476716936,
,,,0.254037,0.0195312476716936,
,,,0.254069,0.0195312476716936,
,,,0.254101,0,
,,,0.254133,0,
,,,0.254165,0.0195312476716936,
,,,0.254197,0,
,,,0.254229,0,
,,,0.254261,0.0195312476716936,
,,,0.254293,0.0195312476716936,
,,,0.254325,0.0195312476716936,
,,,0.254357,0.0195312476716936,
,,,0.254389,0.0195312476716936,
,,,0.254421,0.0390624953433871,
,,,0.254453,0,
,,,0.254485,0,
,,,0.254517,0.0195312476716936,
,,,0.254549,0.0195312476716936,
,,,0.254581,0.0195312476716936,
,,,0.254613,0.0195312476716936,
,,,0.254645,0,
,,,0.254677,0.0390624953433871,
,,,0.254709,0,
,,,0.254741,0.0195312476716936,
,,,0.254773,0.0195312476716936,
,,,0.254805,0.0195312476716936,
,,,0.254837,0,
,,,0.254869,0,
,,,0.254901,-0.0410156201105565,
,,,0.254933,0.0195312476716936,
,,,0.254965,0.0390624953433871,
,,,0.254997,0.0195312476716936,
,,,0.255029,0.0195312476716936,
,,,0.255061,0.0195312476716936,
,,,0.255093,0.0195312476716936,
,,,0.255125,0.0195312476716936,
,,,0.255157,0,
,,,0.255189,0,
,,,0.255221,0.0195312476716936,
,,,0.255253,0.0195312476716936,
,,,0.255285,0,
,,,0.255317,0.0390624953433871,
,,,0.255349,-0.0214843724388629,
,,,0.255381,0.0195312476716936,
,,,0.255413,0.0195312476716936,
,,,0.255445,0,
,,,0.255477,0,
,,,0.255509,-0.0214843724388629,
,,,0.255541,0.0195312476716936,
,,,0.255573,0,
,,,0.255605,0,
,,,0.255637,0.0390624953433871,
,,,0.255669,0.0195312476716936,
,,,0.255701,0,
,,,0.255733,0,
,,,0.255765,0,
,,,0.255797,0,
,,,0.255829,0,
,,,0.255861,0,
,,,0.255893,0.0195312476716936,
,,,0.255925,0,
,,,0.255957,-0.0214843724388629,
,,,0.255989,0,
,,,0.256021,0.0195312476716936,
,,,0.256053,0,
,,,0.256085,0,
,,,0.256117,0,
,,,0.256149,0,
,,,0.256181,0.0390624953433871,
,,,0.256213,0,
,,,0.256245,0.0195312476716936,
,,,0.256277,0,
,,,0.256309,0,
,,,0.256341,0,
,,,0.256373,0,
,,,0.256405,0,
,,,0.256437,-0.0410156201105565,
,,,0.256469,0,
,,,0.256501,-0.0214843724388629,
,,,0.256533,0.0195312476716936,
,,,0.256565,0,
,,,0.256597,0,
,,,0.256629,0.0195312476716936,
,,,0.256661,0.0195312476716936,
,,,0.256693,0.0195312476716936,
,,,0.256725,0,
,,,0.256757,0,
,,,0.256789,0,
,,,0.256821,0,
,,,0.256853,0,
,,,0.256885,-0.0214843724388629,
,,,0.256917,0,
,,,0.256949,0.0195312476716936,
,,,0.256981,-0.0214843724388629,
,,,0.257013,0.0195312476716936,
,,,0.257045,0,
,,,0.257077,0,
,,,0.257109,0,
,,,0.257141,0.0195312476716936,
,,,0.257173,0,
,,,0.257205,0.0390624953433871,
,,,0.257237,0,
,,,0.257269,0,
,,,0.257301,0,
,,,0.257333,0.0195312476716936,
,,,0.257365,0.0195312476716936,
,,,0.257397,0.0195312476716936,
,,,0.257429,0,
,,,0.257461,0.0195312476716936,
,,,0.257493,0,
,,,0.257525,0,
,,,0.257557,0.0195312476716936,
,,,0.257589,0.0195312476716936,
,,,0.257621,0.0195312476716936,
,,,0.257653,0.0195312476716936,
,,,0.257685,0,
,,,0.257717,-0.0214843724388629,
,,,0.257749,0.0195312476716936,
,,,0.257781,0,
,,,0.257813,0.0195312476716936,
,,,0.257845,0.0195312476716936,
,,,0.257877,0,
,,,0.257909,0.0195312476716936,
,,,0.257941,0.0195312476716936,
,,,0.257973,0,
,,,0.258005,0.0195312476716936,
,,,0.258037,0,
,,,0.258069,0.0195312476716936,
,,,0.258101,0,
,,,0.258133,0.0195312476716936,
,,,0.258165,0,
,,,0.258197,0.0195312476716936,
,,,0.258229,0,
,,,0.258261,0,
,,,0.258293,0.0195312476716936,
,,,0.258325,0.0195312476716936,
,,,0.258357,0,
,,,0.258389,0.0195312476716936,
,,,0.258421,0,
,,,0.258453,0,
,,,0.258485,0.0195312476716936,
,,,0.258517,0.0195312476716936,
,,,0.258549,0,
,,,0.258581,0.0195312476716936,
,,,0.258613,0.0195312476716936,
,,,0.258645,0,
,,,0.258677,0,
,,,0.258709,0.0195312476716936,
,,,0.258741,0,
,,,0.258773,0,
,,,0.258805,0.0195312476716936,
,,,0.258837,0.0195312476716936,
,,,0.258869,-0.0214843724388629,
,,,0.258901,0,
,,,0.258933,-0.0800781154539436,
,,,0.258965,-0.0214843724388629,
,,,0.258997,0.0195312476716936,
,,,0.259029,0.0195312476716936,
,,,0.259061,0.0195312476716936,
,,,0.259093,0.0195312476716936,
,,,0.259125,0.0195312476716936,
,,,0.259157,0.0195312476716936,
,,,0.259189,0.0195312476716936,
,,,0.259221,0,
,,,0.259253,0,
,,,0.259285,0.0195312476716936,
,,,0.259317,0.0195312476716936,
,,,0.259349,0.0195312476716936,
,,,0.259381,-0.0410156201105565,
,,,0.259413,0.0195312476716936,
,,,0.259445,-0.0214843724388629,
,,,0.259477,0,
,,,0.259509,0,
,,,0.259541,0,
,,,0.259573,0.0585937430150807,
,,,0.259605,0,
,,,0.259637,0.0195312476716936,
,,,0.259669,0,
,,,0.259701,0.0195312476716936,
,,,0.259733,0.0195312476716936,
,,,0.259765,0.0195312476716936,
,,,0.259797,0.0195312476716936,
,,,0.259829,0,
,,,0.259861,0,
,,,0.259893,0.0195312476716936,
,,,0.259925,0.0195312476716936,
,,,0.259957,0,
,,,0.259989,-0.0214843724388629,
,,,0.260021,0.0390624953433871,
,,,0.260053,0.0195312476716936,
,,,0.260085,0,
,,,0.260117,0.0195312476716936,
,,,0.260149,0,
,,,0.260181,0,
,,,0.260213,0.0195312476716936,
,,,0.260245,0.0195312476716936,
,,,0.260277,0,
,,,0.260309,0,
,,,0.260341,0,
,,,0.260373,0,
,,,0.260405,0.0195312476716936,
,,,0.260437,0,
,,,0.260469,0,
,,,0.260501,0,
,,,0.260533,0,
,,,0.260565,0.0195312476716936,
,,,0.260597,0.0195312476716936,
,,,0.260629,0,
,,,0.260661,-0.0214843724388629,
,,,0.260693,-0.0214843724388629,
,,,0.260725,0.0195312476716936,
,,,0.260757,0,
,,,0.260789,0,
,,,0.260821,0,
,,,0.260853,0.0195312476716936,
,,,0.260885,0,
,,,0.260917,0,
,,,0.260949,0.0195312476716936,
,,,0.260981,0,
,,,0.261013,0.0195312476716936,
,,,0.261045,-0.0214843724388629,
,,,0.261077,0.0195312476716936,
,,,0.261109,0,
,,,0.261141,0.0195312476716936,
,,,0.261173,0.0195312476716936,
,,,0.261205,-0.0214843724388629,
,,,0.261237,0.0195312476716936,
,,,0.261269,0,
,,,0.261301,0.0390624953433871,
,,,0.261333,0,
,,,0.261365,0.0195312476716936,
,,,0.261397,0.0195312476716936,
,,,0.261429,0,
,,,0.261461,0.0195312476716936,
,,,0.261493,0.0195312476716936,
,,,0.261525,0.0195312476716936,
,,,0.261557,0.0195312476716936,
,,,0.261589,0,
,,,0.261621,0,
,,,0.261653,0,
,,,0.261685,0,
,,,0.261717,0,
,,,0.261749,0,
,,,0.261781,0.0195312476716936,
,,,0.261813,0,
,,,0.261845,0.0195312476716936,
,,,0.261877,0,
,,,0.261909,0,
,,,0.261941,0.0195312476716936,
,,,0.261973,0.0195312476716936,
,,,0.262005,0.0390624953433871,
,,,0.262037,0,
,,,0.262069,0.0390624953433871,
,,,0.262101,0,
,,,0.262133,0,
,,,0.262165,0.0195312476716936,
,,,0.262197,0.0195312476716936,
,,,0.262229,0.0195312476716936,
,,,0.262261,0,
,,,0.262293,0,
,,,0.262325,0,
,,,0.262357,0,
,,,0.262389,0.0195312476716936,
,,,0.262421,-0.0410156201105565,
,,,0.262453,0,
,,,0.262485,0.0195312476716936,
,,,0.262517,0,
,,,0.262549,0.0195312476716936,
,,,0.262581,0,
,,,0.262613,0,
,,,0.262645,0.0195312476716936,
,,,0.262677,0.0195312476716936,
,,,0.262709,0,
,,,0.262741,0,
,,,0.262773,0.0195312476716936,
,,,0.262805,0.0195312476716936,
,,,0.262837,0,
,,,0.262869,0,
,,,0.262901,0.0195312476716936,
,,,0.262933,0.0195312476716936,
,,,0.262965,0,
,,,0.262997,0,
,,,0.263029,0.0195312476716936,
,,,0.263061,0,
,,,0.263093,0.0195312476716936,
,,,0.263125,0.0195312476716936,
,,,0.263157,0,
,,,0.263189,0.0195312476716936,
,,,0.263221,0.0195312476716936,
,,,0.263253,0.0195312476716936,
,,,0.263285,-0.0214843724388629,
,,,0.263317,0.0195312476716936,
,,,0.263349,0.0195312476716936,
,,,0.263381,0.0195312476716936,
,,,0.263413,0.0195312476716936,
,,,0.263445,0.0195312476716936,
,,,0.263477,0.0195312476716936,
,,,0.263509,0,
,,,0.263541,0.0195312476716936,
,,,0.263573,0.0195312476716936,
,,,0.263605,0.0195312476716936,
,,,0.263637,0,
,,,0.263669,0,
,,,0.263701,0,
,,,0.263733,0.0195312476716936,
,,,0.263765,0,
,,,0.263797,-0.0214843724388629,
,,,0.263829,0,
,,,0.263861,-0.0214843724388629,
,,,0.263893,0.0195312476716936,
,,,0.263925,0.0195312476716936,
,,,0.263957,-0.0214843724388629,
,,,0.263989,0,
,,,0.264021,0.0195312476716936,
,,,0.264053,-0.0214843724388629,
,,,0.264085,0,
,,,0.264117,0,
,,,0.264149,0.0195312476716936,
,,,0.264181,0.0195312476716936,
,,,0.264213,0.0195312476716936,
,,,0.264245,0.0195312476716936,
,,,0.264277,0,
,,,0.264309,0,
,,,0.264341,0.0195312476716936,
,,,0.264373,0.0195312476716936,
,,,0.264405,0,
,,,0.264437,0.0195312476716936,
,,,0.264469,0,
,,,0.264501,-0.0214843724388629,
,,,0.264533,0.0195312476716936,
,,,0.264565,0.0195312476716936,
,,,0.264597,0,
,,,0.264629,0.0195312476716936,
,,,0.264661,0,
,,,0.264693,0,
,,,0.264725,0.0195312476716936,
,,,0.264757,0.0195312476716936,
,,,0.264789,0.0195312476716936,
,,,0.264821,0,
,,,0.264853,0.0195312476716936,
,,,0.264885,0,
,,,0.264917,0,
,,,0.264949,0.0195312476716936,
,,,0.264981,0,
,,,0.265013,0.0195312476716936,
,,,0.265045,0.0195312476716936,
,,,0.265077,0.0195312476716936,
,,,0.265109,0,
,,,0.265141,0.0195312476716936,
,,,0.265173,-0.0410156201105565,
,,,0.265205,0,
,,,0.265237,0,
,,,0.265269,0,
,,,0.265301,0.0195312476716936,
,,,0.265333,0.0195312476716936,
,,,0.265365,0,
,,,0.265397,0,
,,,0.265429,0,
,,,0.265461,0,
,,,0.265493,0.0195312476716936,
,,,0.265525,0.0195312476716936,
,,,0.265557,0.0195312476716936,
,,,0.265589,0,
,,,0.265621,0,
,,,0.265653,0.0390624953433871,
,,,0.265685,0,
,,,0.265717,0,
,,,0.265749,0.0195312476716936,
,,,0.265781,0,
,,,0.265813,0,
,,,0.265845,0,
,,,0.265877,0,
,,,0.265909,0.0195312476716936,
,,,0.265941,0.0195312476716936,
,,,0.265973,0,
,,,0.266005,0.0195312476716936,
,,,0.266037,0,
,,,0.266069,0.0195312476716936,
,,,0.266101,0.0195312476716936,
,,,0.266133,0.0195312476716936,
,,,0.266165,0.0195312476716936,
,,,0.266197,0,
,,,0.266229,0.0195312476716936,
,,,0.266261,0.0195312476716936,
,,,0.266293,0,
,,,0.266325,0.0390624953433871,
,,,0.266357,0,
,,,0.266389,0,
,,,0.266421,0.0390624953433871,
,,,0.266453,0.0195312476716936,
,,,0.266485,0.0390624953433871,
,,,0.266517,0,
,,,0.266549,0.0195312476716936,
,,,0.266581,0.0195312476716936,
,,,0.266613,0,
,,,0.266645,0.0195312476716936,
,,,0.266677,0.0195312476716936,
,,,0.266709,0,
,,,0.266741,0.0195312476716936,
,,,0.266773,0.0195312476716936,
,,,0.266805,0,
,,,0.266837,0.0195312476716936,
,,,0.266869,0,
,,,0.266901,0,
,,,0.266933,0.0195312476716936,
,,,0.266965,0.0195312476716936,
,,,0.266997,0,
,,,0.267029,0,
,,,0.267061,0.0195312476716936,
,,,0.267093,0.0195312476716936,
,,,0.267125,0.0390624953433871,
,,,0.267157,0,
,,,0.267189,0.0195312476716936,
,,,0.267221,0.0195312476716936,
,,,0.267253,0,
,,,0.267285,0.0195312476716936,
,,,0.267317,0,
,,,0.267349,0.0195312476716936,
,,,0.267381,0,
,,,0.267413,0.0195312476716936,
,,,0.267445,0.0195312476716936,
,,,0.267477,0.0195312476716936,
,,,0.267509,0.0390624953433871,
,,,0.267541,0.0195312476716936,
,,,0.267573,0,
,,,0.267605,-0.0800781154539436,
,,,0.267637,0.0195312476716936,
,,,0.267669,0.0195312476716936,
,,,0.267701,0.0195312476716936,
,,,0.267733,0,
,,,0.267765,0.0195312476716936,
,,,0.267797,0.0195312476716936,
,,,0.267829,0,
,,,0.267861,0.0195312476716936,
,,,0.267893,0.0195312476716936,
,,,0.267925,0.0195312476716936,
,,,0.267957,-0.0214843724388629,
,,,0.267989,0.0195312476716936,
,,,0.268021,0.0195312476716936,
,,,0.268053,0.0195312476716936,
,,,0.268085,0.0195312476716936,
,,,0.268117,0.0195312476716936,
,,,0.268149,0.0195312476716936,
,,,0.268181,-0.0410156201105565,
,,,0.268213,0.0195312476716936,
,,,0.268245,0.0195312476716936,
,,,0.268277,0,
,,,0.268309,0,
,,,0.268341,0.0195312476716936,
,,,0.268373,0.0195312476716936,
,,,0.268405,0,
,,,0.268437,0,
,,,0.268469,0.0195312476716936,
,,,0.268501,0,
,,,0.268533,0.0195312476716936,
,,,0.268565,0.0195312476716936,
,,,0.268597,0.0195312476716936,
,,,0.268629,0.0195312476716936,
,,,0.268661,0.0390624953433871,
,,,0.268693,-0.0214843724388629,
,,,0.268725,0.0195312476716936,
,,,0.268757,0,
,,,0.268789,0,
,,,0.268821,0,
,,,0.268853,0.0195312476716936,
,,,0.268885,0,
,,,0.268917,0,
,,,0.268949,0.0195312476716936,
,,,0.268981,0.0195312476716936,
,,,0.269013,0,
,,,0.269045,0.0195312476716936,
,,,0.269077,0.0195312476716936,
,,,0.269109,0.0195312476716936,
,,,0.269141,0.0195312476716936,
,,,0.269173,0,
,,,0.269205,0.0195312476716936,
,,,0.269237,0,
,,,0.269269,0,
,,,0.269301,0.0195312476716936,
,,,0.269333,0.0195312476716936,
,,,0.269365,0.0195312476716936,
,,,0.269397,0,
,,,0.269429,0.0195312476716936,
,,,0.269461,0.0195312476716936,
,,,0.269493,0,
,,,0.269525,0.0195312476716936,
,,,0.269557,0.0195312476716936,
,,,0.269589,0.0195312476716936,
,,,0.269621,0,
,,,0.269653,0,
,,,0.269685,-0.0800781154539436,
,,,0.269717,0,
,,,0.269749,0.0195312476716936,
,,,0.269781,0.0195312476716936,
,,,0.269813,-0.0214843724388629,
,,,0.269845,0,
,,,0.269877,0,
,,,0.269909,0.0195312476716936,
,,,0.269941,0,
,,,0.269973,0.0195312476716936,
,,,0.270005,0,
,,,0.270037,0.0195312476716936,
,,,0.270069,0.0195312476716936,
,,,0.270101,0.0390624953433871,
,,,0.270133,0.0195312476716936,
,,,0.270165,0.0195312476716936,
,,,0.270197,0.0195312476716936,
,,,0.270229,0.0195312476716936,
,,,0.270261,0,
,,,0.270293,0.0195312476716936,
,,,0.270325,0.0195312476716936,
,,,0.270357,0.0195312476716936,
,,,0.270389,0.0390624953433871,
,,,0.270421,0.0195312476716936,
,,,0.270453,0.0195312476716936,
,,,0.270485,0,
,,,0.270517,-0.0214843724388629,
,,,0.270549,0,
,,,0.270581,0,
,,,0.270613,0,
,,,0.270645,0,
,,,0.270677,0,
,,,0.270709,0,
,,,0.270741,0,
,,,0.270773,0,
,,,0.270805,0,
,,,0.270837,0.0390624953433871,
,,,0.270869,0,
,,,0.270901,0,
,,,0.270933,0,
,,,0.270965,0,
,,,0.270997,0.0195312476716936,
,,,0.271029,0,
,,,0.271061,0,
,,,0.271093,0,
,,,0.271125,0.0195312476716936,
,,,0.271157,0,
,,,0.271189,0.0195312476716936,
,,,0.271221,0,
,,,0.271253,0.0195312476716936,
,,,0.271285,0.0195312476716936,
,,,0.271317,0,
,,,0.271349,0.0195312476716936,
,,,0.271381,0.0195312476716936,
,,,0.271413,0,
,,,0.271445,0,
,,,0.271477,0.0195312476716936,
,,,0.271509,0.0195312476716936,
,,,0.271541,0,
,,,0.271573,0.0195312476716936,
,,,0.271605,0,
,,,0.271637,0.0195312476716936,
,,,0.271669,0.0195312476716936,
,,,0.271701,0,
,,,0.271733,0,
,,,0.271765,0,
,,,0.271797,0.0195312476716936,
,,,0.271829,0,
,,,0.271861,0.0195312476716936,
,,,0.271893,0,
,,,0.271925,0.0195312476716936,
,,,0.271957,0.0195312476716936,
,,,0.271989,0.0195312476716936,
,,,0.272021,0.0195312476716936,
,,,0.272053,0.0195312476716936,
,,,0.272085,0,
,,,0.272117,0,
,,,0.272149,-0.0214843724388629,
,,,0.272181,0,
,,,0.272213,0,
,,,0.272245,0,
,,,0.272277,0,
,,,0.272309,0.0390624953433871,
,,,0.272341,0,
,,,0.272373,0,
,,,0.272405,0.0195312476716936,
,,,0.272437,0,
,,,0.272469,0.0195312476716936,
,,,0.272501,0.0195312476716936,
,,,0.272533,0,
,,,0.272565,0.0195312476716936,
,,,0.272597,0,
,,,0.272629,0.0195312476716936,
,,,0.272661,0,
,,,0.272693,0,
,,,0.272725,0.0195312476716936,
,,,0.272757,0,
,,,0.272789,0,
,,,0.272821,0,
,,,0.272853,0,
,,,0.272885,0,
,,,0.272917,0,
,,,0.272949,0,
,,,0.272981,-0.0214843724388629,
,,,0.273013,0,
,,,0.273045,0,
,,,0.273077,0,
,,,0.273109,0,
,,,0.273141,0.0195312476716936,
,,,0.273173,-0.0214843724388629,
,,,0.273205,0,
,,,0.273237,0.0195312476716936,
,,,0.273269,-0.0214843724388629,
,,,0.273301,0,
,,,0.273333,0.0195312476716936,
,,,0.273365,0,
,,,0.273397,0,
,,,0.273429,0,
,,,0.273461,0.0195312476716936,
,,,0.273493,0,
,,,0.273525,0,
,,,0.273557,0,
,,,0.273589,0,
,,,0.273621,0.0195312476716936,
,,,0.273653,0.0195312476716936,
,,,0.273685,0.0195312476716936,
,,,0.273717,0,
,,,0.273749,0,
,,,0.273781,0.0195312476716936,
,,,0.273813,0,
,,,0.273845,0.0390624953433871,
,,,0.273877,0.0195312476716936,
,,,0.273909,0.0195312476716936,
,,,0.273941,0.0195312476716936,
,,,0.273973,0.0195312476716936,
,,,0.274005,0,
,,,0.274037,0.0195312476716936,
,,,0.274069,0,
,,,0.274101,0.0195312476716936,
,,,0.274133,0,
,,,0.274165,0,
,,,0.274197,0,
,,,0.274229,-0.0214843724388629,
,,,0.274261,0.0195312476716936,
,,,0.274293,0,
,,,0.274325,-0.0214843724388629,
,,,0.274357,0.0195312476716936,
,,,0.274389,0,
,,,0.274421,0.0195312476716936,
,,,0.274453,0,
,,,0.274485,-0.0214843724388629,
,,,0.274517,0.0195312476716936,
,,,0.274549,0.0195312476716936,
,,,0.274581,-0.0214843724388629,
,,,0.274613,0.0195312476716936,
,,,0.274645,0,
,,,0.274677,0,
,,,0.274709,0.0195312476716936,
,,,0.274741,0.0195312476716936,
,,,0.274773,0.0195312476716936,
,,,0.274805,0.0390624953433871,
,,,0.274837,0,
,,,0.274869,0,
,,,0.274901,-0.0214843724388629,
,,,0.274933,0.0195312476716936,
,,,0.274965,0.0195312476716936,
,,,0.274997,0,
,,,0.275029,0,
,,,0.275061,0,
,,,0.275093,0.0390624953433871,
,,,0.275125,0.0195312476716936,
,,,0.275157,0.0195312476716936,
,,,0.275189,0,
,,,0.275221,0.0195312476716936,
,,,0.275253,0.0195312476716936,
,,,0.275285,0.0195312476716936,
,,,0.275317,0.0390624953433871,
,,,0.275349,0.0195312476716936,
,,,0.275381,0,
,,,0.275413,0.0195312476716936,
,,,0.275445,0.0195312476716936,
,,,0.275477,0.0195312476716936,
,,,0.275509,0,
,,,0.275541,-0.0214843724388629,
,,,0.275573,0,
,,,0.275605,0.0195312476716936,
,,,0.275637,0.0195312476716936,
,,,0.275669,0.0195312476716936,
,,,0.275701,0.0195312476716936,
,,,0.275733,0.0195312476716936,
,,,0.275765,0.0195312476716936,
,,,0.275797,-0.0214843724388629,
,,,0.275829,0,
,,,0.275861,-0.0214843724388629,
,,,0.275893,0.0195312476716936,
,,,0.275925,0.0195312476716936,
,,,0.275957,0.0195312476716936,
,,,0.275989,0,
,,,0.276021,0,
,,,0.276053,0.0195312476716936,
,,,0.276085,-0.0800781154539436,
,,,0.276117,0.0195312476716936,
,,,0.276149,0.0195312476716936,
,,,0.276181,0.0195312476716936,
,,,0.276213,0.0195312476716936,
,,,0.276245,0,
,,,0.276277,0.0195312476716936,
,,,0.276309,0.0195312476716936,
,,,0.276341,-0.0214843724388629,
,,,0.276373,0.0195312476716936,
,,,0.276405,0.0195312476716936,
,,,0.276437,0.0195312476716936,
,,,0.276469,0.0195312476716936,
,,,0.276501,0.0195312476716936,
,,,0.276533,0,
,,,0.276565,0,
,,,0.276597,0.0195312476716936,
,,,0.276629,-0.0214843724388629,
,,,0.276661,0.0195312476716936,
,,,0.276693,0,
,,,0.276725,0,
,,,0.276757,0,
,,,0.276789,0.0195312476716936,
,,,0.276821,0,
,,,0.276853,0.0195312476716936,
,,,0.276885,0.0390624953433871,
,,,0.276917,0,
,,,0.276949,0.0195312476716936,
,,,0.276981,0.0195312476716936,
,,,0.277013,0,
,,,0.277045,-0.0214843724388629,
,,,0.277077,0.0195312476716936,
,,,0.277109,0,
,,,0.277141,0.0195312476716936,
,,,0.277173,0,
,,,0.277205,0,
,,,0.277237,0.0195312476716936,
,,,0.277269,0,
,,,0.277301,0.0195312476716936,
,,,0.277333,0,
,,,0.277365,0.0195312476716936,
,,,0.277397,0.0195312476716936,
,,,0.277429,0,
,,,0.277461,0,
,,,0.277493,0.0195312476716936,
,,,0.277525,0,
,,,0.277557,0.0195312476716936,
,,,0.277589,0,
,,,0.277621,0,
,,,0.277653,0,
,,,0.277685,0.0195312476716936,
,,,0.277717,0.0195312476716936,
,,,0.277749,0,
,,,0.277781,0.0195312476716936,
,,,0.277813,0,
,,,0.277845,0.0195312476716936,
,,,0.277877,0,
,,,0.277909,0,
,,,0.277941,0,
,,,0.277973,0,
,,,0.278005,0,
,,,0.278037,0.0195312476716936,
,,,0.278069,0.0195312476716936,
,,,0.278101,0,
,,,0.278133,0,
,,,0.278165,0,
,,,0.278197,0,
,,,0.278229,0,
,,,0.278261,0,
,,,0.278293,-0.0214843724388629,
,,,0.278325,-0.0214843724388629,
,,,0.278357,-0.0214843724388629,
,,,0.278389,-0.0214843724388629,
,,,0.278421,0,
,,,0.278453,0,
,,,0.278485,0.0390624953433871,
,,,0.278517,0,
,,,0.278549,0,
,,,0.278581,0,
,,,0.278613,0,
,,,0.278645,0.0195312476716936,
,,,0.278677,0,
,,,0.278709,-0.0214843724388629,
,,,0.278741,0.0195312476716936,
,,,0.278773,0,
,,,0.278805,0.0390624953433871,
,,,0.278837,0.0195312476716936,
,,,0.278869,0.0195312476716936,
,,,0.278901,-0.0800781154539436,
,,,0.278933,0,
,,,0.278965,0.0195312476716936,
,,,0.278997,0,
,,,0.279029,0,
,,,0.279061,0,
,,,0.279093,0,
,,,0.279125,0.0390624953433871,
,,,0.279157,0,
,,,0.279189,0,
,,,0.279221,0.0195312476716936,
,,,0.279253,0,
,,,0.279285,0.0195312476716936,
,,,0.279317,0.0195312476716936,
,,,0.279349,0,
,,,0.279381,0.0195312476716936,
,,,0.279413,0.0195312476716936,
,,,0.279445,0.0195312476716936,
,,,0.279477,0.0195312476716936,
,,,0.279509,0.0195312476716936,
,,,0.279541,0,
,,,0.279573,0.0195312476716936,
,,,0.279605,0.0195312476716936,
,,,0.279637,0,
,,,0.279669,0.0195312476716936,
,,,0.279701,0.0390624953433871,
,,,0.279733,-0.0214843724388629,
,,,0.279765,0,
,,,0.279797,0,
,,,0.279829,0.0195312476716936,
,,,0.279861,0,
,,,0.279893,0,
,,,0.279925,0,
,,,0.279957,0,
,,,0.279989,0.0195312476716936,
,,,0.280021,0,
,,,0.280053,0.0195312476716936,
,,,0.280085,0,
,,,0.280117,0,
,,,0.280149,0.0195312476716936,
,,,0.280181,0,
,,,0.280213,0.0195312476716936,
,,,0.280245,0.0195312476716936,
,,,0.280277,0.0195312476716936,
,,,0.280309,-0.0214843724388629,
,,,0.280341,0.0195312476716936,
,,,0.280373,0.0195312476716936,
,,,0.280405,0.0195312476716936,
,,,0.280437,0,
,,,0.280469,0.0195312476716936,
,,,0.280501,0.0195312476716936,
,,,0.280533,0.0195312476716936,
,,,0.280565,0.0195312476716936,
,,,0.280597,0,
,,,0.280629,0.0195312476716936,
,,,0.280661,0.0195312476716936,
,,,0.280693,0.0195312476716936,
,,,0.280725,0,
,,,0.280757,0.0195312476716936,
,,,0.280789,-0.0214843724388629,
,,,0.280821,0.0195312476716936,
,,,0.280853,0.0195312476716936,
,,,0.280885,0.0195312476716936,
,,,0.280917,0,
,,,0.280949,0.0195312476716936,
,,,0.280981,0,
,,,0.281013,0.0195312476716936,
,,,0.281045,0,
,,,0.281077,0.0195312476716936,
,,,0.281109,0.0195312476716936,
,,,0.281141,0.0195312476716936,
,,,0.281173,-0.0214843724388629,
,,,0.281205,0.0195312476716936,
,,,0.281237,0,
,,,0.281269,0.0195312476716936,
,,,0.281301,0.0195312476716936,
,,,0.281333,0.0390624953433871,
,,,0.281365,0,
,,,0.281397,0.0195312476716936,
,,,0.281429,0.0195312476716936,
,,,0.281461,0.0195312476716936,
,,,0.281493,-0.0214843724388629,
,,,0.281525,0,
,,,0.281557,0.0195312476716936,
,,,0.281589,0.0195312476716936,
,,,0.281621,0.0195312476716936,
,,,0.281653,0.0195312476716936,
,,,0.281685,0.0195312476716936,
,,,0.281717,0,
,,,0.281749,-0.0214843724388629,
,,,0.281781,-0.0214843724388629,
,,,0.281813,0.0195312476716936,
,,,0.281845,0.0195312476716936,
,,,0.281877,0.0195312476716936,
,,,0.281909,0.0195312476716936,
,,,0.281941,0.0195312476716936,
,,,0.281973,0,
,,,0.282005,0.0195312476716936,
,,,0.282037,0,
,,,0.282069,0.0390624953433871,
,,,0.282101,0.0195312476716936,
,,,0.282133,0.0195312476716936,
,,,0.282165,0.0195312476716936,
,,,0.282197,0,
,,,0.282229,0.0195312476716936,
,,,0.282261,0,
,,,0.282293,0.0195312476716936,
,,,0.282325,0,
,,,0.282357,0,
,,,0.282389,0.0195312476716936,
,,,0.282421,0,
,,,0.282453,0.0195312476716936,
,,,0.282485,0,
,,,0.282517,0.0195312476716936,
,,,0.282549,0,
,,,0.282581,0,
,,,0.282613,0,
,,,0.282645,0,
,,,0.282677,0.0195312476716936,
,,,0.282709,0.0195312476716936,
,,,0.282741,0.0195312476716936,
,,,0.282773,0.0195312476716936,
,,,0.282805,0,
,,,0.282837,0.0195312476716936,
,,,0.282869,0.0195312476716936,
,,,0.282901,0,
,,,0.282933,0.0195312476716936,
,,,0.282965,0.0195312476716936,
,,,0.282997,0.0195312476716936,
,,,0.283029,0,
,,,0.283061,0.0195312476716936,
,,,0.283093,0.0195312476716936,
,,,0.283125,0.0195312476716936,
,,,0.283157,0,
,,,0.283189,0.0195312476716936,
,,,0.283221,0.0195312476716936,
,,,0.283253,0,
,,,0.283285,-0.0214843724388629,
,,,0.283317,0.0195312476716936,
,,,0.283349,0.0195312476716936,
,,,0.283381,0.0195312476716936,
,,,0.283413,0.0195312476716936,
,,,0.283445,0.0195312476716936,
,,,0.283477,0,
,,,0.283509,0.0195312476716936,
,,,0.283541,0,
,,,0.283573,0,
,,,0.283605,0.0195312476716936,
,,,0.283637,0.0195312476716936,
,,,0.283669,0.0195312476716936,
,,,0.283701,0.0195312476716936,
,,,0.283733,0.0195312476716936,
,,,0.283765,0.0195312476716936,
,,,0.283797,0.0195312476716936,
,,,0.283829,0.0390624953433871,
,,,0.283861,0,
,,,0.283893,0.0195312476716936,
,,,0.283925,0,
,,,0.283957,0.0195312476716936,
,,,0.283989,0.0195312476716936,
,,,0.284021,0.0195312476716936,
,,,0.284053,0.0195312476716936,
,,,0.284085,0.0195312476716936,
,,,0.284117,0.0195312476716936,
,,,0.284149,0,
,,,0.284181,0.0195312476716936,
,,,0.284213,0.0195312476716936,
,,,0.284245,0,
,,,0.284277,0,
,,,0.284309,0,
,,,0.284341,0.0195312476716936,
,,,0.284373,-0.0214843724388629,
,,,0.284405,0.0195312476716936,
,,,0.284437,-0.0214843724388629,
,,,0.284469,0.0195312476716936,
,,,0.284501,0.0195312476716936,
,,,0.284533,0.0195312476716936,
,,,0.284565,0.0195312476716936,
,,,0.284597,0,
,,,0.284629,0,
,,,0.284661,0.0195312476716936,
,,,0.284693,0,
,,,0.284725,0.0195312476716936,
,,,0.284757,0.0195312476716936,
,,,0.284789,0.0195312476716936,
,,,0.284821,0.0195312476716936,
,,,0.284853,0,
,,,0.284885,0.0195312476716936,
,,,0.284917,0,
,,,0.284949,0.0195312476716936,
,,,0.284981,0.0195312476716936,
,,,0.285013,0.0195312476716936,
,,,0.285045,0.0195312476716936,
,,,0.285077,-0.0214843724388629,
,,,0.285109,0,
,,,0.285141,0,
,,,0.285173,0,
,,,0.285205,0,
,,,0.285237,0.0195312476716936,
,,,0.285269,0.0195312476716936,
,,,0.285301,0.0195312476716936,
,,,0.285333,0.0195312476716936,
,,,0.285365,0.0195312476716936,
,,,0.285397,0.0195312476716936,
,,,0.285429,0,
,,,0.285461,0.0195312476716936,
,,,0.285493,0.0195312476716936,
,,,0.285525,0.0195312476716936,
,,,0.285557,0,
,,,0.285589,0.0195312476716936,
,,,0.285621,0,
,,,0.285653,0.0195312476716936,
,,,0.285685,0.0195312476716936,
,,,0.285717,0.0195312476716936,
,,,0.285749,0.0195312476716936,
,,,0.285781,0.0195312476716936,
,,,0.285813,0,
,,,0.285845,0,
,,,0.285877,0,
,,,0.285909,0,
,,,0.285941,0.0195312476716936,
,,,0.285973,0.0195312476716936,
,,,0.286005,0,
,,,0.286037,0,
,,,0.286069,0,
,,,0.286101,0,
,,,0.286133,0.0195312476716936,
,,,0.286165,0,
,,,0.286197,0,
,,,0.286229,0,
,,,0.286261,0.0195312476716936,
,,,0.286293,0.0195312476716936,
,,,0.286325,0.0195312476716936,
,,,0.286357,0.0195312476716936,
,,,0.286389,0.0390624953433871,
,,,0.286421,0.0195312476716936,
,,,0.286453,0.0195312476716936,
,,,0.286485,-0.0214843724388629,
,,,0.286517,0.0195312476716936,
,,,0.286549,0,
,,,0.286581,0,
,,,0.286613,0,
,,,0.286645,0.0390624953433871,
,,,0.286677,0,
,,,0.286709,0.0195312476716936,
,,,0.286741,-0.0214843724388629,
,,,0.286773,-0.0214843724388629,
,,,0.286805,0.0195312476716936,
,,,0.286837,0.0195312476716936,
,,,0.286869,0.0195312476716936,
,,,0.286901,0.0195312476716936,
,,,0.286933,0,
,,,0.286965,0.0390624953433871,
,,,0.286997,0,
,,,0.287029,0,
,,,0.287061,0.0195312476716936,
,,,0.287093,0,
,,,0.287125,0.0195312476716936,
,,,0.287157,0,
,,,0.287189,0.0195312476716936,
,,,0.287221,0,
,,,0.287253,0.0195312476716936,
,,,0.287285,-0.0214843724388629,
,,,0.287317,0.0195312476716936,
,,,0.287349,0.0195312476716936,
,,,0.287381,0,
,,,0.287413,0,
,,,0.287445,0.0195312476716936,
,,,0.287477,0,
,,,0.287509,-0.0214843724388629,
,,,0.287541,0.0195312476716936,
,,,0.287573,0.0195312476716936,
,,,0.287605,0,
,,,0.287637,0,
,,,0.287669,0,
,,,0.287701,0.0195312476716936,
,,,0.287733,0.0195312476716936,
,,,0.287765,0.0195312476716936,
,,,0.287797,0,
,,,0.287829,0,
,,,0.287861,-0.0214843724388629,
,,,0.287893,0,
,,,0.287925,0.0195312476716936,
,,,0.287957,0.0195312476716936,
,,,0.287989,0,
,,,0.288021,0,
,,,0.288053,0,
,,,0.288085,0,
,,,0.288117,0.0195312476716936,
,,,0.288149,0,
,,,0.288181,0,
,,,0.288213,0,
,,,0.288245,0,
,,,0.288277,-0.0214843724388629,
,,,0.288309,0.0195312476716936,
,,,0.288341,0,
,,,0.288373,0.0195312476716936,
,,,0.288405,0.0195312476716936,
,,,0.288437,0,
,,,0.288469,-0.0214843724388629,
,,,0.288501,-0.0214843724388629,
,,,0.288533,-0.0214843724388629,
,,,0.288565,0,
,,,0.288597,0,
,,,0.288629,0,
,,,0.288661,0,
,,,0.288693,0.0195312476716936,
,,,0.288725,0,
,,,0.288757,0,
,,,0.288789,0.0195312476716936,
,,,0.288821,0,
,,,0.288853,0.0195312476716936,
,,,0.288885,0,
,,,0.288917,0.0195312476716936,
,,,0.288949,0,
,,,0.288981,0,
,,,0.289013,-0.0214843724388629,
,,,0.289045,0,
,,,0.289077,0,
,,,0.289109,0,
,,,0.289141,0.0195312476716936,
,,,0.289173,0,
,,,0.289205,0,
,,,0.289237,0,
,,,0.289269,0,
,,,0.289301,0.0195312476716936,
,,,0.289333,0.0390624953433871,
,,,0.289365,0,
,,,0.289397,0,
,,,0.289429,0.0390624953433871,
,,,0.289461,0,
,,,0.289493,0,
,,,0.289525,0,
,,,0.289557,0.0390624953433871,
,,,0.289589,0,
,,,0.289621,0.0195312476716936,
,,,0.289653,0,
,,,0.289685,0,
,,,0.289717,-0.0214843724388629,
,,,0.289749,0,
,,,0.289781,0,
,,,0.289813,0.0195312476716936,
,,,0.289845,0,
,,,0.289877,0,
,,,0.289909,0,
,,,0.289941,0,
,,,0.289973,0,
,,,0.290005,0.0195312476716936,
,,,0.290037,0.0195312476716936,
,,,0.290069,0,
,,,0.290101,0,
,,,0.290133,0,
,,,0.290165,0.0195312476716936,
,,,0.290197,0.0195312476716936,
,,,0.290229,0,
,,,0.290261,0,
,,,0.290293,0,
,,,0.290325,0.0195312476716936,
,,,0.290357,0,
,,,0.290389,0,
,,,0.290421,0,
,,,0.290453,0.0195312476716936,
,,,0.290485,0.0195312476716936,
,,,0.290517,0,
,,,0.290549,0,
,,,0.290581,-0.0214843724388629,
,,,0.290613,0,
,,,0.290645,0.0195312476716936,
,,,0.290677,0,
,,,0.290709,0.0195312476716936,
,,,0.290741,-0.0214843724388629,
,,,0.290773,-0.0214843724388629,
,,,0.290805,0.0195312476716936,
,,,0.290837,0.0195312476716936,
,,,0.290869,0,
,,,0.290901,0,
,,,0.290933,0.0195312476716936,
,,,0.290965,0.0195312476716936,
,,,0.290997,0.0195312476716936,
,,,0.291029,0,
,,,0.291061,0.0195312476716936,
,,,0.291093,0,
,,,0.291125,0.0195312476716936,
,,,0.291157,0,
,,,0.291189,0.0195312476716936,
,,,0.291221,0,
,,,0.291253,-0.0214843724388629,
,,,0.291285,0,
,,,0.291317,0,
,,,0.291349,0.0195312476716936,
,,,0.291381,0,
,,,0.291413,0.0195312476716936,
,,,0.291445,0,
,,,0.291477,-0.0214843724388629,
,,,0.291509,0,
,,,0.291541,-0.0214843724388629,
,,,0.291573,0.0195312476716936,
,,,0.291605,0,
,,,0.291637,0,
,,,0.291669,0.0195312476716936,
,,,0.291701,-0.0214843724388629,
,,,0.291733,0,
,,,0.291765,0.0390624953433871,
,,,0.291797,0.0195312476716936,
,,,0.291829,-0.0214843724388629,
,,,0.291861,0,
,,,0.291893,0.0195312476716936,
,,,0.291925,0.0585937430150807,
,,,0.291957,0.0195312476716936,
,,,0.291989,0.0390624953433871,
,,,0.292021,0,
,,,0.292053,0.0195312476716936,
,,,0.292085,0.0195312476716936,
,,,0.292117,0.0195312476716936,
,,,0.292149,0.0195312476716936,
,,,0.292181,0.0195312476716936,
,,,0.292213,0.0195312476716936,
,,,0.292245,0,
,,,0.292277,0.0195312476716936,
,,,0.292309,0.0195312476716936,
,,,0.292341,-0.0214843724388629,
,,,0.292373,0,
,,,0.292405,0,
,,,0.292437,0,
,,,0.292469,0,
,,,0.292501,0,
,,,0.292533,0,
,,,0.292565,0.0585937430150807,
,,,0.292597,-0.0214843724388629,
,,,0.292629,0,
,,,0.292661,0,
,,,0.292693,0.0195312476716936,
,,,0.292725,0.0195312476716936,
,,,0.292757,0.0195312476716936,
,,,0.292789,0.0195312476716936,
,,,0.292821,0,
,,,0.292853,0.0195312476716936,
,,,0.292885,0.0195312476716936,
,,,0.292917,0,
,,,0.292949,0.0195312476716936,
,,,0.292981,0,
,,,0.293013,0,
,,,0.293045,0,
,,,0.293077,-0.0214843724388629,
,,,0.293109,0.0195312476716936,
,,,0.293141,0,
,,,0.293173,0.0195312476716936,
,,,0.293205,0.0195312476716936,
,,,0.293237,-0.0214843724388629,
,,,0.293269,0.0195312476716936,
,,,0.293301,0,
,,,0.293333,0.0195312476716936,
,,,0.293365,0,
,,,0.293397,0.0195312476716936,
,,,0.293429,0,
,,,0.293461,0.0195312476716936,
,,,0.293493,0.0195312476716936,
,,,0.293525,0.0195312476716936,
,,,0.293557,0,
,,,0.293589,0.0195312476716936,
,,,0.293621,0,
,,,0.293653,0,
,,,0.293685,0.0195312476716936,
,,,0.293717,0,
,,,0.293749,0.0195312476716936,
,,,0.293781,0,
,,,0.293813,0,
,,,0.293845,-0.0214843724388629,
,,,0.293877,0,
,,,0.293909,-0.0214843724388629,
,,,0.293941,0,
,,,0.293973,0.0390624953433871,
,,,0.294005,0.0195312476716936,
,,,0.294037,0,
,,,0.294069,0.0195312476716936,
,,,0.294101,0,
,,,0.294133,0,
,,,0.294165,0,
,,,0.294197,0,
,,,0.294229,0,
,,,0.294261,0.0195312476716936,
,,,0.294293,0,
,,,0.294325,0,
,,,0.294357,0.0195312476716936,
,,,0.294389,0.0195312476716936,
,,,0.294421,0,
,,,0.294453,0,
,,,0.294485,-0.0214843724388629,
,,,0.294517,0,
,,,0.294549,-0.0214843724388629,
,,,0.294581,0.0195312476716936,
,,,0.294613,0.0195312476716936,
,,,0.294645,-0.0214843724388629,
,,,0.294677,0.0195312476716936,
,,,0.294709,0.0195312476716936,
,,,0.294741,0,
,,,0.294773,0.0390624953433871,
,,,0.294805,0,
,,,0.294837,0,
,,,0.294869,0.0195312476716936,
,,,0.294901,0.0195312476716936,
,,,0.294933,0,
,,,0.294965,0.0195312476716936,
,,,0.294997,0.0195312476716936,
,,,0.295029,-0.0214843724388629,
,,,0.295061,0,
,,,0.295093,0.0195312476716936,
,,,0.295125,0,
,,,0.295157,0,
,,,0.295189,-0.0214843724388629,
,,,0.295221,0,
,,,0.295253,0.0195312476716936,
,,,0.295285,0,
,,,0.295317,0.0195312476716936,
,,,0.295349,0.0195312476716936,
,,,0.295381,0,
,,,0.295413,0.0195312476716936,
,,,0.295445,0.0195312476716936,
,,,0.295477,0.0195312476716936,
,,,0.295509,0.0195312476716936,
,,,0.295541,0,
,,,0.295573,-0.0214843724388629,
,,,0.295605,0,
,,,0.295637,0,
,,,0.295669,0,
,,,0.295701,0,
,,,0.295733,0.0195312476716936,
,,,0.295765,0.0195312476716936,
,,,0.295797,0,
,,,0.295829,0,
,,,0.295861,0.0195312476716936,
,,,0.295893,0,
,,,0.295925,-0.0214843724388629,
,,,0.295957,0.0195312476716936,
,,,0.295989,0.0195312476716936,
,,,0.296021,0,
,,,0.296053,0.0195312476716936,
,,,0.296085,0.0195312476716936,
,,,0.296117,0.0390624953433871,
,,,0.296149,0,
,,,0.296181,0.0195312476716936,
,,,0.296213,0.0195312476716936,
,,,0.296245,0,
,,,0.296277,0,
,,,0.296309,0.0195312476716936,
,,,0.296341,0.0195312476716936,
,,,0.296373,0,
,,,0.296405,0,
,,,0.296437,0,
,,,0.296469,0,
,,,0.296501,0,
,,,0.296533,0.0195312476716936,
,,,0.296565,0.0195312476716936,
,,,0.296597,-0.0214843724388629,
,,,0.296629,0.0195312476716936,
,,,0.296661,-0.0214843724388629,
,,,0.296693,0,
,,,0.296725,0.0195312476716936,
,,,0.296757,0,
,,,0.296789,0.0195312476716936,
,,,0.296821,0,
,,,0.296853,0,
,,,0.296885,0.0195312476716936,
,,,0.296917,0.0195312476716936,
,,,0.296949,0,
,,,0.296981,0,
,,,0.297013,-0.0214843724388629,
,,,0.297045,0,
,,,0.297077,0,
,,,0.297109,0.0195312476716936,
,,,0.297141,0,
,,,0.297173,0,
,,,0.297205,0,
,,,0.297237,0,
,,,0.297269,0.0195312476716936,
,,,0.297301,0.0195312476716936,
,,,0.297333,0.0195312476716936,
,,,0.297365,-0.0214843724388629,
,,,0.297397,0,
,,,0.297429,-0.0214843724388629,
,,,0.297461,0,
,,,0.297493,0,
,,,0.297525,0.0195312476716936,
,,,0.297557,-0.0214843724388629,
,,,0.297589,0.0195312476716936,
,,,0.297621,0,
,,,0.297653,0,
,,,0.297685,-0.0214843724388629,
,,,0.297717,0.0195312476716936,
,,,0.297749,-0.0214843724388629,
,,,0.297781,0,
,,,0.297813,0,
,,,0.297845,0,
,,,0.297877,0,
,,,0.297909,-0.0214843724388629,
,,,0.297941,0,
,,,0.297973,0,
,,,0.298005,0.0195312476716936,
,,,0.298037,0.0195312476716936,
,,,0.298069,0.0195312476716936,
,,,0.298101,0.0195312476716936,
,,,0.298133,0,
,,,0.298165,0.0195312476716936,
,,,0.298197,0,
,,,0.298229,0,
,,,0.298261,0.0195312476716936,
,,,0.298293,0,
,,,0.298325,0.0195312476716936,
,,,0.298357,0.0195312476716936,
,,,0.298389,0.0195312476716936,
,,,0.298421,0,
,,,0.298453,0,
,,,0.298485,0,
,,,0.298517,0,
,,,0.298549,0.0195312476716936,
,,,0.298581,0.0195312476716936,
,,,0.298613,0.0195312476716936,
,,,0.298645,0.0195312476716936,
,,,0.298677,0,
,,,0.298709,0,
,,,0.298741,0,
,,,0.298773,0,
,,,0.298805,0.0195312476716936,
,,,0.298837,0,
,,,0.298869,-0.0410156201105565,
,,,0.298901,0.0195312476716936,
,,,0.298933,0,
,,,0.298965,0,
,,,0.298997,0.0195312476716936,
,,,0.299029,0.0195312476716936,
,,,0.299061,0.0195312476716936,
,,,0.299093,0.0195312476716936,
,,,0.299125,0.0195312476716936,
,,,0.299157,0,
,,,0.299189,-0.0214843724388629,
,,,0.299221,0.0195312476716936,
,,,0.299253,0.0195312476716936,
,,,0.299285,0.0195312476716936,
,,,0.299317,0.0195312476716936,
,,,0.299349,0.0195312476716936,
,,,0.299381,0.0195312476716936,
,,,0.299413,0.0195312476716936,
,,,0.299445,0,
,,,0.299477,0.0390624953433871,
,,,0.299509,0.0195312476716936,
,,,0.299541,0.0195312476716936,
,,,0.299573,0.0195312476716936,
,,,0.299605,0,
,,,0.299637,0.0195312476716936,
,,,0.299669,0.0195312476716936,
,,,0.299701,0.0195312476716936,
,,,0.299733,0,
,,,0.299765,0,
,,,0.299797,0.0390624953433871,
,,,0.299829,0,
,,,0.299861,0,
,,,0.299893,0,
,,,0.299925,0,
,,,0.299957,0,
,,,0.299989,0.0195312476716936,
,,,0.300021,0.0195312476716936,
,,,0.300053,0,
,,,0.300085,0,
,,,0.300117,0,
,,,0.300149,0.0195312476716936,
,,,0.300181,0.0195312476716936,
,,,0.300213,0.0195312476716936,
,,,0.300245,0,
,,,0.300277,0.0195312476716936,
,,,0.300309,0,
,,,0.300341,0.0195312476716936,
,,,0.300373,0.0195312476716936,
,,,0.300405,0,
,,,0.300437,0,
,,,0.300469,0.0195312476716936,
,,,0.300501,0.0195312476716936,
,,,0.300533,0.0195312476716936,
,,,0.300565,0.0195312476716936,
,,,0.300597,0.0195312476716936,
,,,0.300629,0.0195312476716936,
,,,0.300661,0.0195312476716936,
,,,0.300693,0,
,,,0.300725,0,
,,,0.300757,0.0195312476716936,
,,,0.300789,0.0195312476716936,
,,,0.300821,0.0390624953433871,
,,,0.300853,-0.0214843724388629,
,,,0.300885,-0.0214843724388629,
,,,0.300917,0.0195312476716936,
,,,0.300949,0,
,,,0.300981,0,
,,,0.301013,0.0195312476716936,
,,,0.301045,0.0195312476716936,
,,,0.301077,0.0195312476716936,
,,,0.301109,0,
,,,0.301141,0.0195312476716936,
,,,0.301173,0.0195312476716936,
,,,0.301205,0.0195312476716936,
,,,0.301237,0.0195312476716936,
,,,0.301269,0,
,,,0.301301,0.0195312476716936,
,,,0.301333,0.0390624953433871,
,,,0.301365,0,
,,,0.301397,0,
,,,0.301429,0,
,,,0.301461,0,
,,,0.301493,0.0195312476716936,
,,,0.301525,0.0195312476716936,
,,,0.301557,0.0195312476716936,
,,,0.301589,0.0195312476716936,
,,,0.301621,0,
,,,0.301653,0,
,,,0.301685,0,
,,,0.301717,0.0195312476716936,
,,,0.301749,0.0195312476716936,
,,,0.301781,0.0195312476716936,
,,,0.301813,0.0195312476716936,
,,,0.301845,0,
,,,0.301877,-0.0214843724388629,
,,,0.301909,0,
,,,0.301941,0.0195312476716936,
,,,0.301973,0.0195312476716936,
,,,0.302005,0.0195312476716936,
,,,0.302037,-0.06054686778225,
,,,0.302069,0.0195312476716936,
,,,0.302101,0,
,,,0.302133,0.0195312476716936,
,,,0.302165,0.0195312476716936,
,,,0.302197,0,
,,,0.302229,0,
,,,0.302261,0.0195312476716936,
,,,0.302293,0,
,,,0.302325,0,
,,,0.302357,0.0195312476716936,
,,,0.302389,0.0195312476716936,
,,,0.302421,0.0195312476716936,
,,,0.302453,0.0195312476716936,
,,,0.302485,0,
,,,0.302517,0.0195312476716936,
,,,0.302549,0.0195312476716936,
,,,0.302581,0.0195312476716936,
,,,0.302613,0.0195312476716936,
,,,0.302645,-0.0214843724388629,
,,,0.302677,0.0390624953433871,
,,,0.302709,0.0585937430150807,
,,,0.302741,0.0195312476716936,
,,,0.302773,0,
,,,0.302805,0.0195312476716936,
,,,0.302837,0.0195312476716936,
,,,0.302869,-0.06054686778225,
,,,0.302901,0.0195312476716936,
,,,0.302933,0.0195312476716936,
,,,0.302965,0,
,,,0.302997,0,
,,,0.303029,0.0195312476716936,
,,,0.303061,0.0195312476716936,
,,,0.303093,0.0195312476716936,
,,,0.303125,0.0195312476716936,
,,,0.303157,0.0390624953433871,
,,,0.303189,0.0195312476716936,
,,,0.303221,0.0195312476716936,
,,,0.303253,0.0195312476716936,
,,,0.303285,0,
,,,0.303317,0.0195312476716936,
,,,0.303349,0,
,,,0.303381,0,
,,,0.303413,0.0195312476716936,
,,,0.303445,0.0195312476716936,
,,,0.303477,0.0195312476716936,
,,,0.303509,0.0195312476716936,
,,,0.303541,0.0195312476716936,
,,,0.303573,0.0195312476716936,
,,,0.303605,0,
,,,0.303637,0.0195312476716936,
,,,0.303669,0,
,,,0.303701,0.0390624953433871,
,,,0.303733,0.0195312476716936,
,,,0.303765,0.0195312476716936,
,,,0.303797,0.0195312476716936,
,,,0.303829,0.0195312476716936,
,,,0.303861,0.0195312476716936,
,,,0.303893,0.0195312476716936,
,,,0.303925,0.0195312476716936,
,,,0.303957,0.0195312476716936,
,,,0.303989,0.0195312476716936,
,,,0.304021,0,
,,,0.304053,0.0195312476716936,
,,,0.304085,0,
,,,0.304117,0.0390624953433871,
,,,0.304149,-0.0214843724388629,
,,,0.304181,0.0195312476716936,
,,,0.304213,0.0195312476716936,
,,,0.304245,0.0195312476716936,
,,,0.304277,0,
,,,0.304309,0.0390624953433871,
,,,0.304341,0,
,,,0.304373,0.0195312476716936,
,,,0.304405,0,
,,,0.304437,0,
,,,0.304469,0.0195312476716936,
,,,0.304501,0.0195312476716936,
,,,0.304533,0.0390624953433871,
,,,0.304565,0.0195312476716936,
,,,0.304597,0.0195312476716936,
,,,0.304629,-0.0214843724388629,
,,,0.304661,0,
,,,0.304693,-0.0410156201105565,
,,,0.304725,-0.0214843724388629,
,,,0.304757,0.0195312476716936,
,,,0.304789,0.0195312476716936,
,,,0.304821,0,
,,,0.304853,0,
,,,0.304885,0,
,,,0.304917,0,
,,,0.304949,0.0195312476716936,
,,,0.304981,0.0195312476716936,
,,,0.305013,0,
,,,0.305045,0.0195312476716936,
,,,0.305077,0,
,,,0.305109,0,
,,,0.305141,0,
,,,0.305173,0,
,,,0.305205,0,
,,,0.305237,0,
,,,0.305269,-0.0214843724388629,
,,,0.305301,0.0195312476716936,
,,,0.305333,0,
,,,0.305365,0,
,,,0.305397,0,
,,,0.305429,0,
,,,0.305461,-0.0410156201105565,
,,,0.305493,0,
,,,0.305525,0.0195312476716936,
,,,0.305557,0,
,,,0.305589,0,
,,,0.305621,0,
,,,0.305653,0,
,,,0.305685,0,
,,,0.305717,0.0195312476716936,
,,,0.305749,0.0195312476716936,
,,,0.305781,0,
,,,0.305813,0,
,,,0.305845,0,
,,,0.305877,0,
,,,0.305909,0,
,,,0.305941,0,
,,,0.305973,-0.0214843724388629,
,,,0.306005,0,
,,,0.306037,0,
,,,0.306069,0.0195312476716936,
,,,0.306101,0,
,,,0.306133,0,
,,,0.306165,0,
,,,0.306197,-0.0214843724388629,
,,,0.306229,0,
,,,0.306261,0.0195312476716936,
,,,0.306293,0,
,,,0.306325,0,
,,,0.306357,0,
,,,0.306389,0,
,,,0.306421,0,
,,,0.306453,0.0195312476716936,
,,,0.306485,0,
,,,0.306517,0,
,,,0.306549,0,
,,,0.306581,0.0195312476716936,
,,,0.306613,0,
,,,0.306645,0,
,,,0.306677,-0.0214843724388629,
,,,0.306709,0,
,,,0.306741,0,
,,,0.306773,0,
,,,0.306805,0,
,,,0.306837,0.0195312476716936,
,,,0.306869,0,
,,,0.306901,0,
,,,0.306933,0,
,,,0.306965,0,
,,,0.306997,0,
,,,0.307029,-0.0214843724388629,
,,,0.307061,0,
,,,0.307093,0,
,,,0.307125,0,
,,,0.307157,0.0195312476716936,
,,,0.307189,0.0195312476716936,
,,,0.307221,0,
,,,0.307253,0,
,,,0.307285,-0.0214843724388629,
,,,0.307317,0,
,,,0.307349,0.0195312476716936,
,,,0.307381,0,
,,,0.307413,0.0195312476716936,
,,,0.307445,0.0195312476716936,
,,,0.307477,0.0195312476716936,
,,,0.307509,0,
,,,0.307541,0.0195312476716936,
,,,0.307573,0.0195312476716936,
,,,0.307605,0,
,,,0.307637,0.0195312476716936,
,,,0.307669,0,
,,,0.307701,0.0195312476716936,
,,,0.307733,0.0195312476716936,
,,,0.307765,0,
,,,0.307797,0,
,,,0.307829,0,
,,,0.307861,0,
,,,0.307893,0.0195312476716936,
,,,0.307925,0,
,,,0.307957,-0.0214843724388629,
,,,0.307989,0,
,,,0.308021,0,
,,,0.308053,0,
,,,0.308085,0.0195312476716936,
,,,0.308117,0,
,,,0.308149,0,
,,,0.308181,0.0195312476716936,
,,,0.308213,0.0195312476716936,
,,,0.308245,0.0195312476716936,
,,,0.308277,0,
,,,0.308309,0.0195312476716936,
,,,0.308341,0.0195312476716936,
,,,0.308373,0.0195312476716936,
,,,0.308405,-0.0214843724388629,
,,,0.308437,0,
,,,0.308469,0.0195312476716936,
,,,0.308501,0.0390624953433871,
,,,0.308533,0.0195312476716936,
,,,0.308565,0.0195312476716936,
,,,0.308597,0.0195312476716936,
,,,0.308629,0.0195312476716936,
,,,0.308661,0,
,,,0.308693,0.0195312476716936,
,,,0.308725,0.0195312476716936,
,,,0.308757,0,
,,,0.308789,0.0195312476716936,
,,,0.308821,0.0195312476716936,
,,,0.308853,0,
,,,0.308885,0.0195312476716936,
,,,0.308917,-0.0214843724388629,
,,,0.308949,0.0195312476716936,
,,,0.308981,-0.0214843724388629,
,,,0.309013,0.0195312476716936,
,,,0.309045,-0.0214843724388629,
,,,0.309077,0.0195312476716936,
,,,0.309109,0.0195312476716936,
,,,0.309141,0,
,,,0.309173,0,
,,,0.309205,0.0195312476716936,
,,,0.309237,0,
,,,0.309269,0,
,,,0.309301,0.0195312476716936,
,,,0.309333,0.0195312476716936,
,,,0.309365,0.0390624953433871,
,,,0.309397,0.0195312476716936,
,,,0.309429,0.0195312476716936,
,,,0.309461,0.0195312476716936,
,,,0.309493,0.0195312476716936,
,,,0.309525,0,
,,,0.309557,0.0390624953433871,
,,,0.309589,0.0195312476716936,
,,,0.309621,0,
,,,0.309653,0,
,,,0.309685,0.0195312476716936,
,,,0.309717,0.0195312476716936,
,,,0.309749,0.0390624953433871,
,,,0.309781,0,
,,,0.309813,0.0195312476716936,
,,,0.309845,0,
,,,0.309877,0.0195312476716936,
,,,0.309909,-0.0214843724388629,
,,,0.309941,0.0195312476716936,
,,,0.309973,0,
,,,0.310005,0.0195312476716936,
,,,0.310037,0.0195312476716936,
,,,0.310069,0.0195312476716936,
,,,0.310101,0.0195312476716936,
,,,0.310133,0.0195312476716936,
,,,0.310165,0,
,,,0.310197,0,
,,,0.310229,0.0195312476716936,
,,,0.310261,0,
,,,0.310293,0,
,,,0.310325,0,
,,,0.310357,0,
,,,0.310389,0,
,,,0.310421,0.0195312476716936,
,,,0.310453,0.0585937430150807,
,,,0.310485,0.0195312476716936,
,,,0.310517,0.0195312476716936,
,,,0.310549,0,
,,,0.310581,0.0195312476716936,
,,,0.310613,0.0195312476716936,
,,,0.310645,0.0195312476716936,
,,,0.310677,0,
,,,0.310709,0.0195312476716936,
,,,0.310741,0.0195312476716936,
,,,0.310773,0.0195312476716936,
,,,0.310805,0.0195312476716936,
,,,0.310837,0,
,,,0.310869,0.0390624953433871,
,,,0.310901,0,
,,,0.310933,0.0195312476716936,
,,,0.310965,-0.0214843724388629,
,,,0.310997,0.0195312476716936,
,,,0.311029,0,
,,,0.311061,0.0195312476716936,
,,,0.311093,0,
,,,0.311125,0.0195312476716936,
,,,0.311157,0.0195312476716936,
,,,0.311189,0,
,,,0.311221,0.0195312476716936,
,,,0.311253,0.0195312476716936,
,,,0.311285,0,
,,,0.311317,0,
,,,0.311349,0,
,,,0.311381,0,
,,,0.311413,0.0195312476716936,
,,,0.311445,0,
,,,0.311477,0,
,,,0.311509,0.0195312476716936,
,,,0.311541,0,
,,,0.311573,0,
,,,0.311605,0.0195312476716936,
,,,0.311637,0,
,,,0.311669,0,
,,,0.311701,0.0390624953433871,
,,,0.311733,-0.0214843724388629,
,,,0.311765,0,
,,,0.311797,0,
,,,0.311829,0.0195312476716936,
,,,0.311861,0,
,,,0.311893,0,
,,,0.311925,0,
,,,0.311957,0,
,,,0.311989,0.0195312476716936,
,,,0.312021,0,
,,,0.312053,0.0195312476716936,
,,,0.312085,0,
,,,0.312117,0,
,,,0.312149,0.0390624953433871,
,,,0.312181,0,
,,,0.312213,0,
,,,0.312245,0.0195312476716936,
,,,0.312277,0.0195312476716936,
,,,0.312309,0,
,,,0.312341,0,
,,,0.312373,0,
,,,0.312405,0.0195312476716936,
,,,0.312437,-0.0214843724388629,
,,,0.312469,0,
,,,0.312501,-0.0214843724388629,
,,,0.312533,0.0195312476716936,
,,,0.312565,0.0195312476716936,
,,,0.312597,0,
,,,0.312629,0.0195312476716936,
,,,0.312661,0,
,,,0.312693,0.0390624953433871,
,,,0.312725,-0.0214843724388629,
,,,0.312757,-0.0214843724388629,
,,,0.312789,0.0195312476716936,
,,,0.312821,0.0195312476716936,
,,,0.312853,0.0195312476716936,
,,,0.312885,0.0390624953433871,
,,,0.312917,0.0195312476716936,
,,,0.312949,-0.0214843724388629,
,,,0.312981,0.0195312476716936,
,,,0.313013,0,
,,,0.313045,0.0195312476716936,
,,,0.313077,0.0195312476716936,
,,,0.313109,0,
,,,0.313141,0.0195312476716936,
,,,0.313173,0,
,,,0.313205,0.0195312476716936,
,,,0.313237,0,
,,,0.313269,0,
,,,0.313301,0.0195312476716936,
,,,0.313333,0,
,,,0.313365,0,
,,,0.313397,0.0195312476716936,
,,,0.313429,0,
,,,0.313461,0,
,,,0.313493,0.0195312476716936,
,,,0.313525,0.0195312476716936,
,,,0.313557,0.0195312476716936,
,,,0.313589,0.0195312476716936,
,,,0.313621,0.0195312476716936,
,,,0.313653,0,
,,,0.313685,-0.0410156201105565,
,,,0.313717,0.0195312476716936,
,,,0.313749,0,
,,,0.313781,0,
,,,0.313813,0,
,,,0.313845,0.0195312476716936,
,,,0.313877,0.0390624953433871,
,,,0.313909,0,
,,,0.313941,0,
,,,0.313973,0,
,,,0.314005,0,
,,,0.314037,0.0195312476716936,
,,,0.314069,0.0195312476716936,
,,,0.314101,0.0195312476716936,
,,,0.314133,0.0195312476716936,
,,,0.314165,0.0195312476716936,
,,,0.314197,0.0390624953433871,
,,,0.314229,0,
,,,0.314261,0.0195312476716936,
,,,0.314293,0.0195312476716936,
,,,0.314325,0.0195312476716936,
,,,0.314357,0.0195312476716936,
,,,0.314389,0,
,,,0.314421,0.0195312476716936,
,,,0.314453,0,
,,,0.314485,0.0195312476716936,
,,,0.314517,0,
,,,0.314549,0,
,,,0.314581,0,
,,,0.314613,0,
,,,0.314645,0.0195312476716936,
,,,0.314677,0.0195312476716936,
,,,0.314709,-0.0214843724388629,
,,,0.314741,0,
,,,0.314773,0.0195312476716936,
,,,0.314805,0.0195312476716936,
,,,0.314837,0.0195312476716936,
,,,0.314869,0,
,,,0.314901,0.0195312476716936,
,,,0.314933,0.0195312476716936,
,,,0.314965,0,
,,,0.314997,0,
,,,0.315029,0.0195312476716936,
,,,0.315061,0.0195312476716936,
,,,0.315093,0,
,,,0.315125,0.0195312476716936,
,,,0.315157,0.0195312476716936,
,,,0.315189,-0.0214843724388629,
,,,0.315221,0.0195312476716936,
,,,0.315253,0,
,,,0.315285,0,
,,,0.315317,0.0195312476716936,
,,,0.315349,0,
,,,0.315381,0,
,,,0.315413,0,
,,,0.315445,0,
,,,0.315477,0.0195312476716936,
,,,0.315509,0,
,,,0.315541,0.0195312476716936,
,,,0.315573,0.0195312476716936,
,,,0.315605,0,
,,,0.315637,0,
,,,0.315669,0,
,,,0.315701,0.0390624953433871,
,,,0.315733,0,
,,,0.315765,0.0195312476716936,
,,,0.315797,0,
,,,0.315829,0,
,,,0.315861,0.0195312476716936,
,,,0.315893,0,
,,,0.315925,0,
,,,0.315957,0.0195312476716936,
,,,0.315989,0,
,,,0.316021,0,
,,,0.316053,0.0195312476716936,
,,,0.316085,0,
,,,0.316117,0,
,,,0.316149,0.0195312476716936,
,,,0.316181,0.0195312476716936,
,,,0.316213,0.0195312476716936,
,,,0.316245,-0.0214843724388629,
,,,0.316277,0.0195312476716936,
,,,0.316309,0,
,,,0.316341,0.0195312476716936,
,,,0.316373,0,
,,,0.316405,0,
,,,0.316437,0.0195312476716936,
,,,0.316469,0.0195312476716936,
,,,0.316501,0.0195312476716936,
,,,0.316533,0.0195312476716936,
,,,0.316565,0.0195312476716936,
,,,0.316597,0,
,,,0.316629,0.0195312476716936,
,,,0.316661,0,
,,,0.316693,0,
,,,0.316725,0,
,,,0.316757,0.0195312476716936,
,,,0.316789,0.0195312476716936,
,,,0.316821,0,
,,,0.316853,-0.0214843724388629,
,,,0.316885,0,
,,,0.316917,0,
,,,0.316949,0.0195312476716936,
,,,0.316981,0.0195312476716936,
,,,0.317013,0.0195312476716936,
,,,0.317045,0,
,,,0.317077,0.0195312476716936,
,,,0.317109,0.0195312476716936,
,,,0.317141,0.0195312476716936,
,,,0.317173,0.0195312476716936,
,,,0.317205,0,
,,,0.317237,0,
,,,0.317269,0.0195312476716936,
,,,0.317301,0.0195312476716936,
,,,0.317333,0.0195312476716936,
,,,0.317365,0.0195312476716936,
,,,0.317397,0,
,,,0.317429,0,
,,,0.317461,0.0195312476716936,
,,,0.317493,0,
,,,0.317525,0.0195312476716936,
,,,0.317557,0.0195312476716936,
,,,0.317589,0.0390624953433871,
,,,0.317621,0.0195312476716936,
,,,0.317653,-0.0214843724388629,
,,,0.317685,0,
,,,0.317717,0.0585937430150807,
,,,0.317749,-0.0214843724388629,
,,,0.317781,0.0585937430150807,
,,,0.317813,0.0195312476716936,
,,,0.317845,-0.0800781154539436,
,,,0.317877,0.0195312476716936,
,,,0.317909,0.0195312476716936,
,,,0.317941,-0.0410156201105565,
,,,0.317973,0,
,,,0.318005,0.0195312476716936,
,,,0.318037,0.0390624953433871,
,,,0.318069,0,
,,,0.318101,0.0195312476716936,
,,,0.318133,0,
,,,0.318165,0.0195312476716936,
,,,0.318197,0,
,,,0.318229,0.0195312476716936,
,,,0.318261,0.0800781154539436,
,,,0.318293,0,
,,,0.318325,0.0195312476716936,
,,,0.318357,0.0195312476716936,
,,,0.318389,0.0195312476716936,
,,,0.318421,-0.0214843724388629,
,,,0.318453,0,
,,,0.318485,0.0195312476716936,
,,,0.318517,0,
,,,0.318549,0.0195312476716936,
,,,0.318581,0,
,,,0.318613,0.0195312476716936,
,,,0.318645,0,
,,,0.318677,0.0195312476716936,
,,,0.318709,0,
,,,0.318741,0,
,,,0.318773,0.0195312476716936,
,,,0.318805,0.0390624953433871,
,,,0.318837,0.0195312476716936,
,,,0.318869,0.0195312476716936,
,,,0.318901,0,
,,,0.318933,0.0195312476716936,
,,,0.318965,-0.0214843724388629,
,,,0.318997,0,
,,,0.319029,0.0195312476716936,
,,,0.319061,0.0195312476716936,
,,,0.319093,0.0195312476716936,
,,,0.319125,0.0195312476716936,
,,,0.319157,0.0195312476716936,
,,,0.319189,-0.0214843724388629,
,,,0.319221,0.0390624953433871,
,,,0.319253,0.0195312476716936,
,,,0.319285,0,
,,,0.319317,0,
,,,0.319349,0,
,,,0.319381,0.0195312476716936,
,,,0.319413,0.0195312476716936,
,,,0.319445,0,
,,,0.319477,0,
,,,0.319509,0.0195312476716936,
,,,0.319541,-0.0214843724388629,
,,,0.319573,0.0195312476716936,
,,,0.319605,0,
,,,0.319637,0,
,,,0.319669,0.0195312476716936,
,,,0.319701,0,
,,,0.319733,0,
,,,0.319765,0.0195312476716936,
,,,0.319797,0,
,,,0.319829,0,
,,,0.319861,0,
,,,0.319893,0,
,,,0.319925,0.0195312476716936,
,,,0.319957,0.0195312476716936,
,,,0.319989,0,
,,,0.320021,0,
,,,0.320053,0,
,,,0.320085,0.0195312476716936,
,,,0.320117,0.0195312476716936,
,,,0.320149,0,
,,,0.320181,0.0195312476716936,
,,,0.320213,0.0195312476716936,
,,,0.320245,0,
,,,0.320277,0,
,,,0.320309,0,
,,,0.320341,0.0195312476716936,
,,,0.320373,0.0390624953433871,
,,,0.320405,0,
,,,0.320437,0,
,,,0.320469,0,
,,,0.320501,0,
,,,0.320533,0.0390624953433871,
,,,0.320565,0.0195312476716936,
,,,0.320597,0.0195312476716936,
,,,0.320629,0.0195312476716936,
,,,0.320661,0.0195312476716936,
,,,0.320693,0.0195312476716936,
,,,0.320725,0.0195312476716936,
,,,0.320757,0.0195312476716936,
,,,0.320789,0.0195312476716936,
,,,0.320821,-0.0410156201105565,
,,,0.320853,-0.0214843724388629,
,,,0.320885,0.0195312476716936,
,,,0.320917,0.0195312476716936,
,,,0.320949,0.0195312476716936,
,,,0.320981,0.0195312476716936,
,,,0.321013,0,
,,,0.321045,0,
,,,0.321077,0,
,,,0.321109,0.0390624953433871,
,,,0.321141,0,
,,,0.321173,-0.0214843724388629,
,,,0.321205,0.0195312476716936,
,,,0.321237,0.0195312476716936,
,,,0.321269,-0.0214843724388629,
,,,0.321301,0.0195312476716936,
,,,0.321333,-0.0214843724388629,
,,,0.321365,0.0195312476716936,
,,,0.321397,0,
,,,0.321429,0.0195312476716936,
,,,0.321461,0,
,,,0.321493,0,
,,,0.321525,0,
,,,0.321557,0,
,,,0.321589,0,
,,,0.321621,0,
,,,0.321653,-0.0214843724388629,
,,,0.321685,0,
,,,0.321717,0,
,,,0.321749,0.0195312476716936,
,,,0.321781,0.0195312476716936,
,,,0.321813,0,
,,,0.321845,0.0195312476716936,
,,,0.321877,0,
,,,0.321909,0,
,,,0.321941,0,
,,,0.321973,0,
,,,0.322005,0,
,,,0.322037,0,
,,,0.322069,0.0195312476716936,
,,,0.322101,0,
,,,0.322133,0,
,,,0.322165,0,
,,,0.322197,0,
,,,0.322229,0,
,,,0.322261,0,
,,,0.322293,0,
,,,0.322325,0.0390624953433871,
,,,0.322357,0,
,,,0.322389,0.0195312476716936,
,,,0.322421,0,
,,,0.322453,0,
,,,0.322485,0,
,,,0.322517,0,
,,,0.322549,0,
,,,0.322581,0.0195312476716936,
,,,0.322613,-0.0214843724388629,
,,,0.322645,0,
,,,0.322677,0,
,,,0.322709,-0.0214843724388629,
,,,0.322741,0,
,,,0.322773,0,
,,,0.322805,0,
,,,0.322837,0,
,,,0.322869,0,
,,,0.322901,0,
,,,0.322933,-0.0214843724388629,
,,,0.322965,0,
,,,0.322997,0,
,,,0.323029,0.0195312476716936,
,,,0.323061,0.0195312476716936,
,,,0.323093,0,
,,,0.323125,0,
,,,0.323157,0.0195312476716936,
,,,0.323189,0,
,,,0.323221,0,
,,,0.323253,-0.0214843724388629,
,,,0.323285,0,
,,,0.323317,0,
,,,0.323349,0,
,,,0.323381,0,
,,,0.323413,0.0195312476716936,
,,,0.323445,0.0195312476716936,
,,,0.323477,0,
,,,0.323509,-0.0214843724388629,
,,,0.323541,0.0390624953433871,
,,,0.323573,0,
,,,0.323605,0,
,,,0.323637,0.0195312476716936,
,,,0.323669,0,
,,,0.323701,0.0195312476716936,
,,,0.323733,0,
,,,0.323765,0,
,,,0.323797,0.0195312476716936,
,,,0.323829,0,
,,,0.323861,0.0195312476716936,
,,,0.323893,0,
,,,0.323925,0,
,,,0.323957,0.0195312476716936,
,,,0.323989,0.0195312476716936,
,,,0.324021,0.0195312476716936,
,,,0.324053,0,
,,,0.324085,-0.0214843724388629,
,,,0.324117,0.0195312476716936,
,,,0.324149,0,
,,,0.324181,0.0195312476716936,
,,,0.324213,0,
,,,0.324245,0.0195312476716936,
,,,0.324277,0,
,,,0.324309,0.0195312476716936,
,,,0.324341,0,
,,,0.324373,0,
,,,0.324405,0.0195312476716936,
,,,0.324437,0.0195312476716936,
,,,0.324469,0.0195312476716936,
,,,0.324501,0,
,,,0.324533,0,
,,,0.324565,0.0195312476716936,
,,,0.324597,0,
,,,0.324629,0,
,,,0.324661,0.0195312476716936,
,,,0.324693,0.0195312476716936,
,,,0.324725,0.0195312476716936,
,,,0.324757,0.0195312476716936,
,,,0.324789,0.0390624953433871,
,,,0.324821,0.0390624953433871,
,,,0.324853,0,
,,,0.324885,0.0195312476716936,
,,,0.324917,0.0195312476716936,
,,,0.324949,0,
,,,0.324981,0.0195312476716936,
,,,0.325013,0.0195312476716936,
,,,0.325045,0.0195312476716936,
,,,0.325077,0,
,,,0.325109,0,
,,,0.325141,0.0195312476716936,
,,,0.325173,0.0195312476716936,
,,,0.325205,-0.0214843724388629,
,,,0.325237,0.0390624953433871,
,,,0.325269,0.0195312476716936,
,,,0.325301,0,
,,,0.325333,0.0195312476716936,
,,,0.325365,0,
,,,0.325397,0.0195312476716936,
,,,0.325429,-0.0214843724388629,
,,,0.325461,0.0195312476716936,
,,,0.325493,0.0195312476716936,
,,,0.325525,0.0195312476716936,
,,,0.325557,0.0195312476716936,
,,,0.325589,0.0195312476716936,
,,,0.325621,0,
,,,0.325653,0,
,,,0.325685,0.0195312476716936,
,,,0.325717,0,
,,,0.325749,0.0195312476716936,
,,,0.325781,0,
,,,0.325813,-0.0214843724388629,
,,,0.325845,0,
,,,0.325877,0.0195312476716936,
,,,0.325909,0.0195312476716936,
,,,0.325941,0.0195312476716936,
,,,0.325973,0.0195312476716936,
,,,0.326005,0.0195312476716936,
,,,0.326037,0,
,,,0.326069,0.0195312476716936,
,,,0.326101,0,
,,,0.326133,0.0195312476716936,
,,,0.326165,0,
,,,0.326197,0.0195312476716936,
,,,0.326229,0,
,,,0.326261,0,
,,,0.326293,0,
,,,0.326325,0.0390624953433871,
,,,0.326357,0,
,,,0.326389,0.0195312476716936,
,,,0.326421,0,
,,,0.326453,-0.0214843724388629,
,,,0.326485,0.0195312476716936,
,,,0.326517,0.0195312476716936,
,,,0.326549,0.0195312476716936,
,,,0.326581,0.0195312476716936,
,,,0.326613,0,
,,,0.326645,0.0195312476716936,
,,,0.326677,0,
,,,0.326709,0,
,,,0.326741,-0.0214843724388629,
,,,0.326773,0,
,,,0.326805,0.0195312476716936,
,,,0.326837,0.0195312476716936,
,,,0.326869,0,
,,,0.326901,0,
,,,0.326933,0.0195312476716936,
,,,0.326965,0.0195312476716936,
,,,0.326997,0.0195312476716936,
,,,0.327029,-0.0214843724388629,
,,,0.327061,0,
,,,0.327093,0.0195312476716936,
,,,0.327125,0.0195312476716936,
,,,0.327157,0.0195312476716936,
,,,0.327189,0,
,,,0.327221,0.0195312476716936,
,,,0.327253,0.0195312476716936,
,,,0.327285,0,
,,,0.327317,0.0195312476716936,
,,,0.327349,0.0195312476716936,
,,,0.327381,0,
,,,0.327413,0.0195312476716936,
,,,0.327445,0.0195312476716936,
,,,0.327477,-0.0214843724388629,
,,,0.327509,-0.0214843724388629,
,,,0.327541,0,
,,,0.327573,0,
,,,0.327605,0,
,,,0.327637,0.0195312476716936,
,,,0.327669,-0.0214843724388629,
,,,0.327701,0.0195312476716936,
,,,0.327733,-0.0410156201105565,
,,,0.327765,0,
,,,0.327797,0.0195312476716936,
,,,0.327829,0.0195312476716936,
,,,0.327861,0.0195312476716936,
,,,0.327893,0,
,,,0.327925,0,
,,,0.327957,-0.0214843724388629,
,,,0.327989,0.0390624953433871,
,,,0.328021,0.0195312476716936,
,,,0.328053,0.0195312476716936,
,,,0.328085,-0.0410156201105565,
,,,0.328117,0,
,,,0.328149,0,
,,,0.328181,0,
,,,0.328213,0,
,,,0.328245,0,
,,,0.328277,0.0195312476716936,
,,,0.328309,0,
,,,0.328341,-0.0214843724388629,
,,,0.328373,0,
,,,0.328405,0.0195312476716936,
,,,0.328437,0,
,,,0.328469,0.0195312476716936,
,,,0.328501,0,
,,,0.328533,0.0195312476716936,
,,,0.328565,0,
,,,0.328597,-0.0214843724388629,
,,,0.328629,0.0195312476716936,
,,,0.328661,0.0195312476716936,
,,,0.328693,0,
,,,0.328725,0,
,,,0.328757,0,
,,,0.328789,-0.0214843724388629,
,,,0.328821,0,
,,,0.328853,0.0390624953433871,
,,,0.328885,-0.0214843724388629,
,,,0.328917,0.0195312476716936,
,,,0.328949,0.0195312476716936,
,,,0.328981,0,
,,,0.329013,0.0195312476716936,
,,,0.329045,-0.0214843724388629,
,,,0.329077,0,
,,,0.329109,0,
,,,0.329141,0,
,,,0.329173,-0.0214843724388629,
,,,0.329205,0.0390624953433871,
,,,0.329237,0.0195312476716936,
,,,0.329269,0,
,,,0.329301,0,
,,,0.329333,-0.0214843724388629,
,,,0.329365,0,
,,,0.329397,0,
,,,0.329429,0,
,,,0.329461,0,
,,,0.329493,0,
,,,0.329525,0,
,,,0.329557,0.0195312476716936,
,,,0.329589,0,
,,,0.329621,0.0195312476716936,
,,,0.329653,0.0195312476716936,
,,,0.329685,0,
,,,0.329717,0,
,,,0.329749,0,
,,,0.329781,0.0195312476716936,
,,,0.329813,0.0195312476716936,
,,,0.329845,0.0195312476716936,
,,,0.329877,0.0195312476716936,
,,,0.329909,0.0195312476716936,
,,,0.329941,0.0195312476716936,
,,,0.329973,0.0195312476716936,
,,,0.330005,0,
,,,0.330037,0,
,,,0.330069,0.0195312476716936,
,,,0.330101,0,
,,,0.330133,0,
,,,0.330165,0.0195312476716936,
,,,0.330197,0.0195312476716936,
,,,0.330229,0.0195312476716936,
,,,0.330261,0.0195312476716936,
,,,0.330293,0,
,,,0.330325,0,
,,,0.330357,0,
,,,0.330389,0.0195312476716936,
,,,0.330421,0,
,,,0.330453,0.0195312476716936,
,,,0.330485,0,
,,,0.330517,0,
,,,0.330549,0.0195312476716936,
,,,0.330581,-0.0214843724388629,
,,,0.330613,0.0390624953433871,
,,,0.330645,0,
,,,0.330677,0.0195312476716936,
,,,0.330709,0,
,,,0.330741,0.0195312476716936,
,,,0.330773,-0.0214843724388629,
,,,0.330805,-0.0214843724388629,
,,,0.330837,0.0195312476716936,
,,,0.330869,0,
,,,0.330901,0.0195312476716936,
,,,0.330933,0,
,,,0.330965,0.0195312476716936,
,,,0.330997,0.0195312476716936,
,,,0.331029,0.0195312476716936,
,,,0.331061,0.0195312476716936,
,,,0.331093,0,
,,,0.331125,0,
,,,0.331157,0,
,,,0.331189,0.0195312476716936,
,,,0.331221,0.0195312476716936,
,,,0.331253,0,
,,,0.331285,0.0195312476716936,
,,,0.331317,0,
,,,0.331349,0,
,,,0.331381,0.0195312476716936,
,,,0.331413,0.0195312476716936,
,,,0.331445,0,
,,,0.331477,0,
,,,0.331509,0,
,,,0.331541,0,
,,,0.331573,0,
,,,0.331605,0.0390624953433871,
,,,0.331637,0.0195312476716936,
,,,0.331669,0,
,,,0.331701,0,
,,,0.331733,0.0390624953433871,
,,,0.331765,0,
,,,0.331797,0,
,,,0.331829,0,
,,,0.331861,0,
,,,0.331893,0,
,,,0.331925,0,
,,,0.331957,0,
,,,0.331989,0.0195312476716936,
,,,0.332021,0.0195312476716936,
,,,0.332053,-0.0214843724388629,
,,,0.332085,-0.0214843724388629,
,,,0.332117,0.0195312476716936,
,,,0.332149,0.0195312476716936,
,,,0.332181,0.0195312476716936,
,,,0.332213,0.0195312476716936,
,,,0.332245,0.0195312476716936,
,,,0.332277,0,
,,,0.332309,0,
,,,0.332341,0,
,,,0.332373,0.0195312476716936,
,,,0.332405,0,
,,,0.332437,0.0195312476716936,
,,,0.332469,0,
,,,0.332501,0,
,,,0.332533,0.0195312476716936,
,,,0.332565,0.0195312476716936,
,,,0.332597,0,
,,,0.332629,0,
,,,0.332661,0.0195312476716936,
,,,0.332693,0,
,,,0.332725,0.0195312476716936,
,,,0.332757,0.0195312476716936,
,,,0.332789,0,
,,,0.332821,0.0195312476716936,
,,,0.332853,0,
,,,0.332885,0.0195312476716936,
,,,0.332917,0,
,,,0.332949,0.0195312476716936,
,,,0.332981,0.0195312476716936,
,,,0.333013,-0.0214843724388629,
,,,0.333045,0.0195312476716936,
,,,0.333077,0,
,,,0.333109,0,
,,,0.333141,-0.0410156201105565,
,,,0.333173,0.0195312476716936,
,,,0.333205,0.0195312476716936,
,,,0.333237,0,
,,,0.333269,0.0195312476716936,
,,,0.333301,0.0195312476716936,
,,,0.333333,-0.06054686778225,
,,,0.333365,0,
,,,0.333397,0.0195312476716936,
,,,0.333429,0,
,,,0.333461,0,
,,,0.333493,0,
,,,0.333525,0.0195312476716936,
,,,0.333557,0.0195312476716936,
,,,0.333589,0,
,,,0.333621,0,
,,,0.333653,0.0390624953433871,
,,,0.333685,0,
,,,0.333717,0,
,,,0.333749,0.0195312476716936,
,,,0.333781,0,
,,,0.333813,0.0195312476716936,
,,,0.333845,0,
,,,0.333877,0.0195312476716936,
,,,0.333909,0,
,,,0.333941,0,
,,,0.333973,0,
,,,0.334005,0.0195312476716936,
,,,0.334037,0.0390624953433871,
,,,0.334069,0.0195312476716936,
,,,0.334101,-0.0214843724388629,
,,,0.334133,0,
,,,0.334165,0,
,,,0.334197,0.0195312476716936,
,,,0.334229,0.0195312476716936,
,,,0.334261,0,
,,,0.334293,0.0195312476716936,
,,,0.334325,0,
,,,0.334357,0.0195312476716936,
,,,0.334389,0.0195312476716936,
,,,0.334421,0.0195312476716936,
,,,0.334453,-0.0214843724388629,
,,,0.334485,0.0195312476716936,
,,,0.334517,0.0585937430150807,
,,,0.334549,0.0195312476716936,
,,,0.334581,0.0195312476716936,
,,,0.334613,-0.0214843724388629,
,,,0.334645,0.0195312476716936,
,,,0.334677,0.0195312476716936,
,,,0.334709,0.0195312476716936,
,,,0.334741,0.0390624953433871,
,,,0.334773,0.0195312476716936,
,,,0.334805,0,
,,,0.334837,0.0195312476716936,
,,,0.334869,0,
,,,0.334901,0,
,,,0.334933,0,
,,,0.334965,0,
,,,0.334997,0.0195312476716936,
,,,0.335029,0.0195312476716936,
,,,0.335061,0.0195312476716936,
,,,0.335093,0.0195312476716936,
,,,0.335125,0.0195312476716936,
,,,0.335157,0,
,,,0.335189,0.0195312476716936,
,,,0.335221,0.0195312476716936,
,,,0.335253,0.0195312476716936,
,,,0.335285,0.0195312476716936,
,,,0.335317,0,
,,,0.335349,0,
,,,0.335381,0,
,,,0.335413,0,
,,,0.335445,0.0195312476716936,
,,,0.335477,0.0195312476716936,
,,,0.335509,0.0195312476716936,
,,,0.335541,0.0195312476716936,
,,,0.335573,0.0195312476716936,
,,,0.335605,0,
,,,0.335637,0.0195312476716936,
,,,0.335669,0.0195312476716936,
,,,0.335701,0.0195312476716936,
,,,0.335733,0,
,,,0.335765,0.0195312476716936,
,,,0.335797,0.0195312476716936,
,,,0.335829,0,
,,,0.335861,0.0195312476716936,
,,,0.335893,0.0195312476716936,
,,,0.335925,0.0195312476716936,
,,,0.335957,0,
,,,0.335989,0.0195312476716936,
,,,0.336021,0.0195312476716936,
,,,0.336053,0,
,,,0.336085,0.0195312476716936,
,,,0.336117,0,
,,,0.336149,0.0195312476716936,
,,,0.336181,0.0390624953433871,
,,,0.336213,0,
,,,0.336245,0.0195312476716936,
,,,0.336277,0.0195312476716936,
,,,0.336309,-0.06054686778225,
,,,0.336341,-0.0214843724388629,
,,,0.336373,0.0195312476716936,
,,,0.336405,0,
,,,0.336437,0,
,,,0.336469,0,
,,,0.336501,0.0195312476716936,
,,,0.336533,0,
,,,0.336565,0,
,,,0.336597,0,
,,,0.336629,0.0195312476716936,
,,,0.336661,0.0195312476716936,
,,,0.336693,0,
,,,0.336725,0.0195312476716936,
,,,0.336757,0.0195312476716936,
,,,0.336789,0,
,,,0.336821,0,
,,,0.336853,0,
,,,0.336885,0,
,,,0.336917,0.0195312476716936,
,,,0.336949,0,
,,,0.336981,0,
,,,0.337013,0.0195312476716936,
,,,0.337045,0.0195312476716936,
,,,0.337077,0.0195312476716936,
,,,0.337109,0.0195312476716936,
,,,0.337141,0.0195312476716936,
,,,0.337173,0,
,,,0.337205,0.0195312476716936,
,,,0.337237,0.0195312476716936,
,,,0.337269,0.0195312476716936,
,,,0.337301,0,
,,,0.337333,0,
,,,0.337365,0.0195312476716936,
,,,0.337397,0.0195312476716936,
,,,0.337429,0.0390624953433871,
,,,0.337461,0.0195312476716936,
,,,0.337493,0,
,,,0.337525,0.0195312476716936,
,,,0.337557,0,
,,,0.337589,-0.0214843724388629,
,,,0.337621,0.0195312476716936,
,,,0.337653,0,
,,,0.337685,0.0195312476716936,
,,,0.337717,0.0195312476716936,
,,,0.337749,0.0390624953433871,
,,,0.337781,0.0195312476716936,
,,,0.337813,-0.0214843724388629,
,,,0.337845,0.0195312476716936,
,,,0.337877,0.0195312476716936,
,,,0.337909,0.0195312476716936,
,,,0.337941,0.0195312476716936,
,,,0.337973,0,
,,,0.338005,-0.0214843724388629,
,,,0.338037,0.0195312476716936,
,,,0.338069,0.0195312476716936,
,,,0.338101,0,
,,,0.338133,0,
,,,0.338165,0,
,,,0.338197,0,
,,,0.338229,0,
,,,0.338261,0.0195312476716936,
,,,0.338293,0,
,,,0.338325,0,
,,,0.338357,0,
,,,0.338389,0,
,,,0.338421,0,
,,,0.338453,0,
,,,0.338485,0,
,,,0.338517,0,
,,,0.338549,0,
,,,0.338581,-0.0214843724388629,
,,,0.338613,0,
,,,0.338645,-0.0214843724388629,
,,,0.338677,0.0195312476716936,
,,,0.338709,0,
,,,0.338741,0,
,,,0.338773,0,
,,,0.338805,0,
,,,0.338837,-0.0214843724388629,
,,,0.338869,-0.0410156201105565,
,,,0.338901,0,
,,,0.338933,-0.0214843724388629,
,,,0.338965,-0.0214843724388629,
,,,0.338997,0,
,,,0.339029,0,
,,,0.339061,0,
,,,0.339093,0.0195312476716936,
,,,0.339125,0.0390624953433871,
,,,0.339157,0.0195312476716936,
,,,0.339189,0,
,,,0.339221,0.0195312476716936,
,,,0.339253,0.0195312476716936,
,,,0.339285,0,
,,,0.339317,0,
,,,0.339349,0,
,,,0.339381,0,
,,,0.339413,-0.0214843724388629,
,,,0.339445,0,
,,,0.339477,0,
,,,0.339509,0,
,,,0.339541,0,
,,,0.339573,0,
,,,0.339605,0,
,,,0.339637,0,
,,,0.339669,0,
,,,0.339701,0,
,,,0.339733,-0.0214843724388629,
,,,0.339765,0,
,,,0.339797,0.0195312476716936,
,,,0.339829,0,
,,,0.339861,0,
,,,0.339893,0,
,,,0.339925,0.0195312476716936,
,,,0.339957,0,
,,,0.339989,-0.0214843724388629,
,,,0.340021,0,
,,,0.340053,0,
,,,0.340085,0,
,,,0.340117,0,
,,,0.340149,0,
,,,0.340181,0.0390624953433871,
,,,0.340213,0,
,,,0.340245,0.0195312476716936,
,,,0.340277,0,
,,,0.340309,0,
,,,0.340341,0,
,,,0.340373,0,
,,,0.340405,0,
,,,0.340437,0,
,,,0.340469,0.0195312476716936,
,,,0.340501,0,
,,,0.340533,0.0195312476716936,
,,,0.340565,0,
,,,0.340597,0.0195312476716936,
,,,0.340629,0,
,,,0.340661,0,
,,,0.340693,0,
,,,0.340725,0,
,,,0.340757,0.0195312476716936,
,,,0.340789,0.0195312476716936,
,,,0.340821,0,
,,,0.340853,-0.0410156201105565,
,,,0.340885,-0.0214843724388629,
,,,0.340917,0.0195312476716936,
,,,0.340949,0,
,,,0.340981,0,
,,,0.341013,0.0195312476716936,
,,,0.341045,0,
,,,0.341077,0.0195312476716936,
,,,0.341109,0.0195312476716936,
,,,0.341141,0.0195312476716936,
,,,0.341173,0,
,,,0.341205,0,
,,,0.341237,0.0195312476716936,
,,,0.341269,0.0195312476716936,
,,,0.341301,0.0195312476716936,
,,,0.341333,0,
,,,0.341365,0,
,,,0.341397,0.0195312476716936,
,,,0.341429,0,
,,,0.341461,0.0195312476716936,
,,,0.341493,0,
,,,0.341525,0.0195312476716936,
,,,0.341557,0.0195312476716936,
,,,0.341589,0,
,,,0.341621,0,
,,,0.341653,0.0195312476716936,
,,,0.341685,0.0195312476716936,
,,,0.341717,0.0195312476716936,
,,,0.341749,0.0195312476716936,
,,,0.341781,0.0195312476716936,
,,,0.341813,0.0195312476716936,
,,,0.341845,0.0195312476716936,
,,,0.341877,0.0195312476716936,
,,,0.341909,0.0195312476716936,
,,,0.341941,0,
,,,0.341973,0,
,,,0.342005,0.0390624953433871,
,,,0.342037,0.0195312476716936,
,,,0.342069,0.0195312476716936,
,,,0.342101,0,
,,,0.342133,0.0195312476716936,
,,,0.342165,0.0195312476716936,
,,,0.342197,0.0195312476716936,
,,,0.342229,0,
,,,0.342261,0.0195312476716936,
,,,0.342293,0.0195312476716936,
,,,0.342325,0.0195312476716936,
,,,0.342357,0.0195312476716936,
,,,0.342389,0,
,,,0.342421,0.0390624953433871,
,,,0.342453,0,
,,,0.342485,0.0195312476716936,
,,,0.342517,0.0195312476716936,
,,,0.342549,0,
,,,0.342581,0,
,,,0.342613,-0.0410156201105565,
,,,0.342645,0.0195312476716936,
,,,0.342677,0,
,,,0.342709,0.0195312476716936,
,,,0.342741,0,
,,,0.342773,0,
,,,0.342805,0,
,,,0.342837,0.0195312476716936,
,,,0.342869,0,
,,,0.342901,0,
,,,0.342933,0.0195312476716936,
,,,0.342965,0,
,,,0.342997,0.0195312476716936,
,,,0.343029,0.0195312476716936,
,,,0.343061,0,
,,,0.343093,0.0195312476716936,
,,,0.343125,0,
,,,0.343157,0.0195312476716936,
,,,0.343189,0.0195312476716936,
,,,0.343221,0.0585937430150807,
,,,0.343253,0,
,,,0.343285,0,
,,,0.343317,0.0195312476716936,
,,,0.343349,0,
,,,0.343381,0,
,,,0.343413,0.0195312476716936,
,,,0.343445,0.0195312476716936,
,,,0.343477,0.0195312476716936,
,,,0.343509,0.0195312476716936,
,,,0.343541,0,
,,,0.343573,0,
,,,0.343605,0.0195312476716936,
,,,0.343637,0,
,,,0.343669,0.0195312476716936,
,,,0.343701,0.0195312476716936,
,,,0.343733,0.0195312476716936,
,,,0.343765,0,
,,,0.343797,0.0195312476716936,
,,,0.343829,0,
,,,0.343861,0.0195312476716936,
,,,0.343893,0,
,,,0.343925,0.0195312476716936,
,,,0.343957,0.0195312476716936,
,,,0.343989,-0.0410156201105565,
,,,0.344021,0,
,,,0.344053,0,
,,,0.344085,0,
,,,0.344117,0.0195312476716936,
,,,0.344149,0.0195312476716936,
,,,0.344181,0.0195312476716936,
,,,0.344213,0,
,,,0.344245,0.0195312476716936,
,,,0.344277,0,
,,,0.344309,0.0195312476716936,
,,,0.344341,0.0195312476716936,
,,,0.344373,0.0195312476716936,
,,,0.344405,0.0195312476716936,
,,,0.344437,0,
,,,0.344469,0,
,,,0.344501,-0.0214843724388629,
,,,0.344533,0.0195312476716936,
,,,0.344565,0,
,,,0.344597,0,
,,,0.344629,0,
,,,0.344661,0,
,,,0.344693,-0.0214843724388629,
,,,0.344725,0,
,,,0.344757,0,
,,,0.344789,0,
,,,0.344821,0,
,,,0.344853,0.0195312476716936,
,,,0.344885,0,
,,,0.344917,-0.0214843724388629,
,,,0.344949,-0.0214843724388629,
,,,0.344981,0.0195312476716936,
,,,0.345013,0,
,,,0.345045,0,
,,,0.345077,0,
,,,0.345109,0,
,,,0.345141,0,
,,,0.345173,0,
,,,0.345205,0,
,,,0.345237,0,
,,,0.345269,0.0195312476716936,
,,,0.345301,0,
,,,0.345333,0.0195312476716936,
,,,0.345365,0,
,,,0.345397,0.0195312476716936,
,,,0.345429,0.0195312476716936,
,,,0.345461,0,
,,,0.345493,0,
,,,0.345525,0,
,,,0.345557,0,
,,,0.345589,0,
,,,0.345621,0,
,,,0.345653,0,
,,,0.345685,0,
,,,0.345717,0,
,,,0.345749,0,
,,,0.345781,0,
,,,0.345813,0,
,,,0.345845,0,
,,,0.345877,-0.0214843724388629,
,,,0.345909,0,
,,,0.345941,-0.0214843724388629,
,,,0.345973,0.0195312476716936,
,,,0.346005,0,
,,,0.346037,0,
,,,0.346069,0.0195312476716936,
,,,0.346101,0,
,,,0.346133,0,
,,,0.346165,0,
,,,0.346197,0,
,,,0.346229,0.0195312476716936,
,,,0.346261,0,
,,,0.346293,-0.0214843724388629,
,,,0.346325,0,
,,,0.346357,0.0195312476716936,
,,,0.346389,0.0195312476716936,
,,,0.346421,0,
,,,0.346453,-0.0214843724388629,
,,,0.346485,0.0195312476716936,
,,,0.346517,0.0195312476716936,
,,,0.346549,0.0195312476716936,
,,,0.346581,0.0195312476716936,
,,,0.346613,0.0195312476716936,
,,,0.346645,0,
,,,0.346677,0,
,,,0.346709,0,
,,,0.346741,0,
,,,0.346773,0.0195312476716936,
,,,0.346805,0.0195312476716936,
,,,0.346837,0.0195312476716936,
,,,0.346869,0,
,,,0.346901,0.0195312476716936,
,,,0.346933,0,
,,,0.346965,0,
,,,0.346997,0.0195312476716936,
,,,0.347029,0.0195312476716936,
,,,0.347061,0.0195312476716936,
,,,0.347093,0.0195312476716936,
,,,0.347125,0.0390624953433871,
,,,0.347157,0.0195312476716936,
,,,0.347189,0.0195312476716936,
,,,0.347221,-0.0410156201105565,
,,,0.347253,0.0195312476716936,
,,,0.347285,0.0195312476716936,
,,,0.347317,0,
,,,0.347349,0,
,,,0.347381,0,
,,,0.347413,0.0195312476716936,
,,,0.347445,0,
,,,0.347477,0,
,,,0.347509,0.0195312476716936,
,,,0.347541,0.0195312476716936,
,,,0.347573,0.0195312476716936,
,,,0.347605,0.0195312476716936,
,,,0.347637,0.0195312476716936,
,,,0.347669,0,
,,,0.347701,0.0195312476716936,
,,,0.347733,0.0195312476716936,
,,,0.347765,0,
,,,0.347797,0.0195312476716936,
,,,0.347829,-0.0214843724388629,
,,,0.347861,0.0195312476716936,
,,,0.347893,0.0195312476716936,
,,,0.347925,0.0195312476716936,
,,,0.347957,0,
,,,0.347989,0.0195312476716936,
,,,0.348021,0,
,,,0.348053,0.0195312476716936,
,,,0.348085,0.0195312476716936,
,,,0.348117,0,
,,,0.348149,0.0195312476716936,
,,,0.348181,0,
,,,0.348213,0,
,,,0.348245,0.0195312476716936,
,,,0.348277,0.0195312476716936,
,,,0.348309,0.0195312476716936,
,,,0.348341,0.0390624953433871,
,,,0.348373,-0.0214843724388629,
,,,0.348405,0.0195312476716936,
,,,0.348437,0.0195312476716936,
,,,0.348469,0,
,,,0.348501,0,
,,,0.348533,0,
,,,0.348565,0.0195312476716936,
,,,0.348597,-0.0214843724388629,
,,,0.348629,0.0195312476716936,
,,,0.348661,0,
,,,0.348693,0,
,,,0.348725,0.0195312476716936,
,,,0.348757,0,
,,,0.348789,-0.0214843724388629,
,,,0.348821,-0.0214843724388629,
,,,0.348853,0.0195312476716936,
,,,0.348885,0.0195312476716936,
,,,0.348917,0.0195312476716936,
,,,0.348949,0,
,,,0.348981,0,
,,,0.349013,0,
,,,0.349045,0.0195312476716936,
,,,0.349077,0,
,,,0.349109,0,
,,,0.349141,0.0195312476716936,
,,,0.349173,0,
,,,0.349205,0,
,,,0.349237,0.0390624953433871,
,,,0.349269,0,
,,,0.349301,0.0195312476716936,
,,,0.349333,0,
,,,0.349365,0.0195312476716936,
,,,0.349397,0.0195312476716936,
,,,0.349429,0,
,,,0.349461,0,
,,,0.349493,0.0195312476716936,
,,,0.349525,0.0195312476716936,
,,,0.349557,0.0195312476716936,
,,,0.349589,0.0195312476716936,
,,,0.349621,0.0195312476716936,
,,,0.349653,0,
,,,0.349685,0,
,,,0.349717,0.0195312476716936,
,,,0.349749,0.0195312476716936,
,,,0.349781,0,
,,,0.349813,0.0195312476716936,
,,,0.349845,0,
,,,0.349877,0.0195312476716936,
,,,0.349909,0.0195312476716936,
,,,0.349941,0,
,,,0.349973,0.0195312476716936,
,,,0.350005,0,
,,,0.350037,0.0195312476716936,
,,,0.350069,0,
,,,0.350101,0,
,,,0.350133,0.0195312476716936,
,,,0.350165,-0.0214843724388629,
,,,0.350197,0.0195312476716936,
,,,0.350229,0.0195312476716936,
,,,0.350261,0.0195312476716936,
,,,0.350293,0,
,,,0.350325,0.0195312476716936,
,,,0.350357,0.0195312476716936,
,,,0.350389,0.0195312476716936,
,,,0.350421,0,
,,,0.350453,0.0195312476716936,
,,,0.350485,0,
,,,0.350517,0.0195312476716936,
,,,0.350549,0.0195312476716936,
,,,0.350581,0.0195312476716936,
,,,0.350613,0.0195312476716936,
,,,0.350645,0.0195312476716936,
,,,0.350677,0,
,,,0.350709,0,
,,,0.350741,0,
,,,0.350773,0.0195312476716936,
,,,0.350805,0.0195312476716936,
,,,0.350837,0.0195312476716936,
,,,0.350869,0.0195312476716936,
,,,0.350901,0,
,,,0.350933,0.0195312476716936,
,,,0.350965,0.0195312476716936,
,,,0.350997,0.0195312476716936,
,,,0.351029,0,
,,,0.351061,0,
,,,0.351093,0.0195312476716936,
,,,0.351125,0,
,,,0.351157,0,
,,,0.351189,0.0390624953433871,
,,,0.351221,0.0195312476716936,
,,,0.351253,0,
,,,0.351285,0.0195312476716936,
,,,0.351317,0.0195312476716936,
,,,0.351349,0.0585937430150807,
,,,0.351381,0,
,,,0.351413,0.0390624953433871,
,,,0.351445,0.0195312476716936,
,,,0.351477,0.0195312476716936,
,,,0.351509,0,
,,,0.351541,0,
,,,0.351573,0.0195312476716936,
,,,0.351605,0.0390624953433871,
,,,0.351637,0.0195312476716936,
,,,0.351669,0.0195312476716936,
,,,0.351701,0,
,,,0.351733,0.0195312476716936,
,,,0.351765,0,
,,,0.351797,0.0195312476716936,
,,,0.351829,-0.0214843724388629,
,,,0.351861,0.0195312476716936,
,,,0.351893,-0.0214843724388629,
,,,0.351925,0.0195312476716936,
,,,0.351957,0.0195312476716936,
,,,0.351989,0.0195312476716936,
,,,0.352021,-0.101562487892807,
,,,0.352053,0,
,,,0.352085,0,
,,,0.352117,0,
,,,0.352149,0.0195312476716936,
,,,0.352181,0,
,,,0.352213,-0.0214843724388629,
,,,0.352245,0.0195312476716936,
,,,0.352277,-0.0214843724388629,
,,,0.352309,0,
,,,0.352341,0,
,,,0.352373,0.0195312476716936,
,,,0.352405,0.0195312476716936,
,,,0.352437,0.0195312476716936,
,,,0.352469,0.0195312476716936,
,,,0.352501,0,
,,,0.352533,0,
,,,0.352565,0.0195312476716936,
,,,0.352597,0,
,,,0.352629,0.0195312476716936,
,,,0.352661,0,
,,,0.352693,0.0195312476716936,
,,,0.352725,0.0195312476716936,
,,,0.352757,0,
,,,0.352789,0,
,,,0.352821,0.0195312476716936,
,,,0.352853,0.0195312476716936,
,,,0.352885,0.0195312476716936,
,,,0.352917,0,
,,,0.352949,0.0195312476716936,
,,,0.352981,0.0195312476716936,
,,,0.353013,0.0195312476716936,
,,,0.353045,0.0195312476716936,
,,,0.353077,0.0195312476716936,
,,,0.353109,0,
,,,0.353141,0,
,,,0.353173,0,
,,,0.353205,0,
,,,0.353237,0.0195312476716936,
,,,0.353269,0,
,,,0.353301,0.0195312476716936,
,,,0.353333,0,
,,,0.353365,0.0195312476716936,
,,,0.353397,0,
,,,0.353429,0.0195312476716936,
,,,0.353461,0.0195312476716936,
,,,0.353493,0,
,,,0.353525,0.0195312476716936,
,,,0.353557,0.0195312476716936,
,,,0.353589,-0.0214843724388629,
,,,0.353621,0,
,,,0.353653,0,
,,,0.353685,0,
,,,0.353717,0,
,,,0.353749,0.0195312476716936,
,,,0.353781,0,
,,,0.353813,0.0195312476716936,
,,,0.353845,0,
,,,0.353877,0.0195312476716936,
,,,0.353909,0.0195312476716936,
,,,0.353941,0,
,,,0.353973,-0.0214843724388629,
,,,0.354005,0,
,,,0.354037,0,
,,,0.354069,0.0195312476716936,
,,,0.354101,0.0195312476716936,
,,,0.354133,0.0195312476716936,
,,,0.354165,-0.0214843724388629,
,,,0.354197,0.0195312476716936,
,,,0.354229,0.0390624953433871,
,,,0.354261,0.0195312476716936,
,,,0.354293,0,
,,,0.354325,-0.0214843724388629,
,,,0.354357,0.0195312476716936,
,,,0.354389,0,
,,,0.354421,0,
,,,0.354453,0.0195312476716936,
,,,0.354485,0,
,,,0.354517,0,
,,,0.354549,-0.0214843724388629,
,,,0.354581,0.0195312476716936,
,,,0.354613,0,
,,,0.354645,0,
,,,0.354677,0,
,,,0.354709,0.0195312476716936,
,,,0.354741,0.0195312476716936,
,,,0.354773,0,
,,,0.354805,0.0195312476716936,
,,,0.354837,0.0195312476716936,
,,,0.354869,0.0195312476716936,
,,,0.354901,0.0195312476716936,
,,,0.354933,-0.0410156201105565,
,,,0.354965,0,
,,,0.354997,0,
,,,0.355029,-0.0214843724388629,
,,,0.355061,0.0195312476716936,
,,,0.355093,0.0195312476716936,
,,,0.355125,0.0195312476716936,
,,,0.355157,-0.0214843724388629,
,,,0.355189,0.0195312476716936,
,,,0.355221,0.0195312476716936,
,,,0.355253,0,
,,,0.355285,0,
,,,0.355317,0,
,,,0.355349,0,
,,,0.355381,0.0195312476716936,
,,,0.355413,0,
,,,0.355445,0,
,,,0.355477,0.0195312476716936,
,,,0.355509,0,
,,,0.355541,0,
,,,0.355573,0,
,,,0.355605,0.0195312476716936,
,,,0.355637,0,
,,,0.355669,-0.0214843724388629,
,,,0.355701,0.0195312476716936,
,,,0.355733,0.0195312476716936,
,,,0.355765,0,
,,,0.355797,0,
,,,0.355829,0,
,,,0.355861,0,
,,,0.355893,0,
,,,0.355925,0,
,,,0.355957,0,
,,,0.355989,0,
,,,0.356021,0,
,,,0.356053,0,
,,,0.356085,0.0195312476716936,
,,,0.356117,0,
,,,0.356149,0,
,,,0.356181,0.0195312476716936,
,,,0.356213,0,
,,,0.356245,0,
,,,0.356277,0,
,,,0.356309,0.0195312476716936,
,,,0.356341,0,
,,,0.356373,0.0195312476716936,
,,,0.356405,0,
,,,0.356437,0,
,,,0.356469,0,
,,,0.356501,0,
,,,0.356533,0,
,,,0.356565,-0.0214843724388629,
,,,0.356597,0.0195312476716936,
,,,0.356629,0,
,,,0.356661,0,
,,,0.356693,0.0195312476716936,
,,,0.356725,0,
,,,0.356757,0,
,,,0.356789,-0.0214843724388629,
,,,0.356821,0,
,,,0.356853,0,
,,,0.356885,0.0195312476716936,
,,,0.356917,-0.0410156201105565,
,,,0.356949,0,
,,,0.356981,0,
,,,0.357013,0,
,,,0.357045,0.0195312476716936,
,,,0.357077,0.0195312476716936,
,,,0.357109,0,
,,,0.357141,0.0195312476716936,
,,,0.357173,0.0195312476716936,
,,,0.357205,0,
,,,0.357237,0.0195312476716936,
,,,0.357269,0,
,,,0.357301,0,
,,,0.357333,0,
,,,0.357365,0,
,,,0.357397,-0.0214843724388629,
,,,0.357429,0.0195312476716936,
,,,0.357461,0,
,,,0.357493,0.0195312476716936,
,,,0.357525,0.0195312476716936,
,,,0.357557,0,
,,,0.357589,0,
,,,0.357621,0,
,,,0.357653,0,
,,,0.357685,0.0195312476716936,
,,,0.357717,0.0195312476716936,
,,,0.357749,0.0195312476716936,
,,,0.357781,0.0195312476716936,
,,,0.357813,0.0195312476716936,
,,,0.357845,0.0195312476716936,
,,,0.357877,0,
,,,0.357909,0.0195312476716936,
,,,0.357941,0,
,,,0.357973,0.0195312476716936,
,,,0.358005,0,
,,,0.358037,0,
,,,0.358069,0.0195312476716936,
,,,0.358101,0.0195312476716936,
,,,0.358133,0,
,,,0.358165,0.0195312476716936,
,,,0.358197,0.0195312476716936,
,,,0.358229,0,
,,,0.358261,0.0195312476716936,
,,,0.358293,0,
,,,0.358325,0.0195312476716936,
,,,0.358357,0,
,,,0.358389,0,
,,,0.358421,0.0195312476716936,
,,,0.358453,0,
,,,0.358485,0,
,,,0.358517,0,
,,,0.358549,0,
,,,0.358581,0.0195312476716936,
,,,0.358613,0,
,,,0.358645,0,
,,,0.358677,0,
,,,0.358709,0.0195312476716936,
,,,0.358741,0.0195312476716936,
,,,0.358773,0.0195312476716936,
,,,0.358805,0.0195312476716936,
,,,0.358837,0.0195312476716936,
,,,0.358869,0,
,,,0.358901,0,
,,,0.358933,0,
,,,0.358965,0.0195312476716936,
,,,0.358997,0.0195312476716936,
,,,0.359029,0.0195312476716936,
,,,0.359061,0,
,,,0.359093,0,
,,,0.359125,-0.0214843724388629,
,,,0.359157,0,
,,,0.359189,-0.0214843724388629,
,,,0.359221,0.0195312476716936,
,,,0.359253,0,
,,,0.359285,0,
,,,0.359317,0.0195312476716936,
,,,0.359349,0.0195312476716936,
,,,0.359381,-0.0214843724388629,
,,,0.359413,0.0195312476716936,
,,,0.359445,0.0195312476716936,
,,,0.359477,0,
,,,0.359509,0.0195312476716936,
,,,0.359541,0,
,,,0.359573,0,
,,,0.359605,-0.0410156201105565,
,,,0.359637,0.0195312476716936,
,,,0.359669,0,
,,,0.359701,0,
,,,0.359733,0.0195312476716936,
,,,0.359765,-0.0800781154539436,
,,,0.359797,0,
,,,0.359829,0,
,,,0.359861,-0.0214843724388629,
,,,0.359893,0.0195312476716936,
,,,0.359925,0,
,,,0.359957,0,
,,,0.359989,0.0195312476716936,
,,,0.360021,-0.0214843724388629,
,,,0.360053,0,
,,,0.360085,0.0195312476716936,
,,,0.360117,0.0195312476716936,
,,,0.360149,0,
,,,0.360181,0.0195312476716936,
,,,0.360213,0.0195312476716936,
,,,0.360245,0,
,,,0.360277,0,
,,,0.360309,0,
,,,0.360341,0,
,,,0.360373,0.0195312476716936,
,,,0.360405,-0.0410156201105565,
,,,0.360437,0.0195312476716936,
,,,0.360469,0,
,,,0.360501,0,
,,,0.360533,0.0195312476716936,
,,,0.360565,-0.0214843724388629,
,,,0.360597,0.0195312476716936,
,,,0.360629,0,
,,,0.360661,0,
,,,0.360693,0.0195312476716936,
,,,0.360725,0.0195312476716936,
,,,0.360757,0,
,,,0.360789,0,
,,,0.360821,0,
,,,0.360853,0.0585937430150807,
,,,0.360885,-0.0214843724388629,
,,,0.360917,0.0195312476716936,
,,,0.360949,0,
,,,0.360981,0.0195312476716936,
,,,0.361013,0,
,,,0.361045,0,
,,,0.361077,0,
,,,0.361109,0,
,,,0.361141,0.0195312476716936,
,,,0.361173,0,
,,,0.361205,0,
,,,0.361237,0,
,,,0.361269,0,
,,,0.361301,0,
,,,0.361333,0,
,,,0.361365,-0.0214843724388629,
,,,0.361397,0.0195312476716936,
,,,0.361429,0,
,,,0.361461,0.0195312476716936,
,,,0.361493,0.0195312476716936,
,,,0.361525,0,
,,,0.361557,0.0195312476716936,
,,,0.361589,0,
,,,0.361621,0.0195312476716936,
,,,0.361653,0,
,,,0.361685,-0.0214843724388629,
,,,0.361717,0,
,,,0.361749,0.0390624953433871,
,,,0.361781,0,
,,,0.361813,-0.0214843724388629,
,,,0.361845,-0.0410156201105565,
,,,0.361877,0,
,,,0.361909,0,
,,,0.361941,0.0390624953433871,
,,,0.361973,0,
,,,0.362005,0,
,,,0.362037,0,
,,,0.362069,0,
,,,0.362101,0,
,,,0.362133,0.0195312476716936,
,,,0.362165,0.0195312476716936,
,,,0.362197,0,
,,,0.362229,0.0195312476716936,
,,,0.362261,0,
,,,0.362293,0,
,,,0.362325,0.0195312476716936,
,,,0.362357,0.0195312476716936,
,,,0.362389,0.0195312476716936,
,,,0.362421,0.0390624953433871,
,,,0.362453,0.0195312476716936,
,,,0.362485,0.0195312476716936,
,,,0.362517,0,
,,,0.362549,0,
,,,0.362581,0.0195312476716936,
,,,0.362613,0,
,,,0.362645,-0.0214843724388629,
,,,0.362677,0.0195312476716936,
,,,0.362709,0,
,,,0.362741,0.0195312476716936,
,,,0.362773,0.0195312476716936,
,,,0.362805,-0.0214843724388629,
,,,0.362837,-0.0214843724388629,
,,,0.362869,0.0390624953433871,
,,,0.362901,-0.0214843724388629,
,,,0.362933,0,
,,,0.362965,0.0195312476716936,
,,,0.362997,0,
,,,0.363029,0.0195312476716936,
,,,0.363061,0,
,,,0.363093,0.0195312476716936,
,,,0.363125,0,
,,,0.363157,0.0390624953433871,
,,,0.363189,0.0195312476716936,
,,,0.363221,-0.0214843724388629,
,,,0.363253,0.0195312476716936,
,,,0.363285,0.0390624953433871,
,,,0.363317,0.0195312476716936,
,,,0.363349,0,
,,,0.363381,-0.0214843724388629,
,,,0.363413,-0.0214843724388629,
,,,0.363445,0,
,,,0.363477,0,
,,,0.363509,0,
,,,0.363541,0.0195312476716936,
,,,0.363573,0,
,,,0.363605,0,
,,,0.363637,0,
,,,0.363669,0,
,,,0.363701,0,
,,,0.363733,0.0195312476716936,
,,,0.363765,0.0195312476716936,
,,,0.363797,0.0195312476716936,
,,,0.363829,0.0195312476716936,
,,,0.363861,0,
,,,0.363893,0.0195312476716936,
,,,0.363925,0.0390624953433871,
,,,0.363957,0.0195312476716936,
,,,0.363989,0.0195312476716936,
,,,0.364021,0.0195312476716936,
,,,0.364053,0.0195312476716936,
,,,0.364085,0,
,,,0.364117,0,
,,,0.364149,-0.0214843724388629,
,,,0.364181,0.0390624953433871,
,,,0.364213,0,
,,,0.364245,0,
,,,0.364277,0,
,,,0.364309,0.0195312476716936,
,,,0.364341,0.0195312476716936,
,,,0.364373,0.0195312476716936,
,,,0.364405,0.0195312476716936,
,,,0.364437,-0.0214843724388629,
,,,0.364469,0,
,,,0.364501,0.0195312476716936,
,,,0.364533,0,
,,,0.364565,0.0195312476716936,
,,,0.364597,0.0195312476716936,
,,,0.364629,0.0195312476716936,
,,,0.364661,0.0195312476716936,
,,,0.364693,-0.0214843724388629,
,,,0.364725,0,
,,,0.364757,0.0195312476716936,
,,,0.364789,0.0195312476716936,
,,,0.364821,0.0195312476716936,
,,,0.364853,0.0195312476716936,
,,,0.364885,0,
,,,0.364917,0,
,,,0.364949,0.0195312476716936,
,,,0.364981,0.0195312476716936,
,,,0.365013,0,
,,,0.365045,0.0195312476716936,
,,,0.365077,0.0195312476716936,
,,,0.365109,0.0195312476716936,
,,,0.365141,0.0195312476716936,
,,,0.365173,0.0195312476716936,
,,,0.365205,0,
,,,0.365237,0,
,,,0.365269,0.0195312476716936,
,,,0.365301,0.0195312476716936,
,,,0.365333,0.0195312476716936,
,,,0.365365,0,
,,,0.365397,0,
,,,0.365429,0.0195312476716936,
,,,0.365461,0,
,,,0.365493,0,
,,,0.365525,0.0195312476716936,
,,,0.365557,0.0195312476716936,
,,,0.365589,0,
,,,0.365621,0.0195312476716936,
,,,0.365653,0,
,,,0.365685,0,
,,,0.365717,0.0195312476716936,
,,,0.365749,0,
,,,0.365781,0,
,,,0.365813,0.0195312476716936,
,,,0.365845,0,
,,,0.365877,0.0195312476716936,
,,,0.365909,0,
,,,0.365941,0,
,,,0.365973,0.0195312476716936,
,,,0.366005,0,
,,,0.366037,0.0195312476716936,
,,,0.366069,0.0195312476716936,
,,,0.366101,0.0195312476716936,
,,,0.366133,0,
,,,0.366165,0,
,,,0.366197,0.0390624953433871,
,,,0.366229,0.0195312476716936,
,,,0.366261,0.0195312476716936,
,,,0.366293,-0.0214843724388629,
,,,0.366325,0.0390624953433871,
,,,0.366357,0.0195312476716936,
,,,0.366389,0.0195312476716936,
,,,0.366421,0.0195312476716936,
,,,0.366453,0.0195312476716936,
,,,0.366485,0,
,,,0.366517,0,
,,,0.366549,0,
,,,0.366581,0.0390624953433871,
,,,0.366613,0,
,,,0.366645,0.0195312476716936,
,,,0.366677,0,
,,,0.366709,0.0195312476716936,
,,,0.366741,0,
,,,0.366773,0,
,,,0.366805,0.0195312476716936,
,,,0.366837,0.0195312476716936,
,,,0.366869,-0.0214843724388629,
,,,0.366901,0.0195312476716936,
,,,0.366933,0,
,,,0.366965,0.0195312476716936,
,,,0.366997,0.0195312476716936,
,,,0.367029,0.0195312476716936,
,,,0.367061,0,
,,,0.367093,0.0195312476716936,
,,,0.367125,0.0195312476716936,
,,,0.367157,0.0195312476716936,
,,,0.367189,0.0195312476716936,
,,,0.367221,0.0195312476716936,
,,,0.367253,0.0195312476716936,
,,,0.367285,0.0195312476716936,
,,,0.367317,0.0195312476716936,
,,,0.367349,0.0390624953433871,
,,,0.367381,0.0195312476716936,
,,,0.367413,0,
,,,0.367445,0.0195312476716936,
,,,0.367477,0.0195312476716936,
,,,0.367509,0.0195312476716936,
,,,0.367541,0.0195312476716936,
,,,0.367573,0.0195312476716936,
,,,0.367605,0.0195312476716936,
,,,0.367637,0,
,,,0.367669,-0.0800781154539436,
,,,0.367701,0.0195312476716936,
,,,0.367733,0,
,,,0.367765,0,
,,,0.367797,0.0195312476716936,
,,,0.367829,0.0195312476716936,
,,,0.367861,0,
,,,0.367893,0,
,,,0.367925,0,
,,,0.367957,0.0195312476716936,
,,,0.367989,0,
,,,0.368021,-0.0214843724388629,
,,,0.368053,0,
,,,0.368085,0.0195312476716936,
,,,0.368117,0.0195312476716936,
,,,0.368149,0.0195312476716936,
,,,0.368181,0,
,,,0.368213,0.0195312476716936,
,,,0.368245,0,
,,,0.368277,0.0195312476716936,
,,,0.368309,0.0585937430150807,
,,,0.368341,0.0390624953433871,
,,,0.368373,0.0195312476716936,
,,,0.368405,0.0195312476716936,
,,,0.368437,0.0195312476716936,
,,,0.368469,0,
,,,0.368501,0.0195312476716936,
,,,0.368533,0,
,,,0.368565,0.0195312476716936,
,,,0.368597,0,
,,,0.368629,0,
,,,0.368661,0.0195312476716936,
,,,0.368693,0,
,,,0.368725,0.0195312476716936,
,,,0.368757,0,
,,,0.368789,-0.0214843724388629,
,,,0.368821,0.0195312476716936,
,,,0.368853,0.0195312476716936,
,,,0.368885,0.0195312476716936,
,,,0.368917,0.0195312476716936,
,,,0.368949,0,
,,,0.368981,0.0195312476716936,
,,,0.369013,0,
,,,0.369045,0,
,,,0.369077,0.0195312476716936,
,,,0.369109,0.0195312476716936,
,,,0.369141,0.0195312476716936,
,,,0.369173,0.0195312476716936,
,,,0.369205,0.0390624953433871,
,,,0.369237,0.0195312476716936,
,,,0.369269,0.0390624953433871,
,,,0.369301,0,
,,,0.369333,0.0195312476716936,
,,,0.369365,0,
,,,0.369397,0,
,,,0.369429,0.0195312476716936,
,,,0.369461,0.0195312476716936,
,,,0.369493,0.0195312476716936,
,,,0.369525,0,
,,,0.369557,0.0195312476716936,
,,,0.369589,0.0195312476716936,
,,,0.369621,0.0195312476716936,
,,,0.369653,0,
,,,0.369685,0.0195312476716936,
,,,0.369717,0.0195312476716936,
,,,0.369749,0,
,,,0.369781,0.0195312476716936,
,,,0.369813,0.0195312476716936,
,,,0.369845,0,
,,,0.369877,0.0195312476716936,
,,,0.369909,0.0195312476716936,
,,,0.369941,0.0195312476716936,
,,,0.369973,0,
,,,0.370005,0.0195312476716936,
,,,0.370037,0.0195312476716936,
,,,0.370069,0.0390624953433871,
,,,0.370101,0,
,,,0.370133,0.0195312476716936,
,,,0.370165,-0.0214843724388629,
,,,0.370197,-0.0214843724388629,
,,,0.370229,0,
,,,0.370261,-0.0214843724388629,
,,,0.370293,0.0195312476716936,
,,,0.370325,0.0195312476716936,
,,,0.370357,0.0195312476716936,
,,,0.370389,0.0195312476716936,
,,,0.370421,0,
,,,0.370453,0,
,,,0.370485,0.0390624953433871,
,,,0.370517,0.0195312476716936,
,,,0.370549,0,
,,,0.370581,-0.0214843724388629,
,,,0.370613,0.0390624953433871,
,,,0.370645,0,
,,,0.370677,-0.0214843724388629,
,,,0.370709,0,
,,,0.370741,0,
,,,0.370773,0,
,,,0.370805,-0.0214843724388629,
,,,0.370837,0.0195312476716936,
,,,0.370869,0,
,,,0.370901,0.0195312476716936,
,,,0.370933,0.0195312476716936,
,,,0.370965,0,
,,,0.370997,0.0195312476716936,
,,,0.371029,0.0195312476716936,
,,,0.371061,0.0195312476716936,
,,,0.371093,0,
,,,0.371125,-0.0214843724388629,
,,,0.371157,0,
,,,0.371189,0.0195312476716936,
,,,0.371221,0,
,,,0.371253,0.0195312476716936,
,,,0.371285,0.0195312476716936,
,,,0.371317,0,
,,,0.371349,0,
,,,0.371381,0,
,,,0.371413,0.0390624953433871,
,,,0.371445,0,
,,,0.371477,0.0195312476716936,
,,,0.371509,0.0195312476716936,
,,,0.371541,0,
,,,0.371573,0,
,,,0.371605,0,
,,,0.371637,0,
,,,0.371669,0,
,,,0.371701,-0.0214843724388629,
,,,0.371733,0.0195312476716936,
,,,0.371765,0,
,,,0.371797,0.0195312476716936,
,,,0.371829,0.0390624953433871,
,,,0.371861,0.0195312476716936,
,,,0.371893,0,
,,,0.371925,0.0195312476716936,
,,,0.371957,0,
,,,0.371989,0,
,,,0.372021,0,
,,,0.372053,0,
,,,0.372085,0,
,,,0.372117,0,
,,,0.372149,0,
,,,0.372181,0.0195312476716936,
,,,0.372213,0,
,,,0.372245,0.0195312476716936,
,,,0.372277,0,
,,,0.372309,0,
,,,0.372341,0,
,,,0.372373,0.0195312476716936,
,,,0.372405,0.0195312476716936,
,,,0.372437,0,
,,,0.372469,0,
,,,0.372501,0,
,,,0.372533,0.0390624953433871,
,,,0.372565,0,
,,,0.372597,-0.0214843724388629,
,,,0.372629,0,
,,,0.372661,0.0195312476716936,
,,,0.372693,0,
,,,0.372725,0,
,,,0.372757,0,
,,,0.372789,0.0195312476716936,
,,,0.372821,-0.0214843724388629,
,,,0.372853,0,
,,,0.372885,0,
,,,0.372917,0,
,,,0.372949,0.0195312476716936,
,,,0.372981,0,
,,,0.373013,0,
,,,0.373045,0.0195312476716936,
,,,0.373077,0.0195312476716936,
,,,0.373109,0.0195312476716936,
,,,0.373141,0.0195312476716936,
,,,0.373173,0.0195312476716936,
,,,0.373205,0.0195312476716936,
,,,0.373237,0,
,,,0.373269,0.0195312476716936,
,,,0.373301,0,
,,,0.373333,0,
,,,0.373365,0,
,,,0.373397,0,
,,,0.373429,0,
,,,0.373461,0,
,,,0.373493,0,
,,,0.373525,0.0195312476716936,
,,,0.373557,0,
,,,0.373589,0,
,,,0.373621,0,
,,,0.373653,-0.0214843724388629,
,,,0.373685,0,
,,,0.373717,-0.0214843724388629,
,,,0.373749,0,
,,,0.373781,0.0195312476716936,
,,,0.373813,0.0195312476716936,
,,,0.373845,-0.0214843724388629,
,,,0.373877,0.0195312476716936,
,,,0.373909,0,
,,,0.373941,0,
,,,0.373973,0,
,,,0.374005,0.0195312476716936,
,,,0.374037,-0.0214843724388629,
,,,0.374069,-0.0214843724388629,
,,,0.374101,0.0195312476716936,
,,,0.374133,0.0195312476716936,
,,,0.374165,0,
,,,0.374197,0,
,,,0.374229,0.0195312476716936,
,,,0.374261,0,
,,,0.374293,0,
,,,0.374325,0.0195312476716936,
,,,0.374357,0.0195312476716936,
,,,0.374389,0.0195312476716936,
,,,0.374421,0,
,,,0.374453,0,
,,,0.374485,0,
,,,0.374517,0,
,,,0.374549,0,
,,,0.374581,0,
,,,0.374613,0.0195312476716936,
,,,0.374645,0,
,,,0.374677,0.0195312476716936,
,,,0.374709,0,
,,,0.374741,0,
,,,0.374773,0,
,,,0.374805,0.0195312476716936,
,,,0.374837,0,
,,,0.374869,0.0195312476716936,
,,,0.374901,0,
,,,0.374933,0.0195312476716936,
,,,0.374965,0.0195312476716936,
,,,0.374997,0,
,,,0.375029,0.0195312476716936,
,,,0.375061,0.0195312476716936,
,,,0.375093,0,
,,,0.375125,0.0195312476716936,
,,,0.375157,0,
,,,0.375189,0,
,,,0.375221,0.0195312476716936,
,,,0.375253,0.0195312476716936,
,,,0.375285,0.0195312476716936,
,,,0.375317,0,
,,,0.375349,0.0195312476716936,
,,,0.375381,0.0195312476716936,
,,,0.375413,0.0195312476716936,
,,,0.375445,0.0195312476716936,
,,,0.375477,0.0195312476716936,
,,,0.375509,0.0195312476716936,
,,,0.375541,-0.0214843724388629,
,,,0.375573,0,
,,,0.375605,0.0195312476716936,
,,,0.375637,0.0195312476716936,
,,,0.375669,0.0195312476716936,
,,,0.375701,0.0195312476716936,
,,,0.375733,0,
,,,0.375765,0,
,,,0.375797,0.0195312476716936,
,,,0.375829,-0.0214843724388629,
,,,0.375861,0.0585937430150807,
,,,0.375893,0,
,,,0.375925,0.0195312476716936,
,,,0.375957,0.0195312476716936,
,,,0.375989,0.0195312476716936,
,,,0.376021,0,
,,,0.376053,0.0195312476716936,
,,,0.376085,0.0195312476716936,
,,,0.376117,0.0195312476716936,
,,,0.376149,0.0195312476716936,
,,,0.376181,0,
,,,0.376213,0.0195312476716936,
,,,0.376245,0.0195312476716936,
,,,0.376277,0.0195312476716936,
,,,0.376309,0,
,,,0.376341,0.0195312476716936,
,,,0.376373,0.0195312476716936,
,,,0.376405,0,
,,,0.376437,0.0195312476716936,
,,,0.376469,0,
,,,0.376501,0.0195312476716936,
,,,0.376533,0.0195312476716936,
,,,0.376565,0,
,,,0.376597,0.0195312476716936,
,,,0.376629,0.0195312476716936,
,,,0.376661,0,
,,,0.376693,0.0195312476716936,
,,,0.376725,0.0195312476716936,
,,,0.376757,0,
,,,0.376789,0.0195312476716936,
,,,0.376821,0.0195312476716936,
,,,0.376853,0,
,,,0.376885,0,
,,,0.376917,0,
,,,0.376949,0.0195312476716936,
,,,0.376981,0,
,,,0.377013,0,
,,,0.377045,0.0195312476716936,
,,,0.377077,-0.0214843724388629,
,,,0.377109,0,
,,,0.377141,0.0195312476716936,
,,,0.377173,0.0195312476716936,
,,,0.377205,-0.0214843724388629,
,,,0.377237,0.0195312476716936,
,,,0.377269,0.0195312476716936,
,,,0.377301,0,
,,,0.377333,0.0585937430150807,
,,,0.377365,0,
,,,0.377397,0.0195312476716936,
,,,0.377429,0.0195312476716936,
,,,0.377461,0.0195312476716936,
,,,0.377493,0.0195312476716936,
,,,0.377525,0.0195312476716936,
,,,0.377557,-0.0214843724388629,
,,,0.377589,0.0195312476716936,
,,,0.377621,-0.0214843724388629,
,,,0.377653,0.0195312476716936,
,,,0.377685,0.0195312476716936,
,,,0.377717,-0.0214843724388629,
,,,0.377749,0,
,,,0.377781,0,
,,,0.377813,0,
,,,0.377845,0,
,,,0.377877,0.0195312476716936,
,,,0.377909,0.0195312476716936,
,,,0.377941,0,
,,,0.377973,0,
,,,0.378005,0,
,,,0.378037,0,
,,,0.378069,0,
,,,0.378101,0,
,,,0.378133,0.0195312476716936,
,,,0.378165,-0.0214843724388629,
,,,0.378197,0.0585937430150807,
,,,0.378229,-0.0214843724388629,
,,,0.378261,0.0195312476716936,
,,,0.378293,0,
,,,0.378325,0,
,,,0.378357,0,
,,,0.378389,0,
,,,0.378421,0,
,,,0.378453,-0.0214843724388629,
,,,0.378485,0.0390624953433871,
,,,0.378517,0.0195312476716936,
,,,0.378549,0,
,,,0.378581,0,
,,,0.378613,-0.0410156201105565,
,,,0.378645,0.0195312476716936,
,,,0.378677,0,
,,,0.378709,0,
,,,0.378741,0,
,,,0.378773,0,
,,,0.378805,0,
,,,0.378837,0.0390624953433871,
,,,0.378869,0,
,,,0.378901,-0.0214843724388629,
,,,0.378933,-0.0214843724388629,
,,,0.378965,0,
,,,0.378997,0,
,,,0.379029,0,
,,,0.379061,0,
,,,0.379093,-0.06054686778225,
,,,0.379125,0.0195312476716936,
,,,0.379157,0,
,,,0.379189,0.0195312476716936,
,,,0.379221,0.0195312476716936,
,,,0.379253,0.0195312476716936,
,,,0.379285,0.0195312476716936,
,,,0.379317,0.0195312476716936,
,,,0.379349,0,
,,,0.379381,0,
,,,0.379413,0.0195312476716936,
,,,0.379445,0,
,,,0.379477,0,
,,,0.379509,0,
,,,0.379541,0.0195312476716936,
,,,0.379573,0,
,,,0.379605,0,
,,,0.379637,0.0195312476716936,
,,,0.379669,-0.0214843724388629,
,,,0.379701,0,
,,,0.379733,0.0195312476716936,
,,,0.379765,0,
,,,0.379797,0.0195312476716936,
,,,0.379829,0,
,,,0.379861,0,
,,,0.379893,0,
,,,0.379925,0.0195312476716936,
,,,0.379957,0,
,,,0.379989,0.0195312476716936,
,,,0.380021,0,
,,,0.380053,0,
,,,0.380085,0.0195312476716936,
,,,0.380117,0.0390624953433871,
,,,0.380149,0,
,,,0.380181,0,
,,,0.380213,0.0195312476716936,
,,,0.380245,0.0195312476716936,
,,,0.380277,0.0195312476716936,
,,,0.380309,0,
,,,0.380341,0.0195312476716936,
,,,0.380373,0.0195312476716936,
,,,0.380405,0.0195312476716936,
,,,0.380437,0.0195312476716936,
,,,0.380469,0,
,,,0.380501,0.0195312476716936,
,,,0.380533,0.0195312476716936,
,,,0.380565,0.0195312476716936,
,,,0.380597,0.0195312476716936,
,,,0.380629,0.0195312476716936,
,,,0.380661,0.0195312476716936,
,,,0.380693,0,
,,,0.380725,0.0195312476716936,
,,,0.380757,0.0195312476716936,
,,,0.380789,0,
,,,0.380821,0,
,,,0.380853,0.0195312476716936,
,,,0.380885,0.0390624953433871,
,,,0.380917,0.0195312476716936,
,,,0.380949,0,
,,,0.380981,0.0195312476716936,
,,,0.381013,0.0390624953433871,
,,,0.381045,0,
,,,0.381077,0,
,,,0.381109,-0.0410156201105565,
,,,0.381141,-0.0214843724388629,
,,,0.381173,0,
,,,0.381205,-0.0214843724388629,
,,,0.381237,0,
,,,0.381269,0.0195312476716936,
,,,0.381301,0,
,,,0.381333,0.0195312476716936,
,,,0.381365,0,
,,,0.381397,0.0195312476716936,
,,,0.381429,0,
,,,0.381461,0,
,,,0.381493,0,
,,,0.381525,0.0195312476716936,
,,,0.381557,0.0195312476716936,
,,,0.381589,0,
,,,0.381621,0.0195312476716936,
,,,0.381653,0,
,,,0.381685,0,
,,,0.381717,0.0195312476716936,
,,,0.381749,0.0195312476716936,
,,,0.381781,0.0195312476716936,
,,,0.381813,0,
,,,0.381845,0,
,,,0.381877,0.0195312476716936,
,,,0.381909,0,
,,,0.381941,0.0195312476716936,
,,,0.381973,0,
,,,0.382005,0.0195312476716936,
,,,0.382037,0.0195312476716936,
,,,0.382069,0,
,,,0.382101,0.0195312476716936,
,,,0.382133,0.0195312476716936,
,,,0.382165,0.0195312476716936,
,,,0.382197,0,
,,,0.382229,0,
,,,0.382261,0.0195312476716936,
,,,0.382293,0,
,,,0.382325,-0.0214843724388629,
,,,0.382357,0.0195312476716936,
,,,0.382389,0,
,,,0.382421,0.0195312476716936,
,,,0.382453,0,
,,,0.382485,0.0195312476716936,
,,,0.382517,0,
,,,0.382549,0,
,,,0.382581,0.0195312476716936,
,,,0.382613,0.0195312476716936,
,,,0.382645,0.0195312476716936,
,,,0.382677,0.0195312476716936,
,,,0.382709,0.0195312476716936,
,,,0.382741,0.0195312476716936,
,,,0.382773,0.0195312476716936,
,,,0.382805,0.0195312476716936,
,,,0.382837,0.0195312476716936,
,,,0.382869,0.0195312476716936,
,,,0.382901,0.0195312476716936,
,,,0.382933,0.0195312476716936,
,,,0.382965,0.0195312476716936,
,,,0.382997,0.0195312476716936,
,,,0.383029,0.0195312476716936,
,,,0.383061,0.0195312476716936,
,,,0.383093,0.0195312476716936,
,,,0.383125,0,
,,,0.383157,0,
,,,0.383189,0.0195312476716936,
,,,0.383221,0,
,,,0.383253,0.0195312476716936,
,,,0.383285,0.0195312476716936,
,,,0.383317,0,
,,,0.383349,0,
,,,0.383381,0.0195312476716936,
,,,0.383413,-0.0214843724388629,
,,,0.383445,0,
,,,0.383477,0,
,,,0.383509,0,
,,,0.383541,0.0195312476716936,
,,,0.383573,0.0195312476716936,
,,,0.383605,0,
,,,0.383637,0,
,,,0.383669,0.0195312476716936,
,,,0.383701,0,
,,,0.383733,0.0195312476716936,
,,,0.383765,0.0195312476716936,
,,,0.383797,0.0195312476716936,
,,,0.383829,0,
,,,0.383861,0,
,,,0.383893,0,
,,,0.383925,0,
,,,0.383957,0.0195312476716936,
,,,0.383989,0.0195312476716936,
,,,0.384021,0.0195312476716936,
,,,0.384053,0.0390624953433871,
,,,0.384085,-0.0214843724388629,
,,,0.384117,0,
,,,0.384149,0.0195312476716936,
,,,0.384181,0.0195312476716936,
,,,0.384213,0.0195312476716936,
,,,0.384245,-0.0214843724388629,
,,,0.384277,0,
,,,0.384309,0.0195312476716936,
,,,0.384341,-0.0214843724388629,
,,,0.384373,0,
,,,0.384405,0,
,,,0.384437,0.0195312476716936,
,,,0.384469,0,
,,,0.384501,0,
,,,0.384533,-0.0214843724388629,
,,,0.384565,0,
,,,0.384597,0.0390624953433871,
,,,0.384629,0.0195312476716936,
,,,0.384661,0,
,,,0.384693,-0.0214843724388629,
,,,0.384725,0.0195312476716936,
,,,0.384757,0,
,,,0.384789,0,
,,,0.384821,0,
,,,0.384853,0,
,,,0.384885,0.0195312476716936,
,,,0.384917,0.0195312476716936,
,,,0.384949,0.0195312476716936,
,,,0.384981,0,
,,,0.385013,0.0195312476716936,
,,,0.385045,0.0195312476716936,
,,,0.385077,0.0195312476716936,
,,,0.385109,-0.101562487892807,
,,,0.385141,0.0195312476716936,
,,,0.385173,0.0195312476716936,
,,,0.385205,0.0195312476716936,
,,,0.385237,0.0195312476716936,
,,,0.385269,0.0195312476716936,
,,,0.385301,0.0195312476716936,
,,,0.385333,0,
,,,0.385365,0.0195312476716936,
,,,0.385397,0,
,,,0.385429,0.0390624953433871,
,,,0.385461,0,
,,,0.385493,0.0195312476716936,
,,,0.385525,0.0195312476716936,
,,,0.385557,0.0195312476716936,
,,,0.385589,0.0195312476716936,
,,,0.385621,0.0195312476716936,
,,,0.385653,0.0195312476716936,
,,,0.385685,0.0195312476716936,
,,,0.385717,0.0195312476716936,
,,,0.385749,0.0195312476716936,
,,,0.385781,0.0195312476716936,
,,,0.385813,0.0390624953433871,
,,,0.385845,0,
,,,0.385877,-0.0214843724388629,
,,,0.385909,0,
,,,0.385941,0.0195312476716936,
,,,0.385973,-0.0214843724388629,
,,,0.386005,0,
,,,0.386037,0.0195312476716936,
,,,0.386069,0,
,,,0.386101,0.0195312476716936,
,,,0.386133,0.0195312476716936,
,,,0.386165,0.0195312476716936,
,,,0.386197,0,
,,,0.386229,0.0195312476716936,
,,,0.386261,0.0195312476716936,
,,,0.386293,0.0195312476716936,
,,,0.386325,0.0195312476716936,
,,,0.386357,0,
,,,0.386389,0.0390624953433871,
,,,0.386421,0.0195312476716936,
,,,0.386453,0.0390624953433871,
,,,0.386485,0.0195312476716936,
,,,0.386517,0.0195312476716936,
,,,0.386549,0.0195312476716936,
,,,0.386581,0.0195312476716936,
,,,0.386613,0.0195312476716936,
,,,0.386645,0,
,,,0.386677,0.0195312476716936,
,,,0.386709,0,
,,,0.386741,0.0195312476716936,
,,,0.386773,0.0390624953433871,
,,,0.386805,-0.0214843724388629,
,,,0.386837,0.0195312476716936,
,,,0.386869,0.0390624953433871,
,,,0.386901,0,
,,,0.386933,0.0195312476716936,
,,,0.386965,-0.0214843724388629,
,,,0.386997,0.0195312476716936,
,,,0.387029,0.0195312476716936,
,,,0.387061,0,
,,,0.387093,0,
,,,0.387125,0.0195312476716936,
,,,0.387157,0,
,,,0.387189,0.0195312476716936,
,,,0.387221,0.0195312476716936,
,,,0.387253,0.0195312476716936,
,,,0.387285,0.0195312476716936,
,,,0.387317,0.0195312476716936,
,,,0.387349,0,
,,,0.387381,0.0195312476716936,
,,,0.387413,-0.0214843724388629,
,,,0.387445,0,
,,,0.387477,0,
,,,0.387509,0,
,,,0.387541,0.0195312476716936,
,,,0.387573,0,
,,,0.387605,0.0195312476716936,
,,,0.387637,0,
,,,0.387669,0,
,,,0.387701,0,
,,,0.387733,0,
,,,0.387765,0,
,,,0.387797,0.0195312476716936,
,,,0.387829,0,
,,,0.387861,0.0195312476716936,
,,,0.387893,0,
,,,0.387925,0.0195312476716936,
,,,0.387957,0.0195312476716936,
,,,0.387989,0,
,,,0.388021,0,
,,,0.388053,0,
,,,0.388085,0.0195312476716936,
,,,0.388117,0,
,,,0.388149,0.0390624953433871,
,,,0.388181,0.0390624953433871,
,,,0.388213,0.0195312476716936,
,,,0.388245,0.0195312476716936,
,,,0.388277,0.0195312476716936,
,,,0.388309,0.0195312476716936,
,,,0.388341,0.0195312476716936,
,,,0.388373,0.0195312476716936,
,,,0.388405,0.0390624953433871,
,,,0.388437,0,
,,,0.388469,0.0195312476716936,
,,,0.388501,0.0390624953433871,
,,,0.388533,0.0195312476716936,
,,,0.388565,0.0195312476716936,
,,,0.388597,0,
,,,0.388629,0,
,,,0.388661,-0.0214843724388629,
,,,0.388693,0,
,,,0.388725,0,
,,,0.388757,0.0195312476716936,
,,,0.388789,0,
,,,0.388821,0,
,,,0.388853,0.0195312476716936,
,,,0.388885,0,
,,,0.388917,0.0195312476716936,
,,,0.388949,0.0390624953433871,
,,,0.388981,0,
,,,0.389013,0.0195312476716936,
,,,0.389045,0.0195312476716936,
,,,0.389077,0.0195312476716936,
,,,0.389109,-0.0214843724388629,
,,,0.389141,0,
,,,0.389173,-0.0214843724388629,
,,,0.389205,0,
,,,0.389237,0,
,,,0.389269,0,
,,,0.389301,0,
,,,0.389333,0,
,,,0.389365,0,
,,,0.389397,0,
,,,0.389429,0,
,,,0.389461,0,
,,,0.389493,0,
,,,0.389525,0.0195312476716936,
,,,0.389557,0,
,,,0.389589,0,
,,,0.389621,0,
,,,0.389653,0,
,,,0.389685,0,
,,,0.389717,0.0390624953433871,
,,,0.389749,0,
,,,0.389781,0,
,,,0.389813,0,
,,,0.389845,0.0195312476716936,
,,,0.389877,0,
,,,0.389909,0,
,,,0.389941,0,
,,,0.389973,0.0195312476716936,
,,,0.390005,0,
,,,0.390037,0,
,,,0.390069,0,
,,,0.390101,0,
,,,0.390133,-0.0214843724388629,
,,,0.390165,0,
,,,0.390197,0,
,,,0.390229,0,
,,,0.390261,0.0195312476716936,
,,,0.390293,0,
,,,0.390325,0,
,,,0.390357,-0.0214843724388629,
,,,0.390389,0.0390624953433871,
,,,0.390421,0,
,,,0.390453,0.0195312476716936,
,,,0.390485,0.0195312476716936,
,,,0.390517,0,
,,,0.390549,0.0195312476716936,
,,,0.390581,0,
,,,0.390613,0,
,,,0.390645,0,
,,,0.390677,0,
,,,0.390709,0,
,,,0.390741,0,
,,,0.390773,0.0195312476716936,
,,,0.390805,0.0195312476716936,
,,,0.390837,0.0195312476716936,
,,,0.390869,0.0195312476716936,
,,,0.390901,0,
,,,0.390933,-0.0214843724388629,
,,,0.390965,0,
,,,0.390997,0.0195312476716936,
,,,0.391029,0,
,,,0.391061,0,
,,,0.391093,0,
,,,0.391125,0.0195312476716936,
,,,0.391157,0,
,,,0.391189,0.0195312476716936,
,,,0.391221,0,
,,,0.391253,-0.0214843724388629,
,,,0.391285,0,
,,,0.391317,0.0195312476716936,
,,,0.391349,0.0195312476716936,
,,,0.391381,0,
,,,0.391413,0.0195312476716936,
,,,0.391445,0.0195312476716936,
,,,0.391477,0,
,,,0.391509,0,
,,,0.391541,0.0195312476716936,
,,,0.391573,0,
,,,0.391605,0.0195312476716936,
,,,0.391637,0.0195312476716936,
,,,0.391669,0.0195312476716936,
,,,0.391701,0,
,,,0.391733,0.0195312476716936,
,,,0.391765,0.0195312476716936,
,,,0.391797,-0.0214843724388629,
,,,0.391829,0.0195312476716936,
,,,0.391861,0,
,,,0.391893,0.0195312476716936,
,,,0.391925,0,
,,,0.391957,0.0195312476716936,
,,,0.391989,0,
,,,0.392021,0.0195312476716936,
,,,0.392053,0.0195312476716936,
,,,0.392085,0.0390624953433871,
,,,0.392117,0.0195312476716936,
,,,0.392149,0.0195312476716936,
,,,0.392181,0.0195312476716936,
,,,0.392213,-0.0410156201105565,
,,,0.392245,0.0195312476716936,
,,,0.392277,0.0195312476716936,
,,,0.392309,0,
,,,0.392341,0.0195312476716936,
,,,0.392373,0.0585937430150807,
,,,0.392405,0.0195312476716936,
,,,0.392437,0.0195312476716936,
,,,0.392469,0.0195312476716936,
,,,0.392501,0,
,,,0.392533,0.0195312476716936,
,,,0.392565,0.0195312476716936,
,,,0.392597,0,
,,,0.392629,0.0195312476716936,
,,,0.392661,0,
,,,0.392693,0,
,,,0.392725,0.0195312476716936,
,,,0.392757,0,
,,,0.392789,0.0195312476716936,
,,,0.392821,0,
,,,0.392853,0,
,,,0.392885,0.0195312476716936,
,,,0.392917,0.0195312476716936,
,,,0.392949,0.0195312476716936,
,,,0.392981,0.0195312476716936,
,,,0.393013,0.0195312476716936,
,,,0.393045,0.0195312476716936,
,,,0.393077,0.0195312476716936,
,,,0.393109,0.0195312476716936,
,,,0.393141,0.0195312476716936,
,,,0.393173,0,
,,,0.393205,0.0195312476716936,
,,,0.393237,0,
,,,0.393269,0,
,,,0.393301,0,
,,,0.393333,0,
,,,0.393365,0,
,,,0.393397,0.0195312476716936,
,,,0.393429,0,
,,,0.393461,0.0195312476716936,
,,,0.393493,0,
,,,0.393525,0,
,,,0.393557,0,
,,,0.393589,0.0195312476716936,
,,,0.393621,0,
,,,0.393653,0.0195312476716936,
,,,0.393685,0.0195312476716936,
,,,0.393717,0.0195312476716936,
,,,0.393749,0,
,,,0.393781,0,
,,,0.393813,0.0195312476716936,
,,,0.393845,0,
,,,0.393877,0,
,,,0.393909,0.0195312476716936,
,,,0.393941,0,
,,,0.393973,0,
,,,0.394005,0.0195312476716936,
,,,0.394037,0,
,,,0.394069,0,
,,,0.394101,0.0195312476716936,
,,,0.394133,0,
,,,0.394165,0.0195312476716936,
,,,0.394197,0,
,,,0.394229,0.0195312476716936,
,,,0.394261,0.0195312476716936,
,,,0.394293,0,
,,,0.394325,0,
,,,0.394357,0.0195312476716936,
,,,0.394389,0,
,,,0.394421,-0.0214843724388629,
,,,0.394453,0,
,,,0.394485,0,
,,,0.394517,-0.0214843724388629,
,,,0.394549,0,
,,,0.394581,0,
,,,0.394613,0,
,,,0.394645,0,
,,,0.394677,0,
,,,0.394709,0.0195312476716936,
,,,0.394741,0,
,,,0.394773,-0.0214843724388629,
,,,0.394805,0,
,,,0.394837,0,
,,,0.394869,0,
,,,0.394901,0,
,,,0.394933,0.0195312476716936,
,,,0.394965,0,
,,,0.394997,0,
,,,0.395029,0.0390624953433871,
,,,0.395061,0,
,,,0.395093,0,
,,,0.395125,0,
,,,0.395157,0,
,,,0.395189,0.0195312476716936,
,,,0.395221,0,
,,,0.395253,0.0195312476716936,
,,,0.395285,0,
,,,0.395317,-0.0214843724388629,
,,,0.395349,0,
,,,0.395381,0,
,,,0.395413,-0.0214843724388629,
,,,0.395445,0,
,,,0.395477,0,
,,,0.395509,-0.0214843724388629,
,,,0.395541,0,
,,,0.395573,0.0195312476716936,
,,,0.395605,0.0390624953433871,
,,,0.395637,0,
,,,0.395669,0,
,,,0.395701,0,
,,,0.395733,0,
,,,0.395765,0.0195312476716936,
,,,0.395797,0.0390624953433871,
,,,0.395829,0,
,,,0.395861,0,
,,,0.395893,-0.0214843724388629,
,,,0.395925,0.0195312476716936,
,,,0.395957,0.0195312476716936,
,,,0.395989,0.0195312476716936,
,,,0.396021,0.0195312476716936,
,,,0.396053,0.0195312476716936,
,,,0.396085,0.0195312476716936,
,,,0.396117,0,
,,,0.396149,0,
,,,0.396181,0.0195312476716936,
,,,0.396213,0,
,,,0.396245,0,
,,,0.396277,0.0195312476716936,
,,,0.396309,0.0195312476716936,
,,,0.396341,0,
,,,0.396373,0.0195312476716936,
,,,0.396405,0,
,,,0.396437,0.0195312476716936,
,,,0.396469,0,
,,,0.396501,0.0195312476716936,
,,,0.396533,0.0195312476716936,
,,,0.396565,0.0195312476716936,
,,,0.396597,0.0195312476716936,
,,,0.396629,0,
,,,0.396661,0.0195312476716936,
,,,0.396693,0,
,,,0.396725,0.0195312476716936,
,,,0.396757,0,
,,,0.396789,0.0195312476716936,
,,,0.396821,0.0195312476716936,
,,,0.396853,0.0195312476716936,
,,,0.396885,0.0195312476716936,
,,,0.396917,0,
,,,0.396949,0,
,,,0.396981,0,
,,,0.397013,0.0195312476716936,
,,,0.397045,0.0195312476716936,
,,,0.397077,0.0195312476716936,
,,,0.397109,0.0195312476716936,
,,,0.397141,0.0195312476716936,
,,,0.397173,0.0195312476716936,
,,,0.397205,0.0195312476716936,
,,,0.397237,0.0195312476716936,
,,,0.397269,0.0195312476716936,
,,,0.397301,0.0195312476716936,
,,,0.397333,0.0195312476716936,
,,,0.397365,0,
,,,0.397397,0.0195312476716936,
,,,0.397429,0.0195312476716936,
,,,0.397461,-0.0214843724388629,
,,,0.397493,0.0195312476716936,
,,,0.397525,0,
,,,0.397557,0.0195312476716936,
,,,0.397589,0.0195312476716936,
,,,0.397621,0,
,,,0.397653,-0.0410156201105565,
,,,0.397685,0.0195312476716936,
,,,0.397717,0,
,,,0.397749,0.0195312476716936,
,,,0.397781,0,
,,,0.397813,0,
,,,0.397845,0.0195312476716936,
,,,0.397877,0.0195312476716936,
,,,0.397909,0,
,,,0.397941,0.0195312476716936,
,,,0.397973,0,
,,,0.398005,0.0195312476716936,
,,,0.398037,0,
,,,0.398069,0.0195312476716936,
,,,0.398101,0.0195312476716936,
,,,0.398133,0.0195312476716936,
,,,0.398165,0.0195312476716936,
,,,0.398197,0,
,,,0.398229,0,
,,,0.398261,0.0195312476716936,
,,,0.398293,0.0195312476716936,
,,,0.398325,0,
,,,0.398357,0.0195312476716936,
,,,0.398389,0,
,,,0.398421,0.0195312476716936,
,,,0.398453,0,
,,,0.398485,0.0195312476716936,
,,,0.398517,0,
,,,0.398549,0.0390624953433871,
,,,0.398581,0.0195312476716936,
,,,0.398613,0,
,,,0.398645,0.0195312476716936,
,,,0.398677,0,
,,,0.398709,-0.0214843724388629,
,,,0.398741,0.0195312476716936,
,,,0.398773,0.0195312476716936,
,,,0.398805,0.0195312476716936,
,,,0.398837,0,
,,,0.398869,0.0195312476716936,
,,,0.398901,0.0195312476716936,
,,,0.398933,-0.0214843724388629,
,,,0.398965,-0.0214843724388629,
,,,0.398997,0,
,,,0.399029,0,
,,,0.399061,0.0195312476716936,
,,,0.399093,0,
,,,0.399125,0.0195312476716936,
,,,0.399157,0,
,,,0.399189,0,
,,,0.399221,0.0195312476716936,
,,,0.399253,0,
,,,0.399285,0,
,,,0.399317,0,
,,,0.399349,0,
,,,0.399381,0,
,,,0.399413,0,
,,,0.399445,0,
,,,0.399477,0.0195312476716936,
,,,0.399509,0.0195312476716936,
,,,0.399541,0.0195312476716936,
,,,0.399573,0,
,,,0.399605,0.0195312476716936,
,,,0.399637,0,
,,,0.399669,0.0195312476716936,
,,,0.399701,0,
,,,0.399733,0,
,,,0.399765,0.0195312476716936,
,,,0.399797,0,
,,,0.399829,0,
,,,0.399861,0.0195312476716936,
,,,0.399893,0.0390624953433871,
,,,0.399925,0.0195312476716936,
,,,0.399957,0,
,,,0.399989,0,
,,,0.400021,0.0195312476716936,
,,,0.400053,0.0195312476716936,
,,,0.400085,0.0195312476716936,
,,,0.400117,0,
,,,0.400149,0.0195312476716936,
,,,0.400181,0.0195312476716936,
,,,0.400213,0,
,,,0.400245,0.0195312476716936,
,,,0.400277,0.0195312476716936,
,,,0.400309,0,
,,,0.400341,0.0195312476716936,
,,,0.400373,0,
,,,0.400405,0.0195312476716936,
,,,0.400437,0,
,,,0.400469,0.0195312476716936,
,,,0.400501,0,
,,,0.400533,0,
,,,0.400565,-0.0214843724388629,
,,,0.400597,0.0195312476716936,
,,,0.400629,0.0195312476716936,
,,,0.400661,0,
,,,0.400693,0.0195312476716936,
,,,0.400725,0,
,,,0.400757,0,
,,,0.400789,0.0195312476716936,
,,,0.400821,0,
,,,0.400853,0.0195312476716936,
,,,0.400885,0,
,,,0.400917,0.0195312476716936,
,,,0.400949,0.0195312476716936,
,,,0.400981,-0.0214843724388629,
,,,0.401013,-0.0214843724388629,
,,,0.401045,0.0195312476716936,
,,,0.401077,0.0390624953433871,
,,,0.401109,0,
,,,0.401141,0.0195312476716936,
,,,0.401173,0.0195312476716936,
,,,0.401205,0.0195312476716936,
,,,0.401237,0,
,,,0.401269,0.0195312476716936,
,,,0.401301,0.0195312476716936,
,,,0.401333,-0.0214843724388629,
,,,0.401365,0.0195312476716936,
,,,0.401397,0.0195312476716936,
,,,0.401429,0.0195312476716936,
,,,0.401461,-0.0410156201105565,
,,,0.401493,0,
,,,0.401525,0.0195312476716936,
,,,0.401557,0.0195312476716936,
,,,0.401589,0.0195312476716936,
,,,0.401621,0.0390624953433871,
,,,0.401653,0.0195312476716936,
,,,0.401685,-0.0214843724388629,
,,,0.401717,0.0195312476716936,
,,,0.401749,0.0195312476716936,
,,,0.401781,0.0195312476716936,
,,,0.401813,0.0195312476716936,
,,,0.401845,0.0195312476716936,
,,,0.401877,0.0195312476716936,
,,,0.401909,0.0195312476716936,
,,,0.401941,0.0195312476716936,
,,,0.401973,0,
,,,0.402005,0,
,,,0.402037,-0.0410156201105565,
,,,0.402069,0.0195312476716936,
,,,0.402101,0.0195312476716936,
,,,0.402133,0.0195312476716936,
,,,0.402165,0.0195312476716936,
,,,0.402197,0.0195312476716936,
,,,0.402229,0,
,,,0.402261,0.0195312476716936,
,,,0.402293,0,
,,,0.402325,0.0195312476716936,
,,,0.402357,0.0195312476716936,
,,,0.402389,0,
,,,0.402421,-0.0214843724388629,
,,,0.402453,0.0390624953433871,
,,,0.402485,0.0195312476716936,
,,,0.402517,0.0390624953433871,
,,,0.402549,0.0195312476716936,
,,,0.402581,0,
,,,0.402613,0.0390624953433871,
,,,0.402645,0,
,,,0.402677,0.0195312476716936,
,,,0.402709,0,
,,,0.402741,0,
,,,0.402773,0.0195312476716936,
,,,0.402805,0.0195312476716936,
,,,0.402837,0.0195312476716936,
,,,0.402869,-0.0214843724388629,
,,,0.402901,0,
,,,0.402933,0.0195312476716936,
,,,0.402965,0,
,,,0.402997,0.0195312476716936,
,,,0.403029,0.0195312476716936,
,,,0.403061,-0.0214843724388629,
,,,0.403093,0.0195312476716936,
,,,0.403125,0.0195312476716936,
,,,0.403157,0,
,,,0.403189,0,
,,,0.403221,0,
,,,0.403253,0.0195312476716936,
,,,0.403285,0.0195312476716936,
,,,0.403317,0.0195312476716936,
,,,0.403349,0,
,,,0.403381,-0.0410156201105565,
,,,0.403413,-0.0214843724388629,
,,,0.403445,-0.0214843724388629,
,,,0.403477,0,
,,,0.403509,0.0195312476716936,
,,,0.403541,0.0195312476716936,
,,,0.403573,0,
,,,0.403605,0.0195312476716936,
,,,0.403637,0.0195312476716936,
,,,0.403669,0.0195312476716936,
,,,0.403701,0.0195312476716936,
,,,0.403733,0.0195312476716936,
,,,0.403765,-0.0214843724388629,
,,,0.403797,0.0195312476716936,
,,,0.403829,0.0195312476716936,
,,,0.403861,0,
,,,0.403893,0,
,,,0.403925,0,
,,,0.403957,0.0390624953433871,
,,,0.403989,-0.0214843724388629,
,,,0.404021,0,
,,,0.404053,0,
,,,0.404085,0,
,,,0.404117,0.0195312476716936,
,,,0.404149,0,
,,,0.404181,0.0195312476716936,
,,,0.404213,0,
,,,0.404245,0.0195312476716936,
,,,0.404277,0.0195312476716936,
,,,0.404309,0.0195312476716936,
,,,0.404341,0,
,,,0.404373,0,
,,,0.404405,0.0195312476716936,
,,,0.404437,0,
,,,0.404469,0.0195312476716936,
,,,0.404501,0,
,,,0.404533,0,
,,,0.404565,0,
,,,0.404597,0.0195312476716936,
,,,0.404629,0.0195312476716936,
,,,0.404661,0,
,,,0.404693,0.0195312476716936,
,,,0.404725,0,
,,,0.404757,0,
,,,0.404789,0,
,,,0.404821,0.0195312476716936,
,,,0.404853,0,
,,,0.404885,0.0195312476716936,
,,,0.404917,0.0390624953433871,
,,,0.404949,0,
,,,0.404981,0,
,,,0.405013,0,
,,,0.405045,0.0195312476716936,
,,,0.405077,0,
,,,0.405109,0,
,,,0.405141,-0.0214843724388629,
,,,0.405173,0,
,,,0.405205,0.0195312476716936,
,,,0.405237,0,
,,,0.405269,0.0195312476716936,
,,,0.405301,0.0195312476716936,
,,,0.405333,0,
,,,0.405365,0,
,,,0.405397,0,
,,,0.405429,0,
,,,0.405461,0.0390624953433871,
,,,0.405493,0,
,,,0.405525,0,
,,,0.405557,0,
,,,0.405589,0.0195312476716936,
,,,0.405621,0,
,,,0.405653,-0.0214843724388629,
,,,0.405685,0.0195312476716936,
,,,0.405717,0,
,,,0.405749,0,
,,,0.405781,0.0195312476716936,
,,,0.405813,0,
,,,0.405845,0,
,,,0.405877,0.0195312476716936,
,,,0.405909,0,
,,,0.405941,0.0195312476716936,
,,,0.405973,0,
,,,0.406005,0,
,,,0.406037,0,
,,,0.406069,0,
,,,0.406101,0,
,,,0.406133,0.0195312476716936,
,,,0.406165,0,
,,,0.406197,0,
,,,0.406229,0,
,,,0.406261,0,
,,,0.406293,0.0195312476716936,
,,,0.406325,0,
,,,0.406357,0,
,,,0.406389,0.0195312476716936,
,,,0.406421,0,
,,,0.406453,0.0195312476716936,
,,,0.406485,0.0195312476716936,
,,,0.406517,-0.0214843724388629,
,,,0.406549,0,
,,,0.406581,0,
,,,0.406613,0,
,,,0.406645,0,
,,,0.406677,0,
,,,0.406709,0,
,,,0.406741,0,
,,,0.406773,0,
,,,0.406805,0,
,,,0.406837,0.0195312476716936,
,,,0.406869,0,
,,,0.406901,0,
,,,0.406933,0.0195312476716936,
,,,0.406965,0,
,,,0.406997,0,
,,,0.407029,0,
,,,0.407061,0,
,,,0.407093,0,
,,,0.407125,0,
,,,0.407157,0,
,,,0.407189,0,
,,,0.407221,0,
,,,0.407253,0,
,,,0.407285,0,
,,,0.407317,0,
,,,0.407349,0,
,,,0.407381,0,
,,,0.407413,0.0195312476716936,
,,,0.407445,0,
,,,0.407477,-0.0214843724388629,
,,,0.407509,0.0195312476716936,
,,,0.407541,0.0195312476716936,
,,,0.407573,0,
,,,0.407605,0.0195312476716936,
,,,0.407637,0,
,,,0.407669,0.0195312476716936,
,,,0.407701,0,
,,,0.407733,0.0195312476716936,
,,,0.407765,0.0195312476716936,
,,,0.407797,0,
,,,0.407829,0,
,,,0.407861,0,
,,,0.407893,0,
,,,0.407925,0,
,,,0.407957,0.0195312476716936,
,,,0.407989,0.0195312476716936,
,,,0.408021,0,
,,,0.408053,0,
,,,0.408085,0.0195312476716936,
,,,0.408117,0.0195312476716936,
,,,0.408149,0,
,,,0.408181,-0.0214843724388629,
,,,0.408213,0.0195312476716936,
,,,0.408245,0.0195312476716936,
,,,0.408277,0,
,,,0.408309,0.0195312476716936,
,,,0.408341,0,
,,,0.408373,0,
,,,0.408405,0.0585937430150807,
,,,0.408437,0,
,,,0.408469,0.0195312476716936,
,,,0.408501,-0.0214843724388629,
,,,0.408533,0.0195312476716936,
,,,0.408565,0,
,,,0.408597,-0.0214843724388629,
,,,0.408629,0.0195312476716936,
,,,0.408661,0,
,,,0.408693,0.0195312476716936,
,,,0.408725,0,
,,,0.408757,0,
,,,0.408789,-0.0214843724388629,
,,,0.408821,0.0195312476716936,
,,,0.408853,0,
,,,0.408885,0.0390624953433871,
,,,0.408917,0,
,,,0.408949,0.0585937430150807,
,,,0.408981,0.0195312476716936,
,,,0.409013,0,
,,,0.409045,0.0195312476716936,
,,,0.409077,0.0195312476716936,
,,,0.409109,0.0195312476716936,
,,,0.409141,0.0585937430150807,
,,,0.409173,0.0195312476716936,
,,,0.409205,0.0195312476716936,
,,,0.409237,0.0195312476716936,
,,,0.409269,0.0195312476716936,
,,,0.409301,0.0195312476716936,
,,,0.409333,0,
,,,0.409365,0.0195312476716936,
,,,0.409397,0,
,,,0.409429,0,
,,,0.409461,-0.0214843724388629,
,,,0.409493,0.0195312476716936,
,,,0.409525,0.0195312476716936,
,,,0.409557,0.0195312476716936,
,,,0.409589,0.0195312476716936,
,,,0.409621,0.0195312476716936,
,,,0.409653,0,
,,,0.409685,0,
,,,0.409717,0.0195312476716936,
,,,0.409749,0.0195312476716936,
,,,0.409781,0.0195312476716936,
,,,0.409813,0,
,,,0.409845,0.0195312476716936,
,,,0.409877,0.0195312476716936,
,,,0.409909,0,
,,,0.409941,0.0195312476716936,
,,,0.409973,0.0195312476716936,
,,,0.410005,0.0195312476716936,
,,,0.410037,0,
,,,0.410069,-0.0214843724388629,
,,,0.410101,0,
,,,0.410133,0.0195312476716936,
,,,0.410165,-0.0410156201105565,
,,,0.410197,0.0195312476716936,
,,,0.410229,0.0195312476716936,
,,,0.410261,0,
,,,0.410293,0.0390624953433871,
,,,0.410325,0,
,,,0.410357,0,
,,,0.410389,0.0195312476716936,
,,,0.410421,0.0195312476716936,
,,,0.410453,0,
,,,0.410485,0,
,,,0.410517,0.0195312476716936,
,,,0.410549,0,
,,,0.410581,0,
,,,0.410613,0,
,,,0.410645,0.0195312476716936,
,,,0.410677,0.0390624953433871,
,,,0.410709,0,
,,,0.410741,-0.06054686778225,
,,,0.410773,0.0195312476716936,
,,,0.410805,0,
,,,0.410837,-0.0214843724388629,
,,,0.410869,0.0195312476716936,
,,,0.410901,0,
,,,0.410933,0.0195312476716936,
,,,0.410965,0,
,,,0.410997,0.0195312476716936,
,,,0.411029,0,
,,,0.411061,0,
,,,0.411093,0.0390624953433871,
,,,0.411125,0,
,,,0.411157,0,
,,,0.411189,0.0195312476716936,
,,,0.411221,0.0195312476716936,
,,,0.411253,0,
,,,0.411285,0,
,,,0.411317,-0.0214843724388629,
,,,0.411349,-0.0214843724388629,
,,,0.411381,0,
,,,0.411413,0,
,,,0.411445,0,
,,,0.411477,-0.0214843724388629,
,,,0.411509,0,
,,,0.411541,0,
,,,0.411573,0.0195312476716936,
,,,0.411605,0.0195312476716936,
,,,0.411637,0.0195312476716936,
,,,0.411669,0,
,,,0.411701,0,
,,,0.411733,0,
,,,0.411765,0.0390624953433871,
,,,0.411797,0.0195312476716936,
,,,0.411829,0.0195312476716936,
,,,0.411861,0.0195312476716936,
,,,0.411893,-0.0214843724388629,
,,,0.411925,0,
,,,0.411957,0.0195312476716936,
,,,0.411989,0.0195312476716936,
,,,0.412021,0,
,,,0.412053,0.0195312476716936,
,,,0.412085,-0.0214843724388629,
,,,0.412117,0,
,,,0.412149,0,
,,,0.412181,-0.0214843724388629,
,,,0.412213,0,
,,,0.412245,0.0195312476716936,
,,,0.412277,0,
,,,0.412309,-0.0214843724388629,
,,,0.412341,0,
,,,0.412373,0,
,,,0.412405,0.0195312476716936,
,,,0.412437,-0.0214843724388629,
,,,0.412469,0,
,,,0.412501,0,
,,,0.412533,0.0195312476716936,
,,,0.412565,0.0195312476716936,
,,,0.412597,0,
,,,0.412629,-0.0214843724388629,
,,,0.412661,0.0195312476716936,
,,,0.412693,0.0195312476716936,
,,,0.412725,-0.0214843724388629,
,,,0.412757,0.0195312476716936,
,,,0.412789,0.0195312476716936,
,,,0.412821,0,
,,,0.412853,0,
,,,0.412885,0.0195312476716936,
,,,0.412917,0.0195312476716936,
,,,0.412949,-0.0214843724388629,
,,,0.412981,0.0195312476716936,
,,,0.413013,0.0195312476716936,
,,,0.413045,0.0195312476716936,
,,,0.413077,0,
,,,0.413109,0,
,,,0.413141,0.0195312476716936,
,,,0.413173,-0.0214843724388629,
,,,0.413205,0,
,,,0.413237,0,
,,,0.413269,0.0195312476716936,
,,,0.413301,0.0390624953433871,
,,,0.413333,0.0195312476716936,
,,,0.413365,0,
,,,0.413397,0,
,,,0.413429,0.0195312476716936,
,,,0.413461,0,
,,,0.413493,0.0195312476716936,
,,,0.413525,0.0195312476716936,
,,,0.413557,0,
,,,0.413589,0,
,,,0.413621,0,
,,,0.413653,0.0195312476716936,
,,,0.413685,0.0195312476716936,
,,,0.413717,0.0195312476716936,
,,,0.413749,0.0195312476716936,
,,,0.413781,0,
,,,0.413813,-0.0214843724388629,
,,,0.413845,0.0195312476716936,
,,,0.413877,0.0195312476716936,
,,,0.413909,0,
,,,0.413941,0.0195312476716936,
,,,0.413973,0.0390624953433871,
,,,0.414005,0.0195312476716936,
,,,0.414037,0,
,,,0.414069,0,
,,,0.414101,0,
,,,0.414133,-0.0214843724388629,
,,,0.414165,0,
,,,0.414197,0.0195312476716936,
,,,0.414229,0.0195312476716936,
,,,0.414261,0.0195312476716936,
,,,0.414293,0,
,,,0.414325,0.0195312476716936,
,,,0.414357,0,
,,,0.414389,0,
,,,0.414421,-0.0214843724388629,
,,,0.414453,0,
,,,0.414485,0.0195312476716936,
,,,0.414517,0.0195312476716936,
,,,0.414549,0,
,,,0.414581,0.0195312476716936,
,,,0.414613,0.0195312476716936,
,,,0.414645,0.0195312476716936,
,,,0.414677,0.0195312476716936,
,,,0.414709,0.0195312476716936,
,,,0.414741,0.0195312476716936,
,,,0.414773,0,
,,,0.414805,0.0195312476716936,
,,,0.414837,0.0195312476716936,
,,,0.414869,0,
,,,0.414901,0.0195312476716936,
,,,0.414933,0.0195312476716936,
,,,0.414965,0,
,,,0.414997,0,
,,,0.415029,0,
,,,0.415061,0.0195312476716936,
,,,0.415093,0.0195312476716936,
,,,0.415125,0,
,,,0.415157,0,
,,,0.415189,0.0195312476716936,
,,,0.415221,0.0195312476716936,
,,,0.415253,0,
,,,0.415285,0.0195312476716936,
,,,0.415317,0,
,,,0.415349,0.0195312476716936,
,,,0.415381,0.0195312476716936,
,,,0.415413,0.0195312476716936,
,,,0.415445,0.0195312476716936,
,,,0.415477,0,
,,,0.415509,0,
,,,0.415541,0,
,,,0.415573,0,
,,,0.415605,-0.0214843724388629,
,,,0.415637,0.0195312476716936,
,,,0.415669,0.0195312476716936,
,,,0.415701,0,
,,,0.415733,-0.0214843724388629,
,,,0.415765,0,
,,,0.415797,0,
,,,0.415829,0.0195312476716936,
,,,0.415861,0.0195312476716936,
,,,0.415893,0.0195312476716936,
,,,0.415925,0.0195312476716936,
,,,0.415957,0.0195312476716936,
,,,0.415989,0.0390624953433871,
,,,0.416021,0,
,,,0.416053,0.0195312476716936,
,,,0.416085,0,
,,,0.416117,0.0195312476716936,
,,,0.416149,0.0195312476716936,
,,,0.416181,0.0195312476716936,
,,,0.416213,0.0195312476716936,
,,,0.416245,0,
,,,0.416277,0.0195312476716936,
,,,0.416309,0.0195312476716936,
,,,0.416341,0,
,,,0.416373,0.0195312476716936,
,,,0.416405,-0.0214843724388629,
,,,0.416437,0.0195312476716936,
,,,0.416469,0,
,,,0.416501,0,
,,,0.416533,-0.0214843724388629,
,,,0.416565,0,
,,,0.416597,0.0195312476716936,
,,,0.416629,0,
,,,0.416661,0,
,,,0.416693,0,
,,,0.416725,0,
,,,0.416757,-0.0214843724388629,
,,,0.416789,0,
,,,0.416821,0.0195312476716936,
,,,0.416853,0.0195312476716936,
,,,0.416885,0.0195312476716936,
,,,0.416917,0,
,,,0.416949,0,
,,,0.416981,0,
,,,0.417013,0,
,,,0.417045,0.0195312476716936,
,,,0.417077,0.0195312476716936,
,,,0.417109,0.0390624953433871,
,,,0.417141,0,
,,,0.417173,0,
,,,0.417205,0.0195312476716936,
,,,0.417237,-0.0214843724388629,
,,,0.417269,0.0195312476716936,
,,,0.417301,0,
,,,0.417333,0.0195312476716936,
,,,0.417365,0,
,,,0.417397,0,
,,,0.417429,0.0195312476716936,
,,,0.417461,0,
,,,0.417493,0.0195312476716936,
,,,0.417525,-0.0214843724388629,
,,,0.417557,0,
,,,0.417589,0.0195312476716936,
,,,0.417621,0,
,,,0.417653,0.0390624953433871,
,,,0.417685,0.0195312476716936,
,,,0.417717,0.0195312476716936,
,,,0.417749,-0.0214843724388629,
,,,0.417781,-0.0800781154539436,
,,,0.417813,0.0390624953433871,
,,,0.417845,-0.0214843724388629,
,,,0.417877,0,
,,,0.417909,0,
,,,0.417941,0.0195312476716936,
,,,0.417973,0.0195312476716936,
,,,0.418005,0.0195312476716936,
,,,0.418037,0.0195312476716936,
,,,0.418069,0.0195312476716936,
,,,0.418101,0.0195312476716936,
,,,0.418133,0.0195312476716936,
,,,0.418165,0,
,,,0.418197,-0.0214843724388629,
,,,0.418229,0.0195312476716936,
,,,0.418261,0,
,,,0.418293,0,
,,,0.418325,-0.0214843724388629,
,,,0.418357,0.0195312476716936,
,,,0.418389,0.0195312476716936,
,,,0.418421,0.0195312476716936,
,,,0.418453,0.0195312476716936,
,,,0.418485,0.0195312476716936,
,,,0.418517,0,
,,,0.418549,0,
,,,0.418581,0,
,,,0.418613,0.0195312476716936,
,,,0.418645,0.0195312476716936,
,,,0.418677,0,
,,,0.418709,0.0195312476716936,
,,,0.418741,0,
,,,0.418773,0,
,,,0.418805,0.0195312476716936,
,,,0.418837,0.0195312476716936,
,,,0.418869,0,
,,,0.418901,0.0390624953433871,
,,,0.418933,0.0195312476716936,
,,,0.418965,0.0195312476716936,
,,,0.418997,-0.0214843724388629,
,,,0.419029,0.0195312476716936,
,,,0.419061,0,
,,,0.419093,0.0195312476716936,
,,,0.419125,0.0195312476716936,
,,,0.419157,0,
,,,0.419189,-0.0214843724388629,
,,,0.419221,0.0195312476716936,
,,,0.419253,0.0390624953433871,
,,,0.419285,0.0195312476716936,
,,,0.419317,0,
,,,0.419349,0.0390624953433871,
,,,0.419381,-0.0214843724388629,
,,,0.419413,0,
,,,0.419445,0,
,,,0.419477,0.0195312476716936,
,,,0.419509,0.0585937430150807,
,,,0.419541,-0.0214843724388629,
,,,0.419573,0,
,,,0.419605,0.0195312476716936,
,,,0.419637,0.0195312476716936,
,,,0.419669,0.0585937430150807,
,,,0.419701,0,
,,,0.419733,0.0195312476716936,
,,,0.419765,-0.0214843724388629,
,,,0.419797,-0.0214843724388629,
,,,0.419829,0.0195312476716936,
,,,0.419861,0.0195312476716936,
,,,0.419893,0.0195312476716936,
,,,0.419925,0.0195312476716936,
,,,0.419957,0.0195312476716936,
,,,0.419989,-0.0214843724388629,
,,,0.420021,0,
,,,0.420053,0,
,,,0.420085,0,
,,,0.420117,0.0195312476716936,
,,,0.420149,0.0195312476716936,
,,,0.420181,0,
,,,0.420213,0.0195312476716936,
,,,0.420245,0,
,,,0.420277,0,
,,,0.420309,0,
,,,0.420341,0.0195312476716936,
,,,0.420373,0,
,,,0.420405,0,
,,,0.420437,0.0195312476716936,
,,,0.420469,0,
,,,0.420501,0.0390624953433871,
,,,0.420533,0.0195312476716936,
,,,0.420565,0.0195312476716936,
,,,0.420597,0.0195312476716936,
,,,0.420629,0,
,,,0.420661,0,
,,,0.420693,0.0195312476716936,
,,,0.420725,0.0195312476716936,
,,,0.420757,0.0195312476716936,
,,,0.420789,0,
,,,0.420821,0.0195312476716936,
,,,0.420853,0.0195312476716936,
,,,0.420885,0.0195312476716936,
,,,0.420917,-0.0214843724388629,
,,,0.420949,0,
,,,0.420981,0,
,,,0.421013,0,
,,,0.421045,0.0195312476716936,
,,,0.421077,0,
,,,0.421109,0,
,,,0.421141,0,
,,,0.421173,0,
,,,0.421205,0,
,,,0.421237,0,
,,,0.421269,0.0195312476716936,
,,,0.421301,0.0195312476716936,
,,,0.421333,0,
,,,0.421365,0.0195312476716936,
,,,0.421397,0.0390624953433871,
,,,0.421429,0.0195312476716936,
,,,0.421461,0.0390624953433871,
,,,0.421493,0,
,,,0.421525,-0.0214843724388629,
,,,0.421557,0,
,,,0.421589,0.0195312476716936,
,,,0.421621,0,
,,,0.421653,0.0195312476716936,
,,,0.421685,0.0195312476716936,
,,,0.421717,0.0195312476716936,
,,,0.421749,0.0195312476716936,
,,,0.421781,0,
,,,0.421813,0,
,,,0.421845,0,
,,,0.421877,0,
,,,0.421909,0.0195312476716936,
,,,0.421941,-0.0214843724388629,
,,,0.421973,0.0195312476716936,
,,,0.422005,0,
,,,0.422037,0.0195312476716936,
,,,0.422069,0.0390624953433871,
,,,0.422101,0.0195312476716936,
,,,0.422133,0,
,,,0.422165,0.0195312476716936,
,,,0.422197,0,
,,,0.422229,0,
,,,0.422261,0,
,,,0.422293,0,
,,,0.422325,0,
,,,0.422357,0,
,,,0.422389,0,
,,,0.422421,0,
,,,0.422453,0,
,,,0.422485,0,
,,,0.422517,0,
,,,0.422549,-0.0214843724388629,
,,,0.422581,0,
,,,0.422613,0,
,,,0.422645,0,
,,,0.422677,0.0195312476716936,
,,,0.422709,0,
,,,0.422741,0,
,,,0.422773,0,
,,,0.422805,0,
,,,0.422837,0.0195312476716936,
,,,0.422869,0.0195312476716936,
,,,0.422901,0,
,,,0.422933,0.0195312476716936,
,,,0.422965,0.0195312476716936,
,,,0.422997,0,
,,,0.423029,0,
,,,0.423061,0,
,,,0.423093,0,
,,,0.423125,0,
,,,0.423157,0.0195312476716936,
,,,0.423189,0,
,,,0.423221,0,
,,,0.423253,-0.0214843724388629,
,,,0.423285,0,
,,,0.423317,0.0195312476716936,
,,,0.423349,0,
,,,0.423381,0.0195312476716936,
,,,0.423413,0.0195312476716936,
,,,0.423445,0,
,,,0.423477,0,
,,,0.423509,0,
,,,0.423541,0.0195312476716936,
,,,0.423573,0,
,,,0.423605,0,
,,,0.423637,0.0195312476716936,
,,,0.423669,0,
,,,0.423701,0,
,,,0.423733,0.0195312476716936,
,,,0.423765,0.0195312476716936,
,,,0.423797,0,
,,,0.423829,0.0195312476716936,
,,,0.423861,0,
,,,0.423893,0,
,,,0.423925,0.0195312476716936,
,,,0.423957,0.0195312476716936,
,,,0.423989,0,
,,,0.424021,0,
,,,0.424053,0,
,,,0.424085,0.0195312476716936,
,,,0.424117,0.0195312476716936,
,,,0.424149,0,
,,,0.424181,0,
,,,0.424213,0,
,,,0.424245,0.0195312476716936,
,,,0.424277,0,
,,,0.424309,0,
,,,0.424341,0.0195312476716936,
,,,0.424373,0.0195312476716936,
,,,0.424405,0,
,,,0.424437,0,
,,,0.424469,0,
,,,0.424501,0.0195312476716936,
,,,0.424533,0.0195312476716936,
,,,0.424565,0.0195312476716936,
,,,0.424597,0,
,,,0.424629,0.0195312476716936,
,,,0.424661,0,
,,,0.424693,0,
,,,0.424725,0,
,,,0.424757,0.0195312476716936,
,,,0.424789,0.0195312476716936,
,,,0.424821,0,
,,,0.424853,0,
,,,0.424885,0.0195312476716936,
,,,0.424917,0,
,,,0.424949,-0.0214843724388629,
,,,0.424981,0.0195312476716936,
,,,0.425013,0.0195312476716936,
,,,0.425045,0.0195312476716936,
,,,0.425077,0.0195312476716936,
,,,0.425109,0,
,,,0.425141,0.0195312476716936,
,,,0.425173,0,
,,,0.425205,0,
,,,0.425237,0.0195312476716936,
,,,0.425269,0,
,,,0.425301,0,
,,,0.425333,0,
,,,0.425365,-0.0214843724388629,
,,,0.425397,0,
,,,0.425429,0.0195312476716936,
,,,0.425461,0,
,,,0.425493,0,
,,,0.425525,0.0195312476716936,
,,,0.425557,0,
,,,0.425589,0.0195312476716936,
,,,0.425621,0,
,,,0.425653,0,
,,,0.425685,0.0390624953433871,
,,,0.425717,0,
,,,0.425749,0.0195312476716936,
,,,0.425781,0.0390624953433871,
,,,0.425813,0.0195312476716936,
,,,0.425845,-0.0214843724388629,
,,,0.425877,0,
,,,0.425909,0.0195312476716936,
,,,0.425941,0.0195312476716936,
,,,0.425973,0.0195312476716936,
,,,0.426005,0.0195312476716936,
,,,0.426037,0.0195312476716936,
,,,0.426069,0,
,,,0.426101,0.0195312476716936,
,,,0.426133,0.0390624953433871,
,,,0.426165,0,
,,,0.426197,0,
,,,0.426229,0.0195312476716936,
,,,0.426261,0.0195312476716936,
,,,0.426293,0.0195312476716936,
,,,0.426325,0.0390624953433871,
,,,0.426357,0,
,,,0.426389,0.0195312476716936,
,,,0.426421,-0.0800781154539436,
,,,0.426453,0.0390624953433871,
,,,0.426485,0,
,,,0.426517,0,
,,,0.426549,0,
,,,0.426581,0,
,,,0.426613,-0.0214843724388629,
,,,0.426645,0.0390624953433871,
,,,0.426677,0,
,,,0.426709,0,
,,,0.426741,0,
,,,0.426773,0.0195312476716936,
,,,0.426805,-0.0214843724388629,
,,,0.426837,0,
,,,0.426869,0.0195312476716936,
,,,0.426901,0.0195312476716936,
,,,0.426933,0.0195312476716936,
,,,0.426965,0.0195312476716936,
,,,0.426997,0.0195312476716936,
,,,0.427029,0.0195312476716936,
,,,0.427061,0,
,,,0.427093,0.0195312476716936,
,,,0.427125,0,
,,,0.427157,0,
,,,0.427189,0.0195312476716936,
,,,0.427221,0,
,,,0.427253,0,
,,,0.427285,0,
,,,0.427317,0,
,,,0.427349,0.0195312476716936,
,,,0.427381,0,
,,,0.427413,0.0195312476716936,
,,,0.427445,0.0195312476716936,
,,,0.427477,0.0195312476716936,
,,,0.427509,0.0195312476716936,
,,,0.427541,0,
,,,0.427573,0.0390624953433871,
,,,0.427605,0.0195312476716936,
,,,0.427637,0,
,,,0.427669,0.0195312476716936,
,,,0.427701,0,
,,,0.427733,0,
,,,0.427765,0,
,,,0.427797,-0.0214843724388629,
,,,0.427829,0,
,,,0.427861,0,
,,,0.427893,-0.0214843724388629,
,,,0.427925,0,
,,,0.427957,0.0195312476716936,
,,,0.427989,0,
,,,0.428021,0,
,,,0.428053,0,
,,,0.428085,0.0195312476716936,
,,,0.428117,-0.06054686778225,
,,,0.428149,0,
,,,0.428181,0.0195312476716936,
,,,0.428213,0,
,,,0.428245,0,
,,,0.428277,0,
,,,0.428309,0,
,,,0.428341,0.0195312476716936,
,,,0.428373,0.0195312476716936,
,,,0.428405,0.0195312476716936,
,,,0.428437,0.0195312476716936,
,,,0.428469,0.0390624953433871,
,,,0.428501,0.0195312476716936,
,,,0.428533,0,
,,,0.428565,-0.0214843724388629,
,,,0.428597,0,
,,,0.428629,0,
,,,0.428661,0,
,,,0.428693,0,
,,,0.428725,0,
,,,0.428757,0.0195312476716936,
,,,0.428789,-0.0214843724388629,
,,,0.428821,0,
,,,0.428853,0,
,,,0.428885,0.0195312476716936,
,,,0.428917,0,
,,,0.428949,0.0195312476716936,
,,,0.428981,-0.0214843724388629,
,,,0.429013,0,
,,,0.429045,0.0195312476716936,
,,,0.429077,0.0390624953433871,
,,,0.429109,0.0195312476716936,
,,,0.429141,0,
,,,0.429173,-0.0214843724388629,
,,,0.429205,0,
,,,0.429237,0.0195312476716936,
,,,0.429269,-0.0214843724388629,
,,,0.429301,0.0195312476716936,
,,,0.429333,0.0195312476716936,
,,,0.429365,0,
,,,0.429397,0,
,,,0.429429,0,
,,,0.429461,0,
,,,0.429493,0,
,,,0.429525,0,
,,,0.429557,0.0195312476716936,
,,,0.429589,0,
,,,0.429621,0,
,,,0.429653,0.0195312476716936,
,,,0.429685,0,
,,,0.429717,0.0195312476716936,
,,,0.429749,0.0390624953433871,
,,,0.429781,0.0195312476716936,
,,,0.429813,0,
,,,0.429845,0,
,,,0.429877,0.0195312476716936,
,,,0.429909,0.0195312476716936,
,,,0.429941,0.0195312476716936,
,,,0.429973,0,
,,,0.430005,0.0195312476716936,
,,,0.430037,0.0195312476716936,
,,,0.430069,0.0195312476716936,
,,,0.430101,0.0195312476716936,
,,,0.430133,0.0195312476716936,
,,,0.430165,0.0195312476716936,
,,,0.430197,0.0195312476716936,
,,,0.430229,0.0195312476716936,
,,,0.430261,0,
,,,0.430293,0.0195312476716936,
,,,0.430325,0.0195312476716936,
,,,0.430357,0.0195312476716936,
,,,0.430389,0.0195312476716936,
,,,0.430421,0.0195312476716936,
,,,0.430453,0.0195312476716936,
,,,0.430485,0,
,,,0.430517,0.0195312476716936,
,,,0.430549,-0.0214843724388629,
,,,0.430581,-0.0214843724388629,
,,,0.430613,0,
,,,0.430645,0,
,,,0.430677,0,
,,,0.430709,0,
,,,0.430741,0,
,,,0.430773,0,
,,,0.430805,0.0195312476716936,
,,,0.430837,0.0195312476716936,
,,,0.430869,-0.0214843724388629,
,,,0.430901,0.0195312476716936,
,,,0.430933,0.0195312476716936,
,,,0.430965,0.0195312476716936,
,,,0.430997,0.0195312476716936,
,,,0.431029,0.0195312476716936,
,,,0.431061,0.0195312476716936,
,,,0.431093,0.0195312476716936,
,,,0.431125,0.0195312476716936,
,,,0.431157,0.0195312476716936,
,,,0.431189,0.0195312476716936,
,,,0.431221,0.0195312476716936,
,,,0.431253,-0.0214843724388629,
,,,0.431285,0.0195312476716936,
,,,0.431317,0.0195312476716936,
,,,0.431349,0.0195312476716936,
,,,0.431381,0,
,,,0.431413,0,
,,,0.431445,0.0195312476716936,
,,,0.431477,-0.0214843724388629,
,,,0.431509,0,
,,,0.431541,0,
,,,0.431573,0.0195312476716936,
,,,0.431605,-0.0214843724388629,
,,,0.431637,0.0195312476716936,
,,,0.431669,0,
,,,0.431701,0,
,,,0.431733,0.0195312476716936,
,,,0.431765,0,
,,,0.431797,0,
,,,0.431829,0.0195312476716936,
,,,0.431861,0,
,,,0.431893,0.0195312476716936,
,,,0.431925,0,
,,,0.431957,0,
,,,0.431989,0.0195312476716936,
,,,0.432021,0.0195312476716936,
,,,0.432053,-0.0214843724388629,
,,,0.432085,0.0195312476716936,
,,,0.432117,0.0195312476716936,
,,,0.432149,0.0195312476716936,
,,,0.432181,0,
,,,0.432213,0.0390624953433871,
,,,0.432245,0,
,,,0.432277,0,
,,,0.432309,0.0195312476716936,
,,,0.432341,0,
,,,0.432373,0.0195312476716936,
,,,0.432405,0.0195312476716936,
,,,0.432437,0.0195312476716936,
,,,0.432469,0,
,,,0.432501,0,
,,,0.432533,0,
,,,0.432565,0,
,,,0.432597,0,
,,,0.432629,0,
,,,0.432661,0.0195312476716936,
,,,0.432693,0.0195312476716936,
,,,0.432725,0,
,,,0.432757,0,
,,,0.432789,0.0195312476716936,
,,,0.432821,0.0195312476716936,
,,,0.432853,0.0195312476716936,
,,,0.432885,0,
,,,0.432917,0.0195312476716936,
,,,0.432949,0,
,,,0.432981,0,
,,,0.433013,0,
,,,0.433045,0.0195312476716936,
,,,0.433077,0.0195312476716936,
,,,0.433109,0.0195312476716936,
,,,0.433141,0.0195312476716936,
,,,0.433173,0,
,,,0.433205,0.0195312476716936,
,,,0.433237,0,
,,,0.433269,0,
,,,0.433301,0.0195312476716936,
,,,0.433333,0.0195312476716936,
,,,0.433365,0.0195312476716936,
,,,0.433397,0.0195312476716936,
,,,0.433429,0.0195312476716936,
,,,0.433461,0.0195312476716936,
,,,0.433493,0.0195312476716936,
,,,0.433525,0.0195312476716936,
,,,0.433557,0.0195312476716936,
,,,0.433589,0.0195312476716936,
,,,0.433621,-0.0214843724388629,
,,,0.433653,0,
,,,0.433685,0,
,,,0.433717,0.0195312476716936,
,,,0.433749,0.0195312476716936,
,,,0.433781,0,
,,,0.433813,0.0195312476716936,
,,,0.433845,0.0195312476716936,
,,,0.433877,0.0195312476716936,
,,,0.433909,0,
,,,0.433941,0.0195312476716936,
,,,0.433973,0.0195312476716936,
,,,0.434005,0,
,,,0.434037,0,
,,,0.434069,0,
,,,0.434101,0.0195312476716936,
,,,0.434133,0.0195312476716936,
,,,0.434165,0.0195312476716936,
,,,0.434197,0.0195312476716936,
,,,0.434229,0,
,,,0.434261,0.0195312476716936,
,,,0.434293,-0.0214843724388629,
,,,0.434325,0,
,,,0.434357,0.0390624953433871,
,,,0.434389,0.0195312476716936,
,,,0.434421,0.0195312476716936,
,,,0.434453,0,
,,,0.434485,0.0195312476716936,
,,,0.434517,0.0195312476716936,
,,,0.434549,0.0195312476716936,
,,,0.434581,0.0195312476716936,
,,,0.434613,0.0195312476716936,
,,,0.434645,-0.0214843724388629,
,,,0.434677,0,
,,,0.434709,0,
,,,0.434741,-0.0800781154539436,
,,,0.434773,0.0195312476716936,
,,,0.434805,0.0195312476716936,
,,,0.434837,0.0195312476716936,
,,,0.434869,0,
,,,0.434901,0.0195312476716936,
,,,0.434933,0.0195312476716936,
,,,0.434965,0.0195312476716936,
,,,0.434997,-0.0800781154539436,
,,,0.435029,0,
,,,0.435061,0.0195312476716936,
,,,0.435093,0.0390624953433871,
,,,0.435125,0,
,,,0.435157,0,
,,,0.435189,0.0195312476716936,
,,,0.435221,0.0195312476716936,
,,,0.435253,0.0195312476716936,
,,,0.435285,0.0195312476716936,
,,,0.435317,0.0195312476716936,
,,,0.435349,0.0195312476716936,
,,,0.435381,0,
,,,0.435413,0,
,,,0.435445,0.0195312476716936,
,,,0.435477,0.0195312476716936,
,,,0.435509,0.0195312476716936,
,,,0.435541,0.0195312476716936,
,,,0.435573,0.0195312476716936,
,,,0.435605,0.0195312476716936,
,,,0.435637,0.0195312476716936,
,,,0.435669,0.0195312476716936,
,,,0.435701,0.0195312476716936,
,,,0.435733,0.0195312476716936,
,,,0.435765,0.0195312476716936,
,,,0.435797,0.0195312476716936,
,,,0.435829,0.0195312476716936,
,,,0.435861,0.0390624953433871,
,,,0.435893,0.0195312476716936,
,,,0.435925,0.0195312476716936,
,,,0.435957,0.0195312476716936,
,,,0.435989,0,
,,,0.436021,0.0195312476716936,
,,,0.436053,0.0195312476716936,
,,,0.436085,0.0390624953433871,
,,,0.436117,0.0195312476716936,
,,,0.436149,0.0195312476716936,
,,,0.436181,0.0195312476716936,
,,,0.436213,0.0195312476716936,
,,,0.436245,0.0195312476716936,
,,,0.436277,0.0195312476716936,
,,,0.436309,0.0195312476716936,
,,,0.436341,0,
,,,0.436373,0.0195312476716936,
,,,0.436405,0.0195312476716936,
,,,0.436437,0,
,,,0.436469,-0.0410156201105565,
,,,0.436501,0,
,,,0.436533,0.0195312476716936,
,,,0.436565,0.0390624953433871,
,,,0.436597,0.0195312476716936,
,,,0.436629,0.0195312476716936,
,,,0.436661,0.0195312476716936,
,,,0.436693,0,
,,,0.436725,0,
,,,0.436757,-0.0214843724388629,
,,,0.436789,0,
,,,0.436821,0.0390624953433871,
,,,0.436853,0.0195312476716936,
,,,0.436885,0,
,,,0.436917,0.0195312476716936,
,,,0.436949,0,
,,,0.436981,0,
,,,0.437013,0.0195312476716936,
,,,0.437045,0.0195312476716936,
,,,0.437077,0.0195312476716936,
,,,0.437109,0,
,,,0.437141,0.0195312476716936,
,,,0.437173,0,
,,,0.437205,0,
,,,0.437237,0.0195312476716936,
,,,0.437269,0,
,,,0.437301,0,
,,,0.437333,0,
,,,0.437365,0,
,,,0.437397,0,
,,,0.437429,0.0195312476716936,
,,,0.437461,0,
,,,0.437493,0.0195312476716936,
,,,0.437525,0.0390624953433871,
,,,0.437557,0,
,,,0.437589,0,
,,,0.437621,0,
,,,0.437653,0,
,,,0.437685,0,
,,,0.437717,0.0195312476716936,
,,,0.437749,0.0195312476716936,
,,,0.437781,0,
,,,0.437813,0.0195312476716936,
,,,0.437845,0.0195312476716936,
,,,0.437877,0.0195312476716936,
,,,0.437909,0,
,,,0.437941,0,
,,,0.437973,0.0195312476716936,
,,,0.438005,0,
,,,0.438037,0,
,,,0.438069,0,
,,,0.438101,0.0195312476716936,
,,,0.438133,0.0195312476716936,
,,,0.438165,0,
,,,0.438197,0.0195312476716936,
,,,0.438229,0,
,,,0.438261,0,
,,,0.438293,0.0195312476716936,
,,,0.438325,0.0195312476716936,
,,,0.438357,-0.0214843724388629,
,,,0.438389,0,
,,,0.438421,-0.0214843724388629,
,,,0.438453,0,
,,,0.438485,0,
,,,0.438517,0,
,,,0.438549,0,
,,,0.438581,0.0195312476716936,
,,,0.438613,0,
,,,0.438645,0,
,,,0.438677,0,
,,,0.438709,0,
,,,0.438741,0,
,,,0.438773,0,
,,,0.438805,0,
,,,0.438837,0.0195312476716936,
,,,0.438869,0,
,,,0.438901,-0.0214843724388629,
,,,0.438933,0,
,,,0.438965,0,
,,,0.438997,0,
,,,0.439029,0.0195312476716936,
,,,0.439061,-0.0214843724388629,
,,,0.439093,0,
,,,0.439125,0.0390624953433871,
,,,0.439157,-0.0214843724388629,
,,,0.439189,0,
,,,0.439221,0,
,,,0.439253,0,
,,,0.439285,0.0195312476716936,
,,,0.439317,0.0195312476716936,
,,,0.439349,-0.0410156201105565,
,,,0.439381,0,
,,,0.439413,0,
,,,0.439445,-0.0214843724388629,
,,,0.439477,0,
,,,0.439509,0,
,,,0.439541,0,
,,,0.439573,0,
,,,0.439605,0,
,,,0.439637,-0.0214843724388629,
,,,0.439669,0.0195312476716936,
,,,0.439701,-0.0214843724388629,
,,,0.439733,0,
,,,0.439765,0.0195312476716936,
,,,0.439797,0,
,,,0.439829,0,
,,,0.439861,0,
,,,0.439893,0.0195312476716936,
,,,0.439925,0.0195312476716936,
,,,0.439957,0.0195312476716936,
,,,0.439989,0.0195312476716936,
,,,0.440021,-0.0214843724388629,
,,,0.440053,-0.0214843724388629,
,,,0.440085,0,
,,,0.440117,-0.0214843724388629,
,,,0.440149,0,
,,,0.440181,0,
,,,0.440213,0,
,,,0.440245,0,
,,,0.440277,0,
,,,0.440309,0,
,,,0.440341,0,
,,,0.440373,0.0195312476716936,
,,,0.440405,0,
,,,0.440437,0.0195312476716936,
,,,0.440469,0.0195312476716936,
,,,0.440501,0.0195312476716936,
,,,0.440533,0,
,,,0.440565,0.0195312476716936,
,,,0.440597,0,
,,,0.440629,0,
,,,0.440661,0,
,,,0.440693,0.0195312476716936,
,,,0.440725,0.0195312476716936,
,,,0.440757,0,
,,,0.440789,0,
,,,0.440821,0.0195312476716936,
,,,0.440853,0.0195312476716936,
,,,0.440885,0.0195312476716936,
,,,0.440917,0.0195312476716936,
,,,0.440949,0.0195312476716936,
,,,0.440981,0,
,,,0.441013,0.0195312476716936,
,,,0.441045,0.0195312476716936,
,,,0.441077,0.0195312476716936,
,,,0.441109,0.0195312476716936,
,,,0.441141,0.0195312476716936,
,,,0.441173,0.0195312476716936,
,,,0.441205,0.0195312476716936,
,,,0.441237,0,
,,,0.441269,0.0195312476716936,
,,,0.441301,0,
,,,0.441333,0,
,,,0.441365,0,
,,,0.441397,0,
,,,0.441429,0.0195312476716936,
,,,0.441461,0,
,,,0.441493,0,
,,,0.441525,0,
,,,0.441557,0.0195312476716936,
,,,0.441589,0.0195312476716936,
,,,0.441621,0.0195312476716936,
,,,0.441653,0.0195312476716936,
,,,0.441685,0.0195312476716936,
,,,0.441717,-0.0214843724388629,
,,,0.441749,0.0195312476716936,
,,,0.441781,0.0195312476716936,
,,,0.441813,0.0195312476716936,
,,,0.441845,0.0390624953433871,
,,,0.441877,0.0195312476716936,
,,,0.441909,0.0195312476716936,
,,,0.441941,0.0390624953433871,
,,,0.441973,0.0195312476716936,
,,,0.442005,0,
,,,0.442037,0.0390624953433871,
,,,0.442069,0.0195312476716936,
,,,0.442101,0,
,,,0.442133,0,
,,,0.442165,0,
,,,0.442197,0.0195312476716936,
,,,0.442229,0,
,,,0.442261,0.0195312476716936,
,,,0.442293,0.0390624953433871,
,,,0.442325,-0.0214843724388629,
,,,0.442357,0.0195312476716936,
,,,0.442389,0,
,,,0.442421,0,
,,,0.442453,0.0195312476716936,
,,,0.442485,0,
,,,0.442517,0.0195312476716936,
,,,0.442549,-0.0214843724388629,
,,,0.442581,0,
,,,0.442613,0,
,,,0.442645,0.0195312476716936,
,,,0.442677,0.0195312476716936,
,,,0.442709,0.0195312476716936,
,,,0.442741,0.0195312476716936,
,,,0.442773,0,
,,,0.442805,0.0195312476716936,
,,,0.442837,0.0195312476716936,
,,,0.442869,0,
,,,0.442901,0,
,,,0.442933,0,
,,,0.442965,0.0195312476716936,
,,,0.442997,0,
,,,0.443029,0.0195312476716936,
,,,0.443061,0.0195312476716936,
,,,0.443093,0,
,,,0.443125,0,
,,,0.443157,0.0195312476716936,
,,,0.443189,0.0195312476716936,
,,,0.443221,0,
,,,0.443253,0.0195312476716936,
,,,0.443285,0.0195312476716936,
,,,0.443317,0,
,,,0.443349,-0.0800781154539436,
,,,0.443381,0.0195312476716936,
,,,0.443413,0,
,,,0.443445,0.0195312476716936,
,,,0.443477,0.0195312476716936,
,,,0.443509,0,
,,,0.443541,0,
,,,0.443573,0,
,,,0.443605,0.0195312476716936,
,,,0.443637,0.0195312476716936,
,,,0.443669,0,
,,,0.443701,0,
,,,0.443733,0,
,,,0.443765,0.0195312476716936,
,,,0.443797,0,
,,,0.443829,0.0195312476716936,
,,,0.443861,0,
,,,0.443893,0,
,,,0.443925,0,
,,,0.443957,0.0195312476716936,
,,,0.443989,0,
,,,0.444021,0.0195312476716936,
,,,0.444053,0.0195312476716936,
,,,0.444085,0,
,,,0.444117,0.0195312476716936,
,,,0.444149,-0.0214843724388629,
,,,0.444181,0,
,,,0.444213,0.0195312476716936,
,,,0.444245,0,
,,,0.444277,0,
,,,0.444309,0,
,,,0.444341,0,
,,,0.444373,0,
,,,0.444405,0,
,,,0.444437,0,
,,,0.444469,0.0585937430150807,
,,,0.444501,0.0195312476716936,
,,,0.444533,0,
,,,0.444565,0,
,,,0.444597,0.0195312476716936,
,,,0.444629,0,
,,,0.444661,0.0390624953433871,
,,,0.444693,0.0195312476716936,
,,,0.444725,0,
,,,0.444757,0,
,,,0.444789,0,
,,,0.444821,0,
,,,0.444853,0,
,,,0.444885,0,
,,,0.444917,0.0195312476716936,
,,,0.444949,0,
,,,0.444981,-0.0410156201105565,
,,,0.445013,0.0195312476716936,
,,,0.445045,0,
,,,0.445077,0,
,,,0.445109,0,
,,,0.445141,0,
,,,0.445173,0,
,,,0.445205,0,
,,,0.445237,0,
,,,0.445269,-0.0214843724388629,
,,,0.445301,0,
,,,0.445333,0,
,,,0.445365,-0.0214843724388629,
,,,0.445397,0,
,,,0.445429,0,
,,,0.445461,0,
,,,0.445493,0.0390624953433871,
,,,0.445525,0,
,,,0.445557,0.0195312476716936,
,,,0.445589,0,
,,,0.445621,-0.0214843724388629,
,,,0.445653,0,
,,,0.445685,-0.0214843724388629,
,,,0.445717,0,
,,,0.445749,0,
,,,0.445781,0,
,,,0.445813,0.0195312476716936,
,,,0.445845,0.0195312476716936,
,,,0.445877,0,
,,,0.445909,0,
,,,0.445941,0,
,,,0.445973,0,
,,,0.446005,0,
,,,0.446037,0.0195312476716936,
,,,0.446069,-0.0214843724388629,
,,,0.446101,0.0195312476716936,
,,,0.446133,-0.0214843724388629,
,,,0.446165,-0.0214843724388629,
,,,0.446197,0.0195312476716936,
,,,0.446229,0.0195312476716936,
,,,0.446261,0,
,,,0.446293,0.0195312476716936,
,,,0.446325,0,
,,,0.446357,0.0195312476716936,
,,,0.446389,0,
,,,0.446421,0.0195312476716936,
,,,0.446453,0,
,,,0.446485,0.0195312476716936,
,,,0.446517,0.0195312476716936,
,,,0.446549,0.0195312476716936,
,,,0.446581,0.0195312476716936,
,,,0.446613,0,
,,,0.446645,0.0195312476716936,
,,,0.446677,0.0195312476716936,
,,,0.446709,0.0195312476716936,
,,,0.446741,0,
,,,0.446773,0,
,,,0.446805,-0.0214843724388629,
,,,0.446837,0,
,,,0.446869,0,
,,,0.446901,0,
,,,0.446933,0.0195312476716936,
,,,0.446965,0.0195312476716936,
,,,0.446997,0,
,,,0.447029,0.0195312476716936,
,,,0.447061,-0.0214843724388629,
,,,0.447093,0,
,,,0.447125,0,
,,,0.447157,0.0195312476716936,
,,,0.447189,-0.0214843724388629,
,,,0.447221,0.0195312476716936,
,,,0.447253,0.0195312476716936,
,,,0.447285,-0.0214843724388629,
,,,0.447317,0.0195312476716936,
,,,0.447349,0.0195312476716936,
,,,0.447381,0,
,,,0.447413,0,
,,,0.447445,0,
,,,0.447477,0.0195312476716936,
,,,0.447509,0,
,,,0.447541,0.0195312476716936,
,,,0.447573,0.0195312476716936,
,,,0.447605,0.0195312476716936,
,,,0.447637,0.0195312476716936,
,,,0.447669,0.0195312476716936,
,,,0.447701,0.0195312476716936,
,,,0.447733,0.0195312476716936,
,,,0.447765,0.0195312476716936,
,,,0.447797,0.0195312476716936,
,,,0.447829,0.0195312476716936,
,,,0.447861,0,
,,,0.447893,-0.0214843724388629,
,,,0.447925,-0.0214843724388629,
,,,0.447957,0.0195312476716936,
,,,0.447989,0.0195312476716936,
,,,0.448021,0,
,,,0.448053,0.0195312476716936,
,,,0.448085,0.0195312476716936,
,,,0.448117,0.0195312476716936,
,,,0.448149,0.0195312476716936,
,,,0.448181,0.0195312476716936,
,,,0.448213,0,
,,,0.448245,0.0195312476716936,
,,,0.448277,0.0195312476716936,
,,,0.448309,0.0195312476716936,
,,,0.448341,0,
,,,0.448373,0.0195312476716936,
,,,0.448405,0,
,,,0.448437,-0.0214843724388629,
,,,0.448469,0.0195312476716936,
,,,0.448501,0.0195312476716936,
,,,0.448533,0.0195312476716936,
,,,0.448565,0.0195312476716936,
,,,0.448597,0.0195312476716936,
,,,0.448629,0,
,,,0.448661,0.0195312476716936,
,,,0.448693,0,
,,,0.448725,0,
,,,0.448757,0,
,,,0.448789,0,
,,,0.448821,0,
,,,0.448853,0,
,,,0.448885,0.0195312476716936,
,,,0.448917,0,
,,,0.448949,0.0390624953433871,
,,,0.448981,0.0195312476716936,
,,,0.449013,0.0195312476716936,
,,,0.449045,0,
,,,0.449077,0,
,,,0.449109,0,
,,,0.449141,0,
,,,0.449173,0.0195312476716936,
,,,0.449205,0,
,,,0.449237,0,
,,,0.449269,0,
,,,0.449301,-0.0214843724388629,
,,,0.449333,0.0195312476716936,
,,,0.449365,0,
,,,0.449397,0.0195312476716936,
,,,0.449429,0,
,,,0.449461,0,
,,,0.449493,0.0195312476716936,
,,,0.449525,0.0195312476716936,
,,,0.449557,0,
,,,0.449589,0.0195312476716936,
,,,0.449621,0.0195312476716936,
,,,0.449653,0,
,,,0.449685,0,
,,,0.449717,0.0195312476716936,
,,,0.449749,0.0195312476716936,
,,,0.449781,0,
,,,0.449813,0.0195312476716936,
,,,0.449845,0.0195312476716936,
,,,0.449877,0,
,,,0.449909,0.0195312476716936,
,,,0.449941,0.0195312476716936,
,,,0.449973,0,
,,,0.450005,0,
,,,0.450037,0,
,,,0.450069,0,
,,,0.450101,-0.0214843724388629,
,,,0.450133,0.0195312476716936,
,,,0.450165,0,
,,,0.450197,0.0195312476716936,
,,,0.450229,0,
,,,0.450261,0.0195312476716936,
,,,0.450293,0,
,,,0.450325,0.0195312476716936,
,,,0.450357,0.0195312476716936,
,,,0.450389,0.0195312476716936,
,,,0.450421,0.0195312476716936,
,,,0.450453,0,
,,,0.450485,-0.0214843724388629,
,,,0.450517,0.0195312476716936,
,,,0.450549,-0.0410156201105565,
,,,0.450581,0.0195312476716936,
,,,0.450613,0,
,,,0.450645,0,
,,,0.450677,0.0195312476716936,
,,,0.450709,0.0195312476716936,
,,,0.450741,0,
,,,0.450773,0.0390624953433871,
,,,0.450805,0,
,,,0.450837,0.0195312476716936,
,,,0.450869,0.0195312476716936,
,,,0.450901,0,
,,,0.450933,0.0195312476716936,
,,,0.450965,0,
,,,0.450997,-0.0214843724388629,
,,,0.451029,0.0195312476716936,
,,,0.451061,0.0195312476716936,
,,,0.451093,0.0195312476716936,
,,,0.451125,0,
,,,0.451157,0,
,,,0.451189,0.0800781154539436,
,,,0.451221,0.0195312476716936,
,,,0.451253,0,
,,,0.451285,0.0390624953433871,
,,,0.451317,0.0195312476716936,
,,,0.451349,-0.0214843724388629,
,,,0.451381,0,
,,,0.451413,0.0195312476716936,
,,,0.451445,0.0195312476716936,
,,,0.451477,0,
,,,0.451509,0.0195312476716936,
,,,0.451541,0.0390624953433871,
,,,0.451573,-0.0214843724388629,
,,,0.451605,0,
,,,0.451637,0.0195312476716936,
,,,0.451669,0,
,,,0.451701,0.0390624953433871,
,,,0.451733,0,
,,,0.451765,0.0195312476716936,
,,,0.451797,0,
,,,0.451829,0,
,,,0.451861,0.0195312476716936,
,,,0.451893,0.0195312476716936,
,,,0.451925,0.0195312476716936,
,,,0.451957,0,
,,,0.451989,0.0195312476716936,
,,,0.452021,0.0195312476716936,
,,,0.452053,0,
,,,0.452085,-0.0214843724388629,
,,,0.452117,0.0585937430150807,
,,,0.452149,0.0195312476716936,
,,,0.452181,0.0585937430150807,
,,,0.452213,0,
,,,0.452245,0.0195312476716936,
,,,0.452277,-0.0214843724388629,
,,,0.452309,0,
,,,0.452341,0.0195312476716936,
,,,0.452373,0.0195312476716936,
,,,0.452405,-0.0410156201105565,
,,,0.452437,0,
,,,0.452469,0,
,,,0.452501,0.0195312476716936,
,,,0.452533,0.0390624953433871,
,,,0.452565,-0.0214843724388629,
,,,0.452597,0.0195312476716936,
,,,0.452629,0.0195312476716936,
,,,0.452661,0.0195312476716936,
,,,0.452693,0.0195312476716936,
,,,0.452725,0.0195312476716936,
,,,0.452757,0.0195312476716936,
,,,0.452789,0,
,,,0.452821,0.0195312476716936,
,,,0.452853,0,
,,,0.452885,0,
,,,0.452917,0,
,,,0.452949,0.0195312476716936,
,,,0.452981,0.0195312476716936,
,,,0.453013,0,
,,,0.453045,0,
,,,0.453077,-0.0410156201105565,
,,,0.453109,0,
,,,0.453141,0.0195312476716936,
,,,0.453173,0.0195312476716936,
,,,0.453205,0.0390624953433871,
,,,0.453237,0.0195312476716936,
,,,0.453269,0.0195312476716936,
,,,0.453301,0.0195312476716936,
,,,0.453333,0.0195312476716936,
,,,0.453365,0.0195312476716936,
,,,0.453397,0,
,,,0.453429,0.0195312476716936,
,,,0.453461,0,
,,,0.453493,0,
,,,0.453525,0,
,,,0.453557,-0.0214843724388629,
,,,0.453589,0.0390624953433871,
,,,0.453621,0,
,,,0.453653,0,
,,,0.453685,-0.0214843724388629,
,,,0.453717,0.0195312476716936,
,,,0.453749,0.0195312476716936,
,,,0.453781,0.0195312476716936,
,,,0.453813,0.0195312476716936,
,,,0.453845,0.0390624953433871,
,,,0.453877,0,
,,,0.453909,0.0195312476716936,
,,,0.453941,0,
,,,0.453973,0.0195312476716936,
,,,0.454005,0.0195312476716936,
,,,0.454037,0.0195312476716936,
,,,0.454069,0,
,,,0.454101,0.0195312476716936,
,,,0.454133,0.0195312476716936,
,,,0.454165,0,
,,,0.454197,0.0195312476716936,
,,,0.454229,0,
,,,0.454261,0,
,,,0.454293,-0.0214843724388629,
,,,0.454325,0.0195312476716936,
,,,0.454357,0,
,,,0.454389,0,
,,,0.454421,0,
,,,0.454453,0,
,,,0.454485,0.0195312476716936,
,,,0.454517,0,
,,,0.454549,0.0195312476716936,
,,,0.454581,0,
,,,0.454613,0.0195312476716936,
,,,0.454645,0,
,,,0.454677,0.0195312476716936,
,,,0.454709,0.0195312476716936,
,,,0.454741,0.0195312476716936,
,,,0.454773,0,
,,,0.454805,0.0195312476716936,
,,,0.454837,0,
,,,0.454869,0.0195312476716936,
,,,0.454901,0,
,,,0.454933,0.0195312476716936,
,,,0.454965,0,
,,,0.454997,0,
,,,0.455029,0,
,,,0.455061,0.0195312476716936,
,,,0.455093,0.0390624953433871,
,,,0.455125,0,
,,,0.455157,0,
,,,0.455189,0,
,,,0.455221,0.0195312476716936,
,,,0.455253,0,
,,,0.455285,0.0195312476716936,
,,,0.455317,0,
,,,0.455349,0.0390624953433871,
,,,0.455381,0.0195312476716936,
,,,0.455413,0,
,,,0.455445,-0.0214843724388629,
,,,0.455477,0,
,,,0.455509,0,
,,,0.455541,0,
,,,0.455573,0.0195312476716936,
,,,0.455605,0.0195312476716936,
,,,0.455637,0.0195312476716936,
,,,0.455669,0,
,,,0.455701,-0.0214843724388629,
,,,0.455733,0.0195312476716936,
,,,0.455765,-0.0214843724388629,
,,,0.455797,0.0390624953433871,
,,,0.455829,0,
,,,0.455861,0,
,,,0.455893,0,
,,,0.455925,0,
,,,0.455957,0.0195312476716936,
,,,0.455989,0.0195312476716936,
,,,0.456021,0,
,,,0.456053,0.0195312476716936,
,,,0.456085,0.0195312476716936,
,,,0.456117,0,
,,,0.456149,0,
,,,0.456181,0.0195312476716936,
,,,0.456213,0,
,,,0.456245,0.0195312476716936,
,,,0.456277,0.0195312476716936,
,,,0.456309,0.0195312476716936,
,,,0.456341,0,
,,,0.456373,0,
,,,0.456405,0.0195312476716936,
,,,0.456437,0,
,,,0.456469,0,
,,,0.456501,0,
,,,0.456533,0.0195312476716936,
,,,0.456565,0,
,,,0.456597,0,
,,,0.456629,0,
,,,0.456661,0.0195312476716936,
,,,0.456693,0,
,,,0.456725,0,
,,,0.456757,0,
,,,0.456789,0,
,,,0.456821,0,
,,,0.456853,-0.0214843724388629,
,,,0.456885,0,
,,,0.456917,0,
,,,0.456949,-0.0214843724388629,
,,,0.456981,0,
,,,0.457013,0,
,,,0.457045,0,
,,,0.457077,0,
,,,0.457109,0.0195312476716936,
,,,0.457141,0,
,,,0.457173,0,
,,,0.457205,-0.0214843724388629,
,,,0.457237,0.0195312476716936,
,,,0.457269,0.0195312476716936,
,,,0.457301,0,
,,,0.457333,0,
,,,0.457365,0,
,,,0.457397,0.0195312476716936,
,,,0.457429,0.0195312476716936,
,,,0.457461,0,
,,,0.457493,0,
,,,0.457525,0.0195312476716936,
,,,0.457557,-0.0214843724388629,
,,,0.457589,0.0195312476716936,
,,,0.457621,0,
,,,0.457653,0.0195312476716936,
,,,0.457685,0,
,,,0.457717,0,
,,,0.457749,-0.0214843724388629,
,,,0.457781,0,
,,,0.457813,0.0195312476716936,
,,,0.457845,0.0195312476716936,
,,,0.457877,0.0195312476716936,
,,,0.457909,0,
,,,0.457941,0.0195312476716936,
,,,0.457973,0.0195312476716936,
,,,0.458005,0.0195312476716936,
,,,0.458037,0.0195312476716936,
,,,0.458069,0,
,,,0.458101,0,
,,,0.458133,0,
,,,0.458165,0,
,,,0.458197,0.0195312476716936,
,,,0.458229,0.0195312476716936,
,,,0.458261,0.0195312476716936,
,,,0.458293,0.0195312476716936,
,,,0.458325,0.0195312476716936,
,,,0.458357,0,
,,,0.458389,0.0195312476716936,
,,,0.458421,0.0195312476716936,
,,,0.458453,0,
,,,0.458485,0,
,,,0.458517,0.0195312476716936,
,,,0.458549,0,
,,,0.458581,0,
,,,0.458613,0,
,,,0.458645,0.0195312476716936,
,,,0.458677,0.0195312476716936,
,,,0.458709,0.0195312476716936,
,,,0.458741,0.0390624953433871,
,,,0.458773,0,
,,,0.458805,-0.06054686778225,
,,,0.458837,0.0195312476716936,
,,,0.458869,0.0195312476716936,
,,,0.458901,0.0390624953433871,
,,,0.458933,0.0195312476716936,
,,,0.458965,0,
,,,0.458997,0.0195312476716936,
,,,0.459029,0,
,,,0.459061,0.0195312476716936,
,,,0.459093,0.0195312476716936,
,,,0.459125,0,
,,,0.459157,0.0195312476716936,
,,,0.459189,0.0195312476716936,
,,,0.459221,0,
,,,0.459253,0.0195312476716936,
,,,0.459285,0,
,,,0.459317,0,
,,,0.459349,0.0195312476716936,
,,,0.459381,0.0195312476716936,
,,,0.459413,0,
,,,0.459445,0.0195312476716936,
,,,0.459477,0.0195312476716936,
,,,0.459509,0.0195312476716936,
,,,0.459541,-0.06054686778225,
,,,0.459573,0.0195312476716936,
,,,0.459605,-0.0214843724388629,
,,,0.459637,0.0195312476716936,
,,,0.459669,0,
,,,0.459701,0.0195312476716936,
,,,0.459733,0.0195312476716936,
,,,0.459765,0,
,,,0.459797,0,
,,,0.459829,0,
,,,0.459861,0.0195312476716936,
,,,0.459893,0.0195312476716936,
,,,0.459925,0,
,,,0.459957,0.0195312476716936,
,,,0.459989,0.0195312476716936,
,,,0.460021,0,
,,,0.460053,0.0195312476716936,
,,,0.460085,0.0195312476716936,
,,,0.460117,-0.0214843724388629,
,,,0.460149,0.0195312476716936,
,,,0.460181,0,
,,,0.460213,0,
,,,0.460245,0.0195312476716936,
,,,0.460277,0,
,,,0.460309,0.0195312476716936,
,,,0.460341,0.0195312476716936,
,,,0.460373,0,
,,,0.460405,0,
,,,0.460437,0.0195312476716936,
,,,0.460469,0,
,,,0.460501,0.0195312476716936,
,,,0.460533,0,
,,,0.460565,0,
,,,0.460597,0.0195312476716936,
,,,0.460629,0.0195312476716936,
,,,0.460661,0.0195312476716936,
,,,0.460693,0.0390624953433871,
,,,0.460725,0.0390624953433871,
,,,0.460757,0.0195312476716936,
,,,0.460789,0,
,,,0.460821,0.0195312476716936,
,,,0.460853,0.0195312476716936,
,,,0.460885,0.0195312476716936,
,,,0.460917,0,
,,,0.460949,0.0195312476716936,
,,,0.460981,0,
,,,0.461013,0,
,,,0.461045,0,
,,,0.461077,0.0195312476716936,
,,,0.461109,0.0195312476716936,
,,,0.461141,0,
,,,0.461173,0.0195312476716936,
,,,0.461205,0.0195312476716936,
,,,0.461237,0.0195312476716936,
,,,0.461269,0.0195312476716936,
,,,0.461301,0,
,,,0.461333,-0.0214843724388629,
,,,0.461365,0,
,,,0.461397,0,
,,,0.461429,0,
,,,0.461461,0.0390624953433871,
,,,0.461493,0,
,,,0.461525,0.0390624953433871,
,,,0.461557,0,
,,,0.461589,0.0195312476716936,
,,,0.461621,0.0585937430150807,
,,,0.461653,0,
,,,0.461685,0,
,,,0.461717,0,
,,,0.461749,0,
,,,0.461781,0,
,,,0.461813,0,
,,,0.461845,0.0195312476716936,
,,,0.461877,0.0195312476716936,
,,,0.461909,0,
,,,0.461941,0,
,,,0.461973,0.0195312476716936,
,,,0.462005,0,
,,,0.462037,0,
,,,0.462069,0,
,,,0.462101,0,
,,,0.462133,0.0195312476716936,
,,,0.462165,0,
,,,0.462197,0.0195312476716936,
,,,0.462229,0.0195312476716936,
,,,0.462261,0,
,,,0.462293,0.0195312476716936,
,,,0.462325,0,
,,,0.462357,0,
,,,0.462389,0.0195312476716936,
,,,0.462421,0,
,,,0.462453,0.0195312476716936,
,,,0.462485,0.0195312476716936,
,,,0.462517,0,
,,,0.462549,0,
,,,0.462581,0,
,,,0.462613,0,
,,,0.462645,0.0195312476716936,
,,,0.462677,0.0195312476716936,
,,,0.462709,0,
,,,0.462741,0.0195312476716936,
,,,0.462773,0.0195312476716936,
,,,0.462805,-0.0214843724388629,
,,,0.462837,0,
,,,0.462869,0,
,,,0.462901,0.0195312476716936,
,,,0.462933,0.0195312476716936,
,,,0.462965,-0.0214843724388629,
,,,0.462997,0.0195312476716936,
,,,0.463029,0.0195312476716936,
,,,0.463061,0.0195312476716936,
,,,0.463093,0.0195312476716936,
,,,0.463125,0.0195312476716936,
,,,0.463157,0.0195312476716936,
,,,0.463189,0,
,,,0.463221,0.0195312476716936,
,,,0.463253,0,
,,,0.463285,0.0390624953433871,
,,,0.463317,0.0195312476716936,
,,,0.463349,0.0195312476716936,
,,,0.463381,0.0195312476716936,
,,,0.463413,0.0195312476716936,
,,,0.463445,0,
,,,0.463477,0.0195312476716936,
,,,0.463509,0,
,,,0.463541,0.0195312476716936,
,,,0.463573,0,
,,,0.463605,0,
,,,0.463637,0,
,,,0.463669,0.0195312476716936,
,,,0.463701,0.0195312476716936,
,,,0.463733,0.0195312476716936,
,,,0.463765,0,
,,,0.463797,0.0195312476716936,
,,,0.463829,0.0195312476716936,
,,,0.463861,0.0195312476716936,
,,,0.463893,0.0195312476716936,
,,,0.463925,0.0195312476716936,
,,,0.463957,0.0195312476716936,
,,,0.463989,0.0195312476716936,
,,,0.464021,0.0195312476716936,
,,,0.464053,0,
,,,0.464085,0.0195312476716936,
,,,0.464117,0,
,,,0.464149,0.0195312476716936,
,,,0.464181,0,
,,,0.464213,-0.0214843724388629,
,,,0.464245,0,
,,,0.464277,0.0390624953433871,
,,,0.464309,0.0195312476716936,
,,,0.464341,0,
,,,0.464373,0,
,,,0.464405,0,
,,,0.464437,0,
,,,0.464469,0,
,,,0.464501,0.0195312476716936,
,,,0.464533,0,
,,,0.464565,0,
,,,0.464597,-0.0214843724388629,
,,,0.464629,0.0195312476716936,
,,,0.464661,0,
,,,0.464693,0,
,,,0.464725,-0.0214843724388629,
,,,0.464757,0.0195312476716936,
,,,0.464789,0,
,,,0.464821,0,
,,,0.464853,0.0195312476716936,
,,,0.464885,0,
,,,0.464917,0,
,,,0.464949,0.0195312476716936,
,,,0.464981,0.0195312476716936,
,,,0.465013,0.0195312476716936,
,,,0.465045,0,
,,,0.465077,0.0195312476716936,
,,,0.465109,0.0195312476716936,
,,,0.465141,0,
,,,0.465173,0.0195312476716936,
,,,0.465205,0.0195312476716936,
,,,0.465237,0.0195312476716936,
,,,0.465269,0.0195312476716936,
,,,0.465301,0,
,,,0.465333,0.0195312476716936,
,,,0.465365,-0.0214843724388629,
,,,0.465397,0,
,,,0.465429,0.0195312476716936,
,,,0.465461,0,
,,,0.465493,0,
,,,0.465525,0.0195312476716936,
,,,0.465557,0.0195312476716936,
,,,0.465589,0,
,,,0.465621,0.0390624953433871,
,,,0.465653,0.0195312476716936,
,,,0.465685,0.0195312476716936,
,,,0.465717,0.0195312476716936,
,,,0.465749,0.0195312476716936,
,,,0.465781,0,
,,,0.465813,0,
,,,0.465845,0,
,,,0.465877,-0.0214843724388629,
,,,0.465909,0,
,,,0.465941,0.0195312476716936,
,,,0.465973,0.0195312476716936,
,,,0.466005,0,
,,,0.466037,0.0195312476716936,
,,,0.466069,0.0195312476716936,
,,,0.466101,0.0195312476716936,
,,,0.466133,0,
,,,0.466165,0.0195312476716936,
,,,0.466197,0,
,,,0.466229,0.0195312476716936,
,,,0.466261,0.0195312476716936,
,,,0.466293,0.0195312476716936,
,,,0.466325,0,
,,,0.466357,0.0195312476716936,
,,,0.466389,0.0195312476716936,
,,,0.466421,0.0195312476716936,
,,,0.466453,0.0195312476716936,
,,,0.466485,0.0195312476716936,
,,,0.466517,0.0195312476716936,
,,,0.466549,0.0195312476716936,
,,,0.466581,0.0195312476716936,
,,,0.466613,0.0195312476716936,
,,,0.466645,0.0195312476716936,
,,,0.466677,0.0195312476716936,
,,,0.466709,0,
,,,0.466741,0.0195312476716936,
,,,0.466773,0,
,,,0.466805,0.0195312476716936,
,,,0.466837,0.0195312476716936,
,,,0.466869,0.0195312476716936,
,,,0.466901,0.0195312476716936,
,,,0.466933,0,
,,,0.466965,0.0195312476716936,
,,,0.466997,0.0195312476716936,
,,,0.467029,0,
,,,0.467061,0.0585937430150807,
,,,0.467093,0,
,,,0.467125,0,
,,,0.467157,-0.0214843724388629,
,,,0.467189,0.0195312476716936,
,,,0.467221,0,
,,,0.467253,0,
,,,0.467285,0.0195312476716936,
,,,0.467317,0.0195312476716936,
,,,0.467349,0,
,,,0.467381,0.0195312476716936,
,,,0.467413,0.0195312476716936,
,,,0.467445,0.0390624953433871,
,,,0.467477,0.0195312476716936,
,,,0.467509,0.0195312476716936,
,,,0.467541,0.0585937430150807,
,,,0.467573,0.0195312476716936,
,,,0.467605,0,
,,,0.467637,0.0195312476716936,
,,,0.467669,0.0195312476716936,
,,,0.467701,0.0195312476716936,
,,,0.467733,0.0195312476716936,
,,,0.467765,0,
,,,0.467797,0.0195312476716936,
,,,0.467829,0.0390624953433871,
,,,0.467861,0.0195312476716936,
,,,0.467893,0.0195312476716936,
,,,0.467925,0,
,,,0.467957,0.0390624953433871,
,,,0.467989,0,
,,,0.468021,0.0195312476716936,
,,,0.468053,0,
,,,0.468085,0.0195312476716936,
,,,0.468117,0,
,,,0.468149,0.0195312476716936,
,,,0.468181,0.0195312476716936,
,,,0.468213,-0.0214843724388629,
,,,0.468245,0.0195312476716936,
,,,0.468277,0,
,,,0.468309,0,
,,,0.468341,0,
,,,0.468373,0.0195312476716936,
,,,0.468405,0.0195312476716936,
,,,0.468437,0,
,,,0.468469,0,
,,,0.468501,0,
,,,0.468533,0.0195312476716936,
,,,0.468565,0.0195312476716936,
,,,0.468597,0,
,,,0.468629,-0.0214843724388629,
,,,0.468661,0,
,,,0.468693,0,
,,,0.468725,0,
,,,0.468757,0.0195312476716936,
,,,0.468789,0.0195312476716936,
,,,0.468821,0.0195312476716936,
,,,0.468853,0.0195312476716936,
,,,0.468885,0.0195312476716936,
,,,0.468917,0.0195312476716936,
,,,0.468949,0,
,,,0.468981,0,
,,,0.469013,0,
,,,0.469045,0.0195312476716936,
,,,0.469077,0.0195312476716936,
,,,0.469109,0.0195312476716936,
,,,0.469141,0.0195312476716936,
,,,0.469173,0,
,,,0.469205,0.0195312476716936,
,,,0.469237,0,
,,,0.469269,0,
,,,0.469301,0,
,,,0.469333,0.0195312476716936,
,,,0.469365,0.0195312476716936,
,,,0.469397,0.0195312476716936,
,,,0.469429,0.0195312476716936,
,,,0.469461,-0.06054686778225,
,,,0.469493,0,
,,,0.469525,0.0195312476716936,
,,,0.469557,0,
,,,0.469589,0.0195312476716936,
,,,0.469621,0,
,,,0.469653,0,
,,,0.469685,-0.0214843724388629,
,,,0.469717,0.0195312476716936,
,,,0.469749,0,
,,,0.469781,0.0195312476716936,
,,,0.469813,0.0195312476716936,
,,,0.469845,0.0195312476716936,
,,,0.469877,0.0195312476716936,
,,,0.469909,0.0195312476716936,
,,,0.469941,0,
,,,0.469973,0.0195312476716936,
,,,0.470005,0.0195312476716936,
,,,0.470037,0.0195312476716936,
,,,0.470069,0,
,,,0.470101,-0.0214843724388629,
,,,0.470133,0.0195312476716936,
,,,0.470165,0.0195312476716936,
,,,0.470197,0.0195312476716936,
,,,0.470229,0,
,,,0.470261,0.0390624953433871,
,,,0.470293,0.0195312476716936,
,,,0.470325,0.0195312476716936,
,,,0.470357,0.0390624953433871,
,,,0.470389,0.0195312476716936,
,,,0.470421,0,
,,,0.470453,0.0195312476716936,
,,,0.470485,0.0195312476716936,
,,,0.470517,0,
,,,0.470549,0.0195312476716936,
,,,0.470581,0.0390624953433871,
,,,0.470613,0.0195312476716936,
,,,0.470645,0.0195312476716936,
,,,0.470677,0,
,,,0.470709,0.0195312476716936,
,,,0.470741,0,
,,,0.470773,0.0195312476716936,
,,,0.470805,0.0195312476716936,
,,,0.470837,0.0390624953433871,
,,,0.470869,0,
,,,0.470901,0,
,,,0.470933,0,
,,,0.470965,0,
,,,0.470997,0.0195312476716936,
,,,0.471029,0.0195312476716936,
,,,0.471061,0,
,,,0.471093,0,
,,,0.471125,0,
,,,0.471157,0,
,,,0.471189,0,
,,,0.471221,0.0195312476716936,
,,,0.471253,0.0195312476716936,
,,,0.471285,0.0195312476716936,
,,,0.471317,-0.0214843724388629,
,,,0.471349,0.0195312476716936,
,,,0.471381,0.0195312476716936,
,,,0.471413,0.0195312476716936,
,,,0.471445,0.0390624953433871,
,,,0.471477,-0.0214843724388629,
,,,0.471509,0,
,,,0.471541,0,
,,,0.471573,0.0195312476716936,
,,,0.471605,0.0195312476716936,
,,,0.471637,0.0195312476716936,
,,,0.471669,0.0195312476716936,
,,,0.471701,0.0195312476716936,
,,,0.471733,0,
,,,0.471765,0,
,,,0.471797,0.0195312476716936,
,,,0.471829,0,
,,,0.471861,0.0195312476716936,
,,,0.471893,0,
,,,0.471925,0,
,,,0.471957,0,
,,,0.471989,0.0195312476716936,
,,,0.472021,0,
,,,0.472053,0.0195312476716936,
,,,0.472085,0,
,,,0.472117,0,
,,,0.472149,0,
,,,0.472181,0,
,,,0.472213,0.0390624953433871,
,,,0.472245,0,
,,,0.472277,0.0195312476716936,
,,,0.472309,0,
,,,0.472341,0.0195312476716936,
,,,0.472373,0,
,,,0.472405,0,
,,,0.472437,0.0195312476716936,
,,,0.472469,0.0195312476716936,
,,,0.472501,0,
,,,0.472533,0,
,,,0.472565,0,
,,,0.472597,0.0195312476716936,
,,,0.472629,-0.0214843724388629,
,,,0.472661,0.0195312476716936,
,,,0.472693,0,
,,,0.472725,0.0195312476716936,
,,,0.472757,0.0195312476716936,
,,,0.472789,0,
,,,0.472821,0,
,,,0.472853,0,
,,,0.472885,0,
,,,0.472917,-0.0214843724388629,
,,,0.472949,0,
,,,0.472981,0,
,,,0.473013,0,
,,,0.473045,0,
,,,0.473077,0.0195312476716936,
,,,0.473109,0,
,,,0.473141,0,
,,,0.473173,0,
,,,0.473205,0,
,,,0.473237,0,
,,,0.473269,0.0195312476716936,
,,,0.473301,0.0195312476716936,
,,,0.473333,0,
,,,0.473365,0.0195312476716936,
,,,0.473397,0.0195312476716936,
,,,0.473429,0,
,,,0.473461,0.0195312476716936,
,,,0.473493,0.0195312476716936,
,,,0.473525,-0.0214843724388629,
,,,0.473557,0,
,,,0.473589,0,
,,,0.473621,0,
,,,0.473653,0,
,,,0.473685,0.0195312476716936,
,,,0.473717,0.0195312476716936,
,,,0.473749,0,
,,,0.473781,0,
,,,0.473813,0,
,,,0.473845,0.0195312476716936,
,,,0.473877,0,
,,,0.473909,0,
,,,0.473941,0,
,,,0.473973,0.0195312476716936,
,,,0.474005,-0.0410156201105565,
,,,0.474037,0,
,,,0.474069,0.0195312476716936,
,,,0.474101,-0.0214843724388629,
,,,0.474133,0.0195312476716936,
,,,0.474165,0.0195312476716936,
,,,0.474197,0.0195312476716936,
,,,0.474229,0,
,,,0.474261,0.0195312476716936,
,,,0.474293,0,
,,,0.474325,0.0195312476716936,
,,,0.474357,0,
,,,0.474389,0.0195312476716936,
,,,0.474421,0.0195312476716936,
,,,0.474453,0,
,,,0.474485,0,
,,,0.474517,0,
,,,0.474549,0,
,,,0.474581,0,
,,,0.474613,0,
,,,0.474645,0.0195312476716936,
,,,0.474677,0,
,,,0.474709,0.0195312476716936,
,,,0.474741,-0.0214843724388629,
,,,0.474773,0,
,,,0.474805,0.0195312476716936,
,,,0.474837,0.0195312476716936,
,,,0.474869,0,
,,,0.474901,0.0195312476716936,
,,,0.474933,-0.0214843724388629,
,,,0.474965,0,
,,,0.474997,0.0195312476716936,
,,,0.475029,0.0195312476716936,
,,,0.475061,0.0195312476716936,
,,,0.475093,0.0195312476716936,
,,,0.475125,0,
,,,0.475157,0.0195312476716936,
,,,0.475189,0.0195312476716936,
,,,0.475221,0,
,,,0.475253,0.0195312476716936,
,,,0.475285,0,
,,,0.475317,0.0390624953433871,
,,,0.475349,0.0800781154539436,
,,,0.475381,0.0195312476716936,
,,,0.475413,0.0195312476716936,
,,,0.475445,0.0195312476716936,
,,,0.475477,0,
,,,0.475509,0.0195312476716936,
,,,0.475541,0.0195312476716936,
,,,0.475573,0.0195312476716936,
,,,0.475605,0.0195312476716936,
,,,0.475637,0,
,,,0.475669,0.0195312476716936,
,,,0.475701,0.0195312476716936,
,,,0.475733,0,
,,,0.475765,0,
,,,0.475797,0.0195312476716936,
,,,0.475829,0,
,,,0.475861,0.0195312476716936,
,,,0.475893,0,
,,,0.475925,0,
,,,0.475957,0,
,,,0.475989,0.0195312476716936,
,,,0.476021,0.0195312476716936,
,,,0.476053,0.0195312476716936,
,,,0.476085,0,
,,,0.476117,0.0195312476716936,
,,,0.476149,0.0195312476716936,
,,,0.476181,0.0195312476716936,
,,,0.476213,0.0390624953433871,
,,,0.476245,0.0195312476716936,
,,,0.476277,0,
,,,0.476309,0,
,,,0.476341,0.0195312476716936,
,,,0.476373,0,
,,,0.476405,0.0195312476716936,
,,,0.476437,0.0195312476716936,
,,,0.476469,0,
,,,0.476501,0.0195312476716936,
,,,0.476533,0,
,,,0.476565,0,
,,,0.476597,0.0195312476716936,
,,,0.476629,0.0195312476716936,
,,,0.476661,0.0195312476716936,
,,,0.476693,0.0195312476716936,
,,,0.476725,0.0195312476716936,
,,,0.476757,0.0195312476716936,
,,,0.476789,0.0195312476716936,
,,,0.476821,0,
,,,0.476853,0,
,,,0.476885,0.0195312476716936,
,,,0.476917,0.0195312476716936,
,,,0.476949,0.0585937430150807,
,,,0.476981,0.0195312476716936,
,,,0.477013,0,
,,,0.477045,0.0195312476716936,
,,,0.477077,0,
,,,0.477109,0.0195312476716936,
,,,0.477141,0,
,,,0.477173,0,
,,,0.477205,-0.0214843724388629,
,,,0.477237,0,
,,,0.477269,0.0195312476716936,
,,,0.477301,0.0195312476716936,
,,,0.477333,0,
,,,0.477365,0.0585937430150807,
,,,0.477397,-0.0214843724388629,
,,,0.477429,0,
,,,0.477461,-0.0410156201105565,
,,,0.477493,0,
,,,0.477525,0,
,,,0.477557,0,
,,,0.477589,0,
,,,0.477621,0,
,,,0.477653,0.0195312476716936,
,,,0.477685,0.0195312476716936,
,,,0.477717,0.0195312476716936,
,,,0.477749,0.0195312476716936,
,,,0.477781,0,
,,,0.477813,0,
,,,0.477845,-0.0214843724388629,
,,,0.477877,0,
,,,0.477909,0,
,,,0.477941,0.0195312476716936,
,,,0.477973,0.0195312476716936,
,,,0.478005,0,
,,,0.478037,0,
,,,0.478069,0,
,,,0.478101,0,
,,,0.478133,0,
,,,0.478165,0,
,,,0.478197,0.0195312476716936,
,,,0.478229,0.0390624953433871,
,,,0.478261,-0.0214843724388629,
,,,0.478293,0,
,,,0.478325,0,
,,,0.478357,0.0195312476716936,
,,,0.478389,0.0195312476716936,
,,,0.478421,0,
,,,0.478453,0.0195312476716936,
,,,0.478485,0.0195312476716936,
,,,0.478517,0.0195312476716936,
,,,0.478549,0.0195312476716936,
,,,0.478581,0,
,,,0.478613,0,
,,,0.478645,0.0195312476716936,
,,,0.478677,0,
,,,0.478709,0,
,,,0.478741,0,
,,,0.478773,-0.0410156201105565,
,,,0.478805,0,
,,,0.478837,0.0195312476716936,
,,,0.478869,0.0195312476716936,
,,,0.478901,0,
,,,0.478933,0,
,,,0.478965,0,
,,,0.478997,0.0195312476716936,
,,,0.479029,0,
,,,0.479061,0.0195312476716936,
,,,0.479093,0.0390624953433871,
,,,0.479125,0.0195312476716936,
,,,0.479157,0,
,,,0.479189,0.0195312476716936,
,,,0.479221,0.0195312476716936,
,,,0.479253,0,
,,,0.479285,0.0195312476716936,
,,,0.479317,0.0195312476716936,
,,,0.479349,-0.06054686778225,
,,,0.479381,0,
,,,0.479413,0.0195312476716936,
,,,0.479445,-0.0214843724388629,
,,,0.479477,0.0195312476716936,
,,,0.479509,0.0195312476716936,
,,,0.479541,0.0195312476716936,
,,,0.479573,0,
,,,0.479605,0,
,,,0.479637,0.0195312476716936,
,,,0.479669,0,
,,,0.479701,0.0195312476716936,
,,,0.479733,0.0195312476716936,
,,,0.479765,0,
,,,0.479797,-0.0214843724388629,
,,,0.479829,0.0195312476716936,
,,,0.479861,0.0195312476716936,
,,,0.479893,0,
,,,0.479925,0,
,,,0.479957,0,
,,,0.479989,-0.0214843724388629,
,,,0.480021,-0.0214843724388629,
,,,0.480053,0.0195312476716936,
,,,0.480085,0,
,,,0.480117,0,
,,,0.480149,0.0195312476716936,
,,,0.480181,0.0195312476716936,
,,,0.480213,0,
,,,0.480245,0.0195312476716936,
,,,0.480277,0.0195312476716936,
,,,0.480309,0.0390624953433871,
,,,0.480341,0,
,,,0.480373,0.0195312476716936,
,,,0.480405,-0.0214843724388629,
,,,0.480437,0.0195312476716936,
,,,0.480469,0.0195312476716936,
,,,0.480501,0.0195312476716936,
,,,0.480533,0,
,,,0.480565,0.0195312476716936,
,,,0.480597,0,
,,,0.480629,0,
,,,0.480661,0.0195312476716936,
,,,0.480693,0,
,,,0.480725,0.0195312476716936,
,,,0.480757,0,
,,,0.480789,0.0195312476716936,
,,,0.480821,0.0195312476716936,
,,,0.480853,0.0195312476716936,
,,,0.480885,0.0195312476716936,
,,,0.480917,0,
,,,0.480949,0.0195312476716936,
,,,0.480981,0.0390624953433871,
,,,0.481013,0,
,,,0.481045,0,
,,,0.481077,0.0195312476716936,
,,,0.481109,0.0195312476716936,
,,,0.481141,0,
,,,0.481173,0,
,,,0.481205,0,
,,,0.481237,0.0195312476716936,
,,,0.481269,0.0195312476716936,
,,,0.481301,0,
,,,0.481333,0,
,,,0.481365,0,
,,,0.481397,0,
,,,0.481429,0.0195312476716936,
,,,0.481461,0,
,,,0.481493,0,
,,,0.481525,0,
,,,0.481557,0,
,,,0.481589,0.0195312476716936,
,,,0.481621,0.0195312476716936,
,,,0.481653,0.0195312476716936,
,,,0.481685,0.0195312476716936,
,,,0.481717,0,
,,,0.481749,0.0195312476716936,
,,,0.481781,0,
,,,0.481813,-0.0410156201105565,
,,,0.481845,0.0195312476716936,
,,,0.481877,0.0195312476716936,
,,,0.481909,0,
,,,0.481941,0,
,,,0.481973,0.0195312476716936,
,,,0.482005,0,
,,,0.482037,0.0195312476716936,
,,,0.482069,0.0195312476716936,
,,,0.482101,0,
,,,0.482133,0.0195312476716936,
,,,0.482165,0.0195312476716936,
,,,0.482197,0,
,,,0.482229,0,
,,,0.482261,0,
,,,0.482293,0,
,,,0.482325,0.0195312476716936,
,,,0.482357,0,
,,,0.482389,0,
,,,0.482421,0,
,,,0.482453,0.0195312476716936,
,,,0.482485,0.0195312476716936,
,,,0.482517,0,
,,,0.482549,0,
,,,0.482581,0.0195312476716936,
,,,0.482613,0.0195312476716936,
,,,0.482645,0,
,,,0.482677,0.0195312476716936,
,,,0.482709,0.0195312476716936,
,,,0.482741,0.0195312476716936,
,,,0.482773,0,
,,,0.482805,0.0195312476716936,
,,,0.482837,0.0195312476716936,
,,,0.482869,0,
,,,0.482901,0,
,,,0.482933,0,
,,,0.482965,0.0195312476716936,
,,,0.482997,0.0195312476716936,
,,,0.483029,0,
,,,0.483061,0,
,,,0.483093,0,
,,,0.483125,0,
,,,0.483157,0.0195312476716936,
,,,0.483189,0,
,,,0.483221,0,
,,,0.483253,0.0195312476716936,
,,,0.483285,0,
,,,0.483317,0,
,,,0.483349,0,
,,,0.483381,0,
,,,0.483413,0.0195312476716936,
,,,0.483445,0,
,,,0.483477,0,
,,,0.483509,0.0195312476716936,
,,,0.483541,0.0195312476716936,
,,,0.483573,-0.0214843724388629,
,,,0.483605,0,
,,,0.483637,0.0195312476716936,
,,,0.483669,0,
,,,0.483701,0,
,,,0.483733,0.0195312476716936,
,,,0.483765,0.0195312476716936,
,,,0.483797,0,
,,,0.483829,0.0195312476716936,
,,,0.483861,0,
,,,0.483893,0.0195312476716936,
,,,0.483925,0,
,,,0.483957,0.0390624953433871,
,,,0.483989,0.0195312476716936,
,,,0.484021,0,
,,,0.484053,0.0195312476716936,
,,,0.484085,0,
,,,0.484117,0.0195312476716936,
,,,0.484149,0.0195312476716936,
,,,0.484181,0,
,,,0.484213,0.0195312476716936,
,,,0.484245,0.0195312476716936,
,,,0.484277,0.0195312476716936,
,,,0.484309,0.0195312476716936,
,,,0.484341,0.0195312476716936,
,,,0.484373,0,
,,,0.484405,0.0195312476716936,
,,,0.484437,-0.0214843724388629,
,,,0.484469,0.0195312476716936,
,,,0.484501,0.0195312476716936,
,,,0.484533,0.0195312476716936,
,,,0.484565,0,
,,,0.484597,0.0195312476716936,
,,,0.484629,0.0195312476716936,
,,,0.484661,0,
,,,0.484693,0,
,,,0.484725,0.0195312476716936,
,,,0.484757,0,
,,,0.484789,0.0195312476716936,
,,,0.484821,0.0195312476716936,
,,,0.484853,0.0390624953433871,
,,,0.484885,0,
,,,0.484917,0,
,,,0.484949,0.0195312476716936,
,,,0.484981,0.0195312476716936,
,,,0.485013,0,
,,,0.485045,0.0195312476716936,
,,,0.485077,0.0195312476716936,
,,,0.485109,0.0195312476716936,
,,,0.485141,0,
,,,0.485173,0.0195312476716936,
,,,0.485205,0,
,,,0.485237,0.0195312476716936,
,,,0.485269,0.0195312476716936,
,,,0.485301,0.0195312476716936,
,,,0.485333,0,
,,,0.485365,0.0195312476716936,
,,,0.485397,0,
,,,0.485429,0.0195312476716936,
,,,0.485461,0.0195312476716936,
,,,0.485493,-0.0214843724388629,
,,,0.485525,0.0195312476716936,
,,,0.485557,0.0195312476716936,
,,,0.485589,0.0390624953433871,
,,,0.485621,0.0195312476716936,
,,,0.485653,0,
,,,0.485685,0,
,,,0.485717,0,
,,,0.485749,0,
,,,0.485781,0,
,,,0.485813,-0.0214843724388629,
,,,0.485845,0.0195312476716936,
,,,0.485877,0.0195312476716936,
,,,0.485909,0.0195312476716936,
,,,0.485941,0.0195312476716936,
,,,0.485973,0.0195312476716936,
,,,0.486005,0.0195312476716936,
,,,0.486037,0,
,,,0.486069,0.0195312476716936,
,,,0.486101,0.0195312476716936,
,,,0.486133,0.0195312476716936,
,,,0.486165,0,
,,,0.486197,0.0390624953433871,
,,,0.486229,0.0195312476716936,
,,,0.486261,0,
,,,0.486293,-0.0214843724388629,
,,,0.486325,0.0195312476716936,
,,,0.486357,0.0195312476716936,
,,,0.486389,0.0195312476716936,
,,,0.486421,0.0195312476716936,
,,,0.486453,0.0195312476716936,
,,,0.486485,0,
,,,0.486517,0.0195312476716936,
,,,0.486549,0.0390624953433871,
,,,0.486581,0,
,,,0.486613,-0.06054686778225,
,,,0.486645,-0.0214843724388629,
,,,0.486677,0,
,,,0.486709,0,
,,,0.486741,0.0195312476716936,
,,,0.486773,0,
,,,0.486805,0.0195312476716936,
,,,0.486837,0,
,,,0.486869,0.0195312476716936,
,,,0.486901,0.0195312476716936,
,,,0.486933,0,
,,,0.486965,-0.0214843724388629,
,,,0.486997,0.0195312476716936,
,,,0.487029,-0.06054686778225,
,,,0.487061,0,
,,,0.487093,0.0195312476716936,
,,,0.487125,0.0195312476716936,
,,,0.487157,0,
,,,0.487189,0,
,,,0.487221,0.0195312476716936,
,,,0.487253,0,
,,,0.487285,0,
,,,0.487317,0.0390624953433871,
,,,0.487349,0.0390624953433871,
,,,0.487381,-0.0214843724388629,
,,,0.487413,0.0195312476716936,
,,,0.487445,0.0195312476716936,
,,,0.487477,0.0195312476716936,
,,,0.487509,0,
,,,0.487541,0.0195312476716936,
,,,0.487573,0.0195312476716936,
,,,0.487605,0,
,,,0.487637,0,
,,,0.487669,-0.0214843724388629,
,,,0.487701,0,
,,,0.487733,0,
,,,0.487765,0.0195312476716936,
,,,0.487797,0.0195312476716936,
,,,0.487829,0.0390624953433871,
,,,0.487861,0.0195312476716936,
,,,0.487893,0,
,,,0.487925,0.0195312476716936,
,,,0.487957,-0.0214843724388629,
,,,0.487989,0.0195312476716936,
,,,0.488021,0.0195312476716936,
,,,0.488053,0.0195312476716936,
,,,0.488085,0.0195312476716936,
,,,0.488117,0.0195312476716936,
,,,0.488149,0,
,,,0.488181,0.0195312476716936,
,,,0.488213,0.0195312476716936,
,,,0.488245,0,
,,,0.488277,0,
,,,0.488309,0.0195312476716936,
,,,0.488341,0,
,,,0.488373,0.0195312476716936,
,,,0.488405,0,
,,,0.488437,0.0195312476716936,
,,,0.488469,0.0195312476716936,
,,,0.488501,0.0195312476716936,
,,,0.488533,0,
,,,0.488565,0,
,,,0.488597,0,
,,,0.488629,0,
,,,0.488661,0.0195312476716936,
,,,0.488693,0.0195312476716936,
,,,0.488725,0,
,,,0.488757,0,
,,,0.488789,0.0195312476716936,
,,,0.488821,0,
,,,0.488853,0,
,,,0.488885,0.0195312476716936,
,,,0.488917,0,
,,,0.488949,0,
,,,0.488981,0,
,,,0.489013,0,
,,,0.489045,0,
,,,0.489077,0.0195312476716936,
,,,0.489109,-0.0214843724388629,
,,,0.489141,0,
,,,0.489173,0,
,,,0.489205,0.0195312476716936,
,,,0.489237,0,
,,,0.489269,0.0390624953433871,
,,,0.489301,0,
,,,0.489333,0,
,,,0.489365,0,
,,,0.489397,0,
,,,0.489429,0,
,,,0.489461,-0.0214843724388629,
,,,0.489493,0,
,,,0.489525,0,
,,,0.489557,0.0195312476716936,
,,,0.489589,0.0195312476716936,
,,,0.489621,0,
,,,0.489653,0,
,,,0.489685,0,
,,,0.489717,0.0195312476716936,
,,,0.489749,0,
,,,0.489781,-0.0214843724388629,
,,,0.489813,0,
,,,0.489845,0,
,,,0.489877,-0.0214843724388629,
,,,0.489909,-0.0214843724388629,
,,,0.489941,0.0195312476716936,
,,,0.489973,0.0195312476716936,
,,,0.490005,0,
,,,0.490037,0,
,,,0.490069,0,
,,,0.490101,0,
,,,0.490133,0,
,,,0.490165,0,
,,,0.490197,0.0195312476716936,
,,,0.490229,0.0390624953433871,
,,,0.490261,0,
,,,0.490293,0,
,,,0.490325,0,
,,,0.490357,0,
,,,0.490389,0.0195312476716936,
,,,0.490421,0.0195312476716936,
,,,0.490453,0,
,,,0.490485,0.0195312476716936,
,,,0.490517,0,
,,,0.490549,0,
,,,0.490581,0.0195312476716936,
,,,0.490613,0.0195312476716936,
,,,0.490645,-0.0214843724388629,
,,,0.490677,0,
,,,0.490709,0.0195312476716936,
,,,0.490741,0.0195312476716936,
,,,0.490773,0,
,,,0.490805,0.0195312476716936,
,,,0.490837,0.0195312476716936,
,,,0.490869,0.0195312476716936,
,,,0.490901,0.0195312476716936,
,,,0.490933,-0.0214843724388629,
,,,0.490965,0.0195312476716936,
,,,0.490997,0,
,,,0.491029,0,
,,,0.491061,0,
,,,0.491093,0.0195312476716936,
,,,0.491125,0,
,,,0.491157,0.0195312476716936,
,,,0.491189,0.0195312476716936,
,,,0.491221,0.0195312476716936,
,,,0.491253,0,
,,,0.491285,0.0195312476716936,
,,,0.491317,0.0195312476716936,
,,,0.491349,-0.0214843724388629,
,,,0.491381,0.0195312476716936,
,,,0.491413,0,
,,,0.491445,-0.0214843724388629,
,,,0.491477,0,
,,,0.491509,0,
,,,0.491541,0,
,,,0.491573,0,
,,,0.491605,0,
,,,0.491637,0,
,,,0.491669,0,
,,,0.491701,0.0195312476716936,
,,,0.491733,0.0195312476716936,
,,,0.491765,0.0195312476716936,
,,,0.491797,0.0195312476716936,
,,,0.491829,0.0195312476716936,
,,,0.491861,0,
,,,0.491893,0,
,,,0.491925,0.0195312476716936,
,,,0.491957,0,
,,,0.491989,0.0195312476716936,
,,,0.492021,0.0195312476716936,
,,,0.492053,0.0390624953433871,
,,,0.492085,0.0195312476716936,
,,,0.492117,0.0195312476716936,
,,,0.492149,0,
,,,0.492181,0,
,,,0.492213,0.0195312476716936,
,,,0.492245,0.0195312476716936,
,,,0.492277,0.0195312476716936,
,,,0.492309,0.0390624953433871,
,,,0.492341,0.0195312476716936,
,,,0.492373,0,
,,,0.492405,0,
,,,0.492437,0,
,,,0.492469,-0.0214843724388629,
,,,0.492501,0.0195312476716936,
,,,0.492533,0.0195312476716936,
,,,0.492565,0.0195312476716936,
,,,0.492597,0,
,,,0.492629,0,
,,,0.492661,0,
,,,0.492693,0,
,,,0.492725,0,
,,,0.492757,0,
,,,0.492789,0.0195312476716936,
,,,0.492821,0.0390624953433871,
,,,0.492853,0.0390624953433871,
,,,0.492885,0.0195312476716936,
,,,0.492917,0.0195312476716936,
,,,0.492949,0.0195312476716936,
,,,0.492981,0.0195312476716936,
,,,0.493013,0.0195312476716936,
,,,0.493045,0,
,,,0.493077,0.0195312476716936,
,,,0.493109,0.0195312476716936,
,,,0.493141,0.0195312476716936,
,,,0.493173,0,
,,,0.493205,0.0195312476716936,
,,,0.493237,0.0195312476716936,
,,,0.493269,0,
,,,0.493301,0,
,,,0.493333,0,
,,,0.493365,0,
,,,0.493397,0.0195312476716936,
,,,0.493429,0,
,,,0.493461,0.0195312476716936,
,,,0.493493,0.0195312476716936,
,,,0.493525,0.0195312476716936,
,,,0.493557,0.0195312476716936,
,,,0.493589,0,
,,,0.493621,0.0195312476716936,
,,,0.493653,0,
,,,0.493685,-0.0214843724388629,
,,,0.493717,0,
,,,0.493749,0,
,,,0.493781,0,
,,,0.493813,0.0390624953433871,
,,,0.493845,0,
,,,0.493877,0,
,,,0.493909,0,
,,,0.493941,0,
,,,0.493973,0,
,,,0.494005,0,
,,,0.494037,-0.0214843724388629,
,,,0.494069,0.0195312476716936,
,,,0.494101,-0.0214843724388629,
,,,0.494133,0.0195312476716936,
,,,0.494165,0.0195312476716936,
,,,0.494197,0,
,,,0.494229,0,
,,,0.494261,0,
,,,0.494293,0.0195312476716936,
,,,0.494325,0,
,,,0.494357,-0.0214843724388629,
,,,0.494389,0.0195312476716936,
,,,0.494421,0,
,,,0.494453,0,
,,,0.494485,0.0195312476716936,
,,,0.494517,0,
,,,0.494549,0.0195312476716936,
,,,0.494581,0.0195312476716936,
,,,0.494613,0,
,,,0.494645,0,
,,,0.494677,0,
,,,0.494709,-0.0214843724388629,
,,,0.494741,0,
,,,0.494773,0,
,,,0.494805,0,
,,,0.494837,0,
,,,0.494869,0,
,,,0.494901,0,
,,,0.494933,0.0195312476716936,
,,,0.494965,0,
,,,0.494997,0,
,,,0.495029,0,
,,,0.495061,0.0195312476716936,
,,,0.495093,-0.0214843724388629,
,,,0.495125,-0.0214843724388629,
,,,0.495157,0,
,,,0.495189,0,
,,,0.495221,0,
,,,0.495253,0.0195312476716936,
,,,0.495285,-0.0214843724388629,
,,,0.495317,-0.0214843724388629,
,,,0.495349,0.0195312476716936,
,,,0.495381,0,
,,,0.495413,0,
,,,0.495445,0,
,,,0.495477,0.0195312476716936,
,,,0.495509,0.0195312476716936,
,,,0.495541,0.0195312476716936,
,,,0.495573,-0.0214843724388629,
,,,0.495605,0.0390624953433871,
,,,0.495637,0.0195312476716936,
,,,0.495669,0,
,,,0.495701,-0.0214843724388629,
,,,0.495733,0,
,,,0.495765,0.0390624953433871,
,,,0.495797,0,
,,,0.495829,-0.0214843724388629,
,,,0.495861,0,
,,,0.495893,0,
,,,0.495925,0.0195312476716936,
,,,0.495957,0,
,,,0.495989,0,
,,,0.496021,-0.0214843724388629,
,,,0.496053,0.0195312476716936,
,,,0.496085,0,
,,,0.496117,0,
,,,0.496149,0,
,,,0.496181,0,
,,,0.496213,0.0195312476716936,
,,,0.496245,0,
,,,0.496277,0.0195312476716936,
,,,0.496309,0.0195312476716936,
,,,0.496341,0.0195312476716936,
,,,0.496373,0,
,,,0.496405,0,
,,,0.496437,-0.0214843724388629,
,,,0.496469,0,
,,,0.496501,-0.0214843724388629,
,,,0.496533,0,
,,,0.496565,0,
,,,0.496597,0,
,,,0.496629,0,
,,,0.496661,0.0195312476716936,
,,,0.496693,0,
,,,0.496725,0.0195312476716936,
,,,0.496757,0,
,,,0.496789,0,
,,,0.496821,0.0390624953433871,
,,,0.496853,0,
,,,0.496885,0.0195312476716936,
,,,0.496917,0.0195312476716936,
,,,0.496949,0.0195312476716936,
,,,0.496981,-0.0214843724388629,
,,,0.497013,0,
,,,0.497045,0.0195312476716936,
,,,0.497077,0,
,,,0.497109,-0.0214843724388629,
,,,0.497141,0,
,,,0.497173,0,
,,,0.497205,0.0195312476716936,
,,,0.497237,0.0195312476716936,
,,,0.497269,0.0195312476716936,
,,,0.497301,0.0195312476716936,
,,,0.497333,0.0195312476716936,
,,,0.497365,0,
,,,0.497397,0,
,,,0.497429,0.0195312476716936,
,,,0.497461,0.0195312476716936,
,,,0.497493,0.0195312476716936,
,,,0.497525,0,
,,,0.497557,0.0195312476716936,
,,,0.497589,0.0195312476716936,
,,,0.497621,0,
,,,0.497653,0,
,,,0.497685,0.0195312476716936,
,,,0.497717,0.0195312476716936,
,,,0.497749,0.0195312476716936,
,,,0.497781,0,
,,,0.497813,0,
,,,0.497845,0.0390624953433871,
,,,0.497877,0,
,,,0.497909,0.0195312476716936,
,,,0.497941,0.0195312476716936,
,,,0.497973,0,
,,,0.498005,0.0195312476716936,
,,,0.498037,0,
,,,0.498069,0.0195312476716936,
,,,0.498101,0,
,,,0.498133,0.0195312476716936,
,,,0.498165,0.0195312476716936,
,,,0.498197,0,
,,,0.498229,0.0195312476716936,
,,,0.498261,0,
,,,0.498293,0.0195312476716936,
,,,0.498325,-0.0214843724388629,
,,,0.498357,-0.0410156201105565,
,,,0.498389,0,
,,,0.498421,0.0195312476716936,
,,,0.498453,0.0195312476716936,
,,,0.498485,0.0195312476716936,
,,,0.498517,0.0195312476716936,
,,,0.498549,0,
,,,0.498581,0,
,,,0.498613,0.0195312476716936,
,,,0.498645,0.0195312476716936,
,,,0.498677,0.0195312476716936,
,,,0.498709,0,
,,,0.498741,0.0195312476716936,
,,,0.498773,0,
,,,0.498805,0,
,,,0.498837,0.0195312476716936,
,,,0.498869,0.0195312476716936,
,,,0.498901,0,
,,,0.498933,0.0195312476716936,
,,,0.498965,0.0195312476716936,
,,,0.498997,0.0195312476716936,
,,,0.499029,0,
,,,0.499061,0.0195312476716936,
,,,0.499093,0.0195312476716936,
,,,0.499125,0,
,,,0.499157,0.0195312476716936,
,,,0.499189,0,
,,,0.499221,0,
,,,0.499253,0,
,,,0.499285,0.0195312476716936,
,,,0.499317,0,
,,,0.499349,0.0195312476716936,
,,,0.499381,0.0195312476716936,
,,,0.499413,0.0195312476716936,
,,,0.499445,0,
,,,0.499477,-0.0214843724388629,
,,,0.499509,0,
,,,0.499541,0,
,,,0.499573,0,
,,,0.499605,-0.0214843724388629,
,,,0.499637,0.0195312476716936,
,,,0.499669,0,
,,,0.499701,0.0195312476716936,
,,,0.499733,-0.0214843724388629,
,,,0.499765,0.0195312476716936,
,,,0.499797,-0.0214843724388629,
,,,0.499829,0,
,,,0.499861,-0.0214843724388629,
,,,0.499893,0,
,,,0.499925,0,
,,,0.499957,0.0195312476716936,
,,,0.499989,0,
,,,0.500021,0,
,,,0.500053,0.0195312476716936,
,,,0.500085,0.0195312476716936,
,,,0.500117,-0.0214843724388629,
,,,0.500149,0.0195312476716936,
,,,0.500181,0.0195312476716936,
,,,0.500213,0,
,,,0.500245,0.0195312476716936,
,,,0.500277,0,
,,,0.500309,0.0195312476716936,
,,,0.500341,0.0195312476716936,
,,,0.500373,0,
,,,0.500405,0,
,,,0.500437,0.0195312476716936,
,,,0.500469,0.0195312476716936,
,,,0.500501,0,
,,,0.500533,0,
,,,0.500565,-0.0214843724388629,
,,,0.500597,0.0195312476716936,
,,,0.500629,0.0195312476716936,
,,,0.500661,-0.0214843724388629,
,,,0.500693,0,
,,,0.500725,0,
,,,0.500757,0.0195312476716936,
,,,0.500789,0.0195312476716936,
,,,0.500821,0,
,,,0.500853,0,
,,,0.500885,0.0195312476716936,
,,,0.500917,0.0195312476716936,
,,,0.500949,0,
,,,0.500981,0.0195312476716936,
,,,0.501013,0,
,,,0.501045,0,
,,,0.501077,0.0195312476716936,
,,,0.501109,0,
,,,0.501141,0.0195312476716936,
,,,0.501173,0,
,,,0.501205,0.0195312476716936,
,,,0.501237,0.0195312476716936,
,,,0.501269,0.0195312476716936,
,,,0.501301,0.0195312476716936,
,,,0.501333,0.0195312476716936,
,,,0.501365,0,
,,,0.501397,0,
,,,0.501429,0.0195312476716936,
,,,0.501461,-0.0800781154539436,
,,,0.501493,0,
,,,0.501525,-0.0214843724388629,
,,,0.501557,0,
,,,0.501589,0.0195312476716936,
,,,0.501621,0.0195312476716936,
,,,0.501653,0,
,,,0.501685,0,
,,,0.501717,0.0195312476716936,
,,,0.501749,0,
,,,0.501781,0.0195312476716936,
,,,0.501813,0.0195312476716936,
,,,0.501845,0.0195312476716936,
,,,0.501877,0,
,,,0.501909,0.0390624953433871,
,,,0.501941,-0.0214843724388629,
,,,0.501973,0.0195312476716936,
,,,0.502005,0.0195312476716936,
,,,0.502037,-0.0214843724388629,
,,,0.502069,0.0195312476716936,
,,,0.502101,0,
,,,0.502133,0.0195312476716936,
,,,0.502165,0.0195312476716936,
,,,0.502197,0.0195312476716936,
,,,0.502229,0.0195312476716936,
,,,0.502261,0.0195312476716936,
,,,0.502293,0,
,,,0.502325,0,
,,,0.502357,-0.0214843724388629,
,,,0.502389,0.0195312476716936,
,,,0.502421,0.0195312476716936,
,,,0.502453,-0.0214843724388629,
,,,0.502485,-0.0214843724388629,
,,,0.502517,0.0195312476716936,
,,,0.502549,0.0390624953433871,
,,,0.502581,0.0195312476716936,
,,,0.502613,0,
,,,0.502645,0.0195312476716936,
,,,0.502677,0.0195312476716936,
,,,0.502709,0.0195312476716936,
,,,0.502741,0.0195312476716936,
,,,0.502773,0,
,,,0.502805,0.0195312476716936,
,,,0.502837,0.0195312476716936,
,,,0.502869,-0.0214843724388629,
,,,0.502901,0.0195312476716936,
,,,0.502933,0,
,,,0.502965,0.0195312476716936,
,,,0.502997,0,
,,,0.503029,0,
,,,0.503061,-0.0214843724388629,
,,,0.503093,0.0195312476716936,
,,,0.503125,0,
,,,0.503157,0,
,,,0.503189,0.0195312476716936,
,,,0.503221,0.0195312476716936,
,,,0.503253,0.0195312476716936,
,,,0.503285,0.0195312476716936,
,,,0.503317,0.0195312476716936,
,,,0.503349,0.0195312476716936,
,,,0.503381,0,
,,,0.503413,0.0390624953433871,
,,,0.503445,-0.0410156201105565,
,,,0.503477,0.0195312476716936,
,,,0.503509,-0.0214843724388629,
,,,0.503541,0.0195312476716936,
,,,0.503573,0.0195312476716936,
,,,0.503605,-0.0214843724388629,
,,,0.503637,0,
,,,0.503669,0.0195312476716936,
,,,0.503701,0,
,,,0.503733,0.0195312476716936,
,,,0.503765,0,
,,,0.503797,0,
,,,0.503829,-0.0214843724388629,
,,,0.503861,0.0390624953433871,
,,,0.503893,0.0195312476716936,
,,,0.503925,0.0195312476716936,
,,,0.503957,0,
,,,0.503989,0.0195312476716936,
,,,0.504021,0,
,,,0.504053,-0.0214843724388629,
,,,0.504085,0.0195312476716936,
,,,0.504117,0.0195312476716936,
,,,0.504149,0.0195312476716936,
,,,0.504181,0.0390624953433871,
,,,0.504213,0,
,,,0.504245,0,
,,,0.504277,0,
,,,0.504309,-0.0214843724388629,
,,,0.504341,0.0195312476716936,
,,,0.504373,0.0195312476716936,
,,,0.504405,-0.0214843724388629,
,,,0.504437,0,
,,,0.504469,-0.0214843724388629,
,,,0.504501,0,
,,,0.504533,0,
,,,0.504565,0.0390624953433871,
,,,0.504597,0,
,,,0.504629,0.0195312476716936,
,,,0.504661,0,
,,,0.504693,0.0195312476716936,
,,,0.504725,0.0195312476716936,
,,,0.504757,0.0195312476716936,
,,,0.504789,0,
,,,0.504821,0,
,,,0.504853,0.0195312476716936,
,,,0.504885,0,
,,,0.504917,0,
,,,0.504949,0,
,,,0.504981,0.0195312476716936,
,,,0.505013,0,
,,,0.505045,0.0195312476716936,
,,,0.505077,0,
,,,0.505109,0.0195312476716936,
,,,0.505141,-0.0214843724388629,
,,,0.505173,0,
,,,0.505205,0.0195312476716936,
,,,0.505237,0,
,,,0.505269,0,
,,,0.505301,0,
,,,0.505333,0,
,,,0.505365,0.0390624953433871,
,,,0.505397,0,
,,,0.505429,0,
,,,0.505461,-0.0214843724388629,
,,,0.505493,-0.0214843724388629,
,,,0.505525,0.0195312476716936,
,,,0.505557,0.0195312476716936,
,,,0.505589,0,
,,,0.505621,0,
,,,0.505653,0.0195312476716936,
,,,0.505685,0.0195312476716936,
,,,0.505717,0,
,,,0.505749,0.0195312476716936,
,,,0.505781,0,
,,,0.505813,0,
,,,0.505845,0,
,,,0.505877,0,
,,,0.505909,0,
,,,0.505941,0,
,,,0.505973,0,
,,,0.506005,0,
,,,0.506037,0,
,,,0.506069,0.0195312476716936,
,,,0.506101,0,
,,,0.506133,0.0195312476716936,
,,,0.506165,0.0195312476716936,
,,,0.506197,0,
,,,0.506229,0.0195312476716936,
,,,0.506261,0.0195312476716936,
,,,0.506293,-0.0214843724388629,
,,,0.506325,0.0390624953433871,
,,,0.506357,0,
,,,0.506389,0,
,,,0.506421,0.0195312476716936,
,,,0.506453,-0.0214843724388629,
,,,0.506485,-0.0214843724388629,
,,,0.506517,0.0195312476716936,
,,,0.506549,0,
,,,0.506581,0,
,,,0.506613,0.0195312476716936,
,,,0.506645,0.0195312476716936,
,,,0.506677,0,
,,,0.506709,-0.0214843724388629,
,,,0.506741,0,
,,,0.506773,0,
,,,0.506805,0,
,,,0.506837,-0.0214843724388629,
,,,0.506869,0,
,,,0.506901,0,
,,,0.506933,0,
,,,0.506965,0.0195312476716936,
,,,0.506997,0,
,,,0.507029,0,
,,,0.507061,0,
,,,0.507093,0.0195312476716936,
,,,0.507125,0.0195312476716936,
,,,0.507157,0.0195312476716936,
,,,0.507189,0,
,,,0.507221,0.0195312476716936,
,,,0.507253,0,
,,,0.507285,0,
,,,0.507317,-0.0410156201105565,
,,,0.507349,0.0195312476716936,
,,,0.507381,0.0195312476716936,
,,,0.507413,0.0390624953433871,
,,,0.507445,0,
,,,0.507477,0,
,,,0.507509,0.0195312476716936,
,,,0.507541,0,
,,,0.507573,0,
,,,0.507605,0.0195312476716936,
,,,0.507637,0,
,,,0.507669,0,
,,,0.507701,0.0195312476716936,
,,,0.507733,0,
,,,0.507765,0.0195312476716936,
,,,0.507797,0.0195312476716936,
,,,0.507829,-0.0214843724388629,
,,,0.507861,0,
,,,0.507893,0.0195312476716936,
,,,0.507925,0.0195312476716936,
,,,0.507957,0.0195312476716936,
,,,0.507989,0,
,,,0.508021,0.0195312476716936,
,,,0.508053,-0.0214843724388629,
,,,0.508085,0.0195312476716936,
,,,0.508117,0,
,,,0.508149,0.0195312476716936,
,,,0.508181,0.0195312476716936,
,,,0.508213,0,
,,,0.508245,0.0195312476716936,
,,,0.508277,0,
,,,0.508309,0,
,,,0.508341,0,
,,,0.508373,0,
,,,0.508405,0.0195312476716936,
,,,0.508437,0.0195312476716936,
,,,0.508469,0,
,,,0.508501,0,
,,,0.508533,0.0195312476716936,
,,,0.508565,0.0195312476716936,
,,,0.508597,0.0195312476716936,
,,,0.508629,0.0195312476716936,
,,,0.508661,0.0195312476716936,
,,,0.508693,0.0195312476716936,
,,,0.508725,0.0195312476716936,
,,,0.508757,0,
,,,0.508789,0.0195312476716936,
,,,0.508821,0.0195312476716936,
,,,0.508853,0,
,,,0.508885,0.0195312476716936,
,,,0.508917,0.0195312476716936,
,,,0.508949,0,
,,,0.508981,0,
,,,0.509013,0.0195312476716936,
,,,0.509045,0.0195312476716936,
,,,0.509077,0,
,,,0.509109,0,
,,,0.509141,0,
,,,0.509173,0.0195312476716936,
,,,0.509205,0.0195312476716936,
,,,0.509237,0,
,,,0.509269,0,
,,,0.509301,-0.0214843724388629,
,,,0.509333,0,
,,,0.509365,0,
,,,0.509397,-0.0214843724388629,
,,,0.509429,0,
,,,0.509461,0.0195312476716936,
,,,0.509493,0,
,,,0.509525,0.0195312476716936,
,,,0.509557,0,
,,,0.509589,0,
,,,0.509621,0.0195312476716936,
,,,0.509653,0.0195312476716936,
,,,0.509685,0,
,,,0.509717,0,
,,,0.509749,-0.0214843724388629,
,,,0.509781,0.0195312476716936,
,,,0.509813,0,
,,,0.509845,0,
,,,0.509877,0.0195312476716936,
,,,0.509909,0.0195312476716936,
,,,0.509941,0.0195312476716936,
,,,0.509973,0.0195312476716936,
,,,0.510005,0.0195312476716936,
,,,0.510037,0.0195312476716936,
,,,0.510069,0,
,,,0.510101,0.0390624953433871,
,,,0.510133,0.0195312476716936,
,,,0.510165,0,
,,,0.510197,0.0195312476716936,
,,,0.510229,0,
,,,0.510261,0.0195312476716936,
,,,0.510293,0,
,,,0.510325,0.0195312476716936,
,,,0.510357,0.0195312476716936,
,,,0.510389,-0.0410156201105565,
,,,0.510421,0,
,,,0.510453,0.0195312476716936,
,,,0.510485,0.0195312476716936,
,,,0.510517,0,
,,,0.510549,0,
,,,0.510581,0.0390624953433871,
,,,0.510613,0.0390624953433871,
,,,0.510645,0,
,,,0.510677,0.0195312476716936,
,,,0.510709,0,
,,,0.510741,0,
,,,0.510773,0,
,,,0.510805,0.0195312476716936,
,,,0.510837,0.0195312476716936,
,,,0.510869,0,
,,,0.510901,0,
,,,0.510933,0,
,,,0.510965,0,
,,,0.510997,0.0195312476716936,
,,,0.511029,0,
,,,0.511061,0,
,,,0.511093,0.0195312476716936,
,,,0.511125,0,
,,,0.511157,0.0195312476716936,
,,,0.511189,-0.0214843724388629,
,,,0.511221,0,
,,,0.511253,-0.0214843724388629,
,,,0.511285,0,
,,,0.511317,0.0195312476716936,
,,,0.511349,-0.0214843724388629,
,,,0.511381,0,
,,,0.511413,-0.0214843724388629,
,,,0.511445,0,
,,,0.511477,0,
,,,0.511509,0,
,,,0.511541,0,
,,,0.511573,0,
,,,0.511605,0,
,,,0.511637,0,
,,,0.511669,0,
,,,0.511701,0.0195312476716936,
,,,0.511733,0.0195312476716936,
,,,0.511765,0,
,,,0.511797,0.0195312476716936,
,,,0.511829,0.0390624953433871,
,,,0.511861,0,
,,,0.511893,0,
,,,0.511925,0,
,,,0.511957,0,
,,,0.511989,-0.0214843724388629,
,,,0.512021,0.0195312476716936,
,,,0.512053,0,
,,,0.512085,0,
,,,0.512117,0,
,,,0.512149,0.0195312476716936,
,,,0.512181,0,
,,,0.512213,0,
,,,0.512245,0.0195312476716936,
,,,0.512277,0,
,,,0.512309,0,
,,,0.512341,0.0390624953433871,
,,,0.512373,0,
,,,0.512405,0.0195312476716936,
,,,0.512437,0.0195312476716936,
,,,0.512469,0,
,,,0.512501,0.0195312476716936,
,,,0.512533,0.0195312476716936,
,,,0.512565,0.0195312476716936,
,,,0.512597,0,
,,,0.512629,0,
,,,0.512661,0.0195312476716936,
,,,0.512693,0,
,,,0.512725,0.0195312476716936,
,,,0.512757,0,
,,,0.512789,0.0195312476716936,
,,,0.512821,-0.0214843724388629,
,,,0.512853,0.0195312476716936,
,,,0.512885,0,
,,,0.512917,0.0195312476716936,
,,,0.512949,0.0195312476716936,
,,,0.512981,0,
,,,0.513013,0.0195312476716936,
,,,0.513045,0,
,,,0.513077,0,
,,,0.513109,0.0195312476716936,
,,,0.513141,0.0195312476716936,
,,,0.513173,-0.0214843724388629,
,,,0.513205,0.0195312476716936,
,,,0.513237,0.0195312476716936,
,,,0.513269,0.0195312476716936,
,,,0.513301,0.0195312476716936,
,,,0.513333,0.0195312476716936,
,,,0.513365,0.0195312476716936,
,,,0.513397,0.0195312476716936,
,,,0.513429,0,
,,,0.513461,0.0390624953433871,
,,,0.513493,0.0195312476716936,
,,,0.513525,0.0195312476716936,
,,,0.513557,-0.0214843724388629,
,,,0.513589,0.0195312476716936,
,,,0.513621,0.0195312476716936,
,,,0.513653,0.0195312476716936,
,,,0.513685,0.0195312476716936,
,,,0.513717,0.0195312476716936,
,,,0.513749,0,
,,,0.513781,0.0195312476716936,
,,,0.513813,0.0195312476716936,
,,,0.513845,0,
,,,0.513877,0,
,,,0.513909,0,
,,,0.513941,0,
,,,0.513973,0,
,,,0.514005,0.0195312476716936,
,,,0.514037,0.0390624953433871,
,,,0.514069,0.0390624953433871,
,,,0.514101,0.0195312476716936,
,,,0.514133,0.0195312476716936,
,,,0.514165,0.0195312476716936,
,,,0.514197,0,
,,,0.514229,0.0195312476716936,
,,,0.514261,0.0195312476716936,
,,,0.514293,0,
,,,0.514325,0,
,,,0.514357,0,
,,,0.514389,0,
,,,0.514421,0,
,,,0.514453,0,
,,,0.514485,0.0195312476716936,
,,,0.514517,0,
,,,0.514549,0.0195312476716936,
,,,0.514581,0.0195312476716936,
,,,0.514613,0.0390624953433871,
,,,0.514645,0.0195312476716936,
,,,0.514677,0.0195312476716936,
,,,0.514709,0,
,,,0.514741,0.0195312476716936,
,,,0.514773,0.0195312476716936,
,,,0.514805,-0.0214843724388629,
,,,0.514837,0.0195312476716936,
,,,0.514869,0,
,,,0.514901,0.0195312476716936,
,,,0.514933,0.0195312476716936,
,,,0.514965,0.0195312476716936,
,,,0.514997,0,
,,,0.515029,0.0195312476716936,
,,,0.515061,0.0195312476716936,
,,,0.515093,0.0195312476716936,
,,,0.515125,0.0195312476716936,
,,,0.515157,0.0195312476716936,
,,,0.515189,0,
,,,0.515221,0.0195312476716936,
,,,0.515253,0,
,,,0.515285,0,
,,,0.515317,0,
,,,0.515349,0.0195312476716936,
,,,0.515381,0,
,,,0.515413,0,
,,,0.515445,0,
,,,0.515477,0.0195312476716936,
,,,0.515509,0.0390624953433871,
,,,0.515541,0.0195312476716936,
,,,0.515573,0,
,,,0.515605,0.0195312476716936,
,,,0.515637,0,
,,,0.515669,0,
,,,0.515701,0.0195312476716936,
,,,0.515733,0,
,,,0.515765,0.0195312476716936,
,,,0.515797,0.0195312476716936,
,,,0.515829,0,
,,,0.515861,0.0195312476716936,
,,,0.515893,0,
,,,0.515925,0.0195312476716936,
,,,0.515957,0,
,,,0.515989,-0.0214843724388629,
,,,0.516021,0.0195312476716936,
,,,0.516053,0.0195312476716936,
,,,0.516085,0.0195312476716936,
,,,0.516117,0.0195312476716936,
,,,0.516149,0.0195312476716936,
,,,0.516181,0,
,,,0.516213,0.0195312476716936,
,,,0.516245,0.0195312476716936,
,,,0.516277,0.0390624953433871,
,,,0.516309,0.0195312476716936,
,,,0.516341,0.0195312476716936,
,,,0.516373,0,
,,,0.516405,0.0195312476716936,
,,,0.516437,0.0195312476716936,
,,,0.516469,0.0195312476716936,
,,,0.516501,0.0195312476716936,
,,,0.516533,0,
,,,0.516565,0.0195312476716936,
,,,0.516597,0.0390624953433871,
,,,0.516629,0.0195312476716936,
,,,0.516661,0.0195312476716936,
,,,0.516693,0.0195312476716936,
,,,0.516725,0.0195312476716936,
,,,0.516757,0,
,,,0.516789,0,
,,,0.516821,0.0195312476716936,
,,,0.516853,-0.0214843724388629,
,,,0.516885,0.0195312476716936,
,,,0.516917,0.0195312476716936,
,,,0.516949,0.0195312476716936,
,,,0.516981,0,
,,,0.517013,0.0195312476716936,
,,,0.517045,0,
,,,0.517077,0.0195312476716936,
,,,0.517109,0,
,,,0.517141,0,
,,,0.517173,0.0195312476716936,
,,,0.517205,0.0390624953433871,
,,,0.517237,-0.0214843724388629,
,,,0.517269,0.0195312476716936,
,,,0.517301,0,
,,,0.517333,0,
,,,0.517365,0,
,,,0.517397,0,
,,,0.517429,0.0195312476716936,
,,,0.517461,0,
,,,0.517493,0.0195312476716936,
,,,0.517525,0,
,,,0.517557,0.0195312476716936,
,,,0.517589,0,
,,,0.517621,0.0195312476716936,
,,,0.517653,0.0195312476716936,
,,,0.517685,0.0195312476716936,
,,,0.517717,0,
,,,0.517749,0.0195312476716936,
,,,0.517781,0.0195312476716936,
,,,0.517813,0.0195312476716936,
,,,0.517845,0.0195312476716936,
,,,0.517877,0.0195312476716936,
,,,0.517909,0,
,,,0.517941,0.0195312476716936,
,,,0.517973,0.0195312476716936,
,,,0.518005,0.0195312476716936,
,,,0.518037,-0.0214843724388629,
,,,0.518069,0,
,,,0.518101,0,
,,,0.518133,0,
,,,0.518165,0,
,,,0.518197,0.0195312476716936,
,,,0.518229,0,
,,,0.518261,0.0195312476716936,
,,,0.518293,-0.0214843724388629,
,,,0.518325,0.0195312476716936,
,,,0.518357,-0.0214843724388629,
,,,0.518389,0.0195312476716936,
,,,0.518421,-0.0214843724388629,
,,,0.518453,0.0195312476716936,
,,,0.518485,0.0195312476716936,
,,,0.518517,0.0390624953433871,
,,,0.518549,0.0195312476716936,
,,,0.518581,0.0195312476716936,
,,,0.518613,0.0195312476716936,
,,,0.518645,0,
,,,0.518677,0.0195312476716936,
,,,0.518709,0,
,,,0.518741,0.0195312476716936,
,,,0.518773,0,
,,,0.518805,0,
,,,0.518837,0.0195312476716936,
,,,0.518869,0,
,,,0.518901,0,
,,,0.518933,0.0195312476716936,
,,,0.518965,-0.0214843724388629,
,,,0.518997,0.0195312476716936,
,,,0.519029,0.0195312476716936,
,,,0.519061,0.0195312476716936,
,,,0.519093,0.0195312476716936,
,,,0.519125,0.0195312476716936,
,,,0.519157,0,
,,,0.519189,0,
,,,0.519221,0.0195312476716936,
,,,0.519253,0,
,,,0.519285,0.0195312476716936,
,,,0.519317,-0.06054686778225,
,,,0.519349,0.0195312476716936,
,,,0.519381,0,
,,,0.519413,-0.0214843724388629,
,,,0.519445,0,
,,,0.519477,0,
,,,0.519509,0,
,,,0.519541,0,
,,,0.519573,0.0195312476716936,
,,,0.519605,0,
,,,0.519637,0,
,,,0.519669,0.0195312476716936,
,,,0.519701,-0.0214843724388629,
,,,0.519733,0.0195312476716936,
,,,0.519765,0.0195312476716936,
,,,0.519797,0.0390624953433871,
,,,0.519829,0,
,,,0.519861,0,
,,,0.519893,0.0195312476716936,
,,,0.519925,0.0195312476716936,
,,,0.519957,0.0195312476716936,
,,,0.519989,0.0585937430150807,
,,,0.520021,0.0195312476716936,
,,,0.520053,0,
,,,0.520085,0.0195312476716936,
,,,0.520117,-0.0214843724388629,
,,,0.520149,0.0195312476716936,
,,,0.520181,0.0195312476716936,
,,,0.520213,0.0195312476716936,
,,,0.520245,0,
,,,0.520277,0.0195312476716936,
,,,0.520309,0.0195312476716936,
,,,0.520341,-0.0214843724388629,
,,,0.520373,0.0195312476716936,
,,,0.520405,0,
,,,0.520437,0.0195312476716936,
,,,0.520469,-0.0214843724388629,
,,,0.520501,0.0195312476716936,
,,,0.520533,0.0195312476716936,
,,,0.520565,0,
,,,0.520597,0.0195312476716936,
,,,0.520629,0,
,,,0.520661,0,
,,,0.520693,0.0390624953433871,
,,,0.520725,0,
,,,0.520757,0,
,,,0.520789,0,
,,,0.520821,0.0195312476716936,
,,,0.520853,0,
,,,0.520885,0.0195312476716936,
,,,0.520917,0,
,,,0.520949,0,
,,,0.520981,0.0195312476716936,
,,,0.521013,0,
,,,0.521045,0,
,,,0.521077,0,
,,,0.521109,0,
,,,0.521141,0,
,,,0.521173,0,
,,,0.521205,0,
,,,0.521237,-0.0214843724388629,
,,,0.521269,0,
,,,0.521301,0.0195312476716936,
,,,0.521333,-0.0214843724388629,
,,,0.521365,0.0195312476716936,
,,,0.521397,-0.0214843724388629,
,,,0.521429,0.0195312476716936,
,,,0.521461,0,
,,,0.521493,-0.0214843724388629,
,,,0.521525,0.0195312476716936,
,,,0.521557,0.0195312476716936,
,,,0.521589,0,
,,,0.521621,0.0195312476716936,
,,,0.521653,0.0195312476716936,
,,,0.521685,-0.0214843724388629,
,,,0.521717,0,
,,,0.521749,0,
,,,0.521781,0,
,,,0.521813,0.0195312476716936,
,,,0.521845,0.0195312476716936,
,,,0.521877,0,
,,,0.521909,0,
,,,0.521941,0,
,,,0.521973,0.0195312476716936,
,,,0.522005,-0.0214843724388629,
,,,0.522037,0,
,,,0.522069,0,
,,,0.522101,0,
,,,0.522133,0,
,,,0.522165,0,
,,,0.522197,0.0195312476716936,
,,,0.522229,0,
,,,0.522261,0.0195312476716936,
,,,0.522293,0.0195312476716936,
,,,0.522325,0.0390624953433871,
,,,0.522357,0,
,,,0.522389,0,
,,,0.522421,0,
,,,0.522453,0,
,,,0.522485,0,
,,,0.522517,0,
,,,0.522549,-0.0214843724388629,
,,,0.522581,0,
,,,0.522613,0,
,,,0.522645,0,
,,,0.522677,0.0195312476716936,
,,,0.522709,0.0195312476716936,
,,,0.522741,0,
,,,0.522773,-0.0214843724388629,
,,,0.522805,0,
,,,0.522837,0,
,,,0.522869,0,
,,,0.522901,0,
,,,0.522933,0.0195312476716936,
,,,0.522965,-0.0214843724388629,
,,,0.522997,-0.0214843724388629,
,,,0.523029,0,
,,,0.523061,0,
,,,0.523093,0,
,,,0.523125,0,
,,,0.523157,0.0195312476716936,
,,,0.523189,0,
,,,0.523221,-0.0214843724388629,
,,,0.523253,-0.0214843724388629,
,,,0.523285,0.0195312476716936,
,,,0.523317,0,
,,,0.523349,0,
,,,0.523381,0.0195312476716936,
,,,0.523413,0,
,,,0.523445,0.0390624953433871,
,,,0.523477,0,
,,,0.523509,0.0390624953433871,
,,,0.523541,0,
,,,0.523573,0,
,,,0.523605,0,
,,,0.523637,0,
,,,0.523669,0.0195312476716936,
,,,0.523701,0,
,,,0.523733,-0.0214843724388629,
,,,0.523765,0.0195312476716936,
,,,0.523797,0,
,,,0.523829,0.0195312476716936,
,,,0.523861,0.0195312476716936,
,,,0.523893,-0.0214843724388629,
,,,0.523925,0,
,,,0.523957,0.0195312476716936,
,,,0.523989,0,
,,,0.524021,-0.0214843724388629,
,,,0.524053,0.0195312476716936,
,,,0.524085,0,
,,,0.524117,0,
,,,0.524149,0,
,,,0.524181,0,
,,,0.524213,0,
,,,0.524245,0,
,,,0.524277,0,
,,,0.524309,0.0195312476716936,
,,,0.524341,0.0195312476716936,
,,,0.524373,0.0195312476716936,
,,,0.524405,-0.0410156201105565,
,,,0.524437,0.0195312476716936,
,,,0.524469,0.0195312476716936,
,,,0.524501,0,
,,,0.524533,0,
,,,0.524565,0,
,,,0.524597,0,
,,,0.524629,0.0195312476716936,
,,,0.524661,0.0195312476716936,
,,,0.524693,0.0195312476716936,
,,,0.524725,0.0390624953433871,
,,,0.524757,0,
,,,0.524789,0.0195312476716936,
,,,0.524821,0.0195312476716936,
,,,0.524853,0,
,,,0.524885,0,
,,,0.524917,0,
,,,0.524949,0.0390624953433871,
,,,0.524981,0.0195312476716936,
,,,0.525013,0,
,,,0.525045,0,
,,,0.525077,0,
,,,0.525109,0.0390624953433871,
,,,0.525141,0.0195312476716936,
,,,0.525173,0.0195312476716936,
,,,0.525205,0.0195312476716936,
,,,0.525237,0.0195312476716936,
,,,0.525269,0,
,,,0.525301,0.0195312476716936,
,,,0.525333,0.0195312476716936,
,,,0.525365,0,
,,,0.525397,0,
,,,0.525429,0.0195312476716936,
,,,0.525461,0.0390624953433871,
,,,0.525493,0,
,,,0.525525,0,
,,,0.525557,0.0195312476716936,
,,,0.525589,0.0195312476716936,
,,,0.525621,0.0195312476716936,
,,,0.525653,0.0195312476716936,
,,,0.525685,0,
,,,0.525717,0.0195312476716936,
,,,0.525749,0.0195312476716936,
,,,0.525781,0,
,,,0.525813,0,
,,,0.525845,0.0195312476716936,
,,,0.525877,0.0195312476716936,
,,,0.525909,0.0390624953433871,
,,,0.525941,0.0390624953433871,
,,,0.525973,0,
,,,0.526005,0.0195312476716936,
,,,0.526037,0,
,,,0.526069,0,
,,,0.526101,0.0195312476716936,
,,,0.526133,-0.0214843724388629,
,,,0.526165,0.0195312476716936,
,,,0.526197,0,
,,,0.526229,-0.0214843724388629,
,,,0.526261,0,
,,,0.526293,0.0195312476716936,
,,,0.526325,0.0195312476716936,
,,,0.526357,0,
,,,0.526389,0.0195312476716936,
,,,0.526421,0.0195312476716936,
,,,0.526453,0.0195312476716936,
,,,0.526485,0,
,,,0.526517,0.0195312476716936,
,,,0.526549,0.0195312476716936,
,,,0.526581,0,
,,,0.526613,0.0195312476716936,
,,,0.526645,0.0195312476716936,
,,,0.526677,0.0195312476716936,
,,,0.526709,0.0195312476716936,
,,,0.526741,0,
,,,0.526773,-0.0214843724388629,
,,,0.526805,0.0195312476716936,
,,,0.526837,0,
,,,0.526869,0.0195312476716936,
,,,0.526901,0.0195312476716936,
,,,0.526933,0,
,,,0.526965,0,
,,,0.526997,0.0195312476716936,
,,,0.527029,0.0195312476716936,
,,,0.527061,0,
,,,0.527093,0.0195312476716936,
,,,0.527125,0.0195312476716936,
,,,0.527157,0.0195312476716936,
,,,0.527189,0,
,,,0.527221,0,
,,,0.527253,0.0195312476716936,
,,,0.527285,0,
,,,0.527317,0,
,,,0.527349,0.0195312476716936,
,,,0.527381,0.0195312476716936,
,,,0.527413,0.0195312476716936,
,,,0.527445,0,
,,,0.527477,0.0195312476716936,
,,,0.527509,0,
,,,0.527541,0,
,,,0.527573,0.0195312476716936,
,,,0.527605,0,
,,,0.527637,-0.0214843724388629,
,,,0.527669,0,
,,,0.527701,0.0195312476716936,
,,,0.527733,0,
,,,0.527765,0.0195312476716936,
,,,0.527797,0.0195312476716936,
,,,0.527829,0,
,,,0.527861,0,
,,,0.527893,0.0195312476716936,
,,,0.527925,0,
,,,0.527957,0,
,,,0.527989,0,
,,,0.528021,0,
,,,0.528053,0.0195312476716936,
,,,0.528085,0.0195312476716936,
,,,0.528117,0,
,,,0.528149,0,
,,,0.528181,0.0195312476716936,
,,,0.528213,0,
,,,0.528245,-0.0214843724388629,
,,,0.528277,0.0390624953433871,
,,,0.528309,0,
,,,0.528341,0,
,,,0.528373,0,
,,,0.528405,0,
,,,0.528437,-0.0214843724388629,
,,,0.528469,-0.0214843724388629,
,,,0.528501,0,
,,,0.528533,0,
,,,0.528565,0,
,,,0.528597,0,
,,,0.528629,0.0195312476716936,
,,,0.528661,0,
,,,0.528693,0,
,,,0.528725,0.0195312476716936,
,,,0.528757,0,
,,,0.528789,-0.0214843724388629,
,,,0.528821,0,
,,,0.528853,0,
,,,0.528885,0,
,,,0.528917,0,
,,,0.528949,0.0195312476716936,
,,,0.528981,0,
,,,0.529013,-0.0214843724388629,
,,,0.529045,0.0390624953433871,
,,,0.529077,0.0195312476716936,
,,,0.529109,0.0195312476716936,
,,,0.529141,0.0195312476716936,
,,,0.529173,0,
,,,0.529205,0,
,,,0.529237,0,
,,,0.529269,0,
,,,0.529301,0,
,,,0.529333,0,
,,,0.529365,0.0195312476716936,
,,,0.529397,0.0390624953433871,
,,,0.529429,0.0195312476716936,
,,,0.529461,-0.0214843724388629,
,,,0.529493,0,
,,,0.529525,0,
,,,0.529557,0.0195312476716936,
,,,0.529589,0.0195312476716936,
,,,0.529621,0.0195312476716936,
,,,0.529653,0.0195312476716936,
,,,0.529685,0,
,,,0.529717,0,
,,,0.529749,0,
,,,0.529781,-0.0214843724388629,
,,,0.529813,0.0195312476716936,
,,,0.529845,0,
,,,0.529877,0,
,,,0.529909,-0.0214843724388629,
,,,0.529941,0.0195312476716936,
,,,0.529973,0,
,,,0.530005,0.0195312476716936,
,,,0.530037,0,
,,,0.530069,0.0195312476716936,
,,,0.530101,0,
,,,0.530133,0.0195312476716936,
,,,0.530165,0.0195312476716936,
,,,0.530197,0,
,,,0.530229,0.0195312476716936,
,,,0.530261,0.0195312476716936,
,,,0.530293,0.0195312476716936,
,,,0.530325,0,
,,,0.530357,0.0195312476716936,
,,,0.530389,0.0195312476716936,
,,,0.530421,0.0195312476716936,
,,,0.530453,0.0390624953433871,
,,,0.530485,0.0195312476716936,
,,,0.530517,0.0195312476716936,
,,,0.530549,0,
,,,0.530581,0.0195312476716936,
,,,0.530613,0,
,,,0.530645,0.0195312476716936,
,,,0.530677,0,
,,,0.530709,0.0195312476716936,
,,,0.530741,0.0195312476716936,
,,,0.530773,0,
,,,0.530805,-0.0214843724388629,
,,,0.530837,0.0195312476716936,
,,,0.530869,0.0195312476716936,
,,,0.530901,0.0195312476716936,
,,,0.530933,0,
,,,0.530965,0,
,,,0.530997,0,
,,,0.531029,0.0195312476716936,
,,,0.531061,0.0195312476716936,
,,,0.531093,0.0195312476716936,
,,,0.531125,0.0195312476716936,
,,,0.531157,-0.0214843724388629,
,,,0.531189,0,
,,,0.531221,0.0390624953433871,
,,,0.531253,0.0195312476716936,
,,,0.531285,0,
,,,0.531317,0.0195312476716936,
,,,0.531349,0.0195312476716936,
,,,0.531381,-0.0214843724388629,
,,,0.531413,-0.0214843724388629,
,,,0.531445,0.0195312476716936,
,,,0.531477,0.0195312476716936,
,,,0.531509,0,
,,,0.531541,0,
,,,0.531573,0.0195312476716936,
,,,0.531605,0.0195312476716936,
,,,0.531637,0.0195312476716936,
,,,0.531669,0.0195312476716936,
,,,0.531701,0.0195312476716936,
,,,0.531733,0,
,,,0.531765,0,
,,,0.531797,0,
,,,0.531829,0.0195312476716936,
,,,0.531861,0.0195312476716936,
,,,0.531893,0.0390624953433871,
,,,0.531925,0.0195312476716936,
,,,0.531957,0.0195312476716936,
,,,0.531989,0,
,,,0.532021,0,
,,,0.532053,0,
,,,0.532085,0.0195312476716936,
,,,0.532117,0.0195312476716936,
,,,0.532149,0,
,,,0.532181,0,
,,,0.532213,0.0195312476716936,
,,,0.532245,0,
,,,0.532277,0,
,,,0.532309,0.0195312476716936,
,,,0.532341,0,
,,,0.532373,0.0195312476716936,
,,,0.532405,0.0195312476716936,
,,,0.532437,0.0195312476716936,
,,,0.532469,0.0195312476716936,
,,,0.532501,0.0195312476716936,
,,,0.532533,0,
,,,0.532565,0.0195312476716936,
,,,0.532597,0.0195312476716936,
,,,0.532629,0,
,,,0.532661,0.0390624953433871,
,,,0.532693,0,
,,,0.532725,0.0195312476716936,
,,,0.532757,-0.0214843724388629,
,,,0.532789,0.0195312476716936,
,,,0.532821,0,
,,,0.532853,0.0195312476716936,
,,,0.532885,0.0195312476716936,
,,,0.532917,0.0195312476716936,
,,,0.532949,0.0195312476716936,
,,,0.532981,0.0195312476716936,
,,,0.533013,0,
,,,0.533045,0.0195312476716936,
,,,0.533077,0,
,,,0.533109,-0.0214843724388629,
,,,0.533141,0.0390624953433871,
,,,0.533173,0,
,,,0.533205,0.0195312476716936,
,,,0.533237,0,
,,,0.533269,0.0195312476716936,
,,,0.533301,0.0195312476716936,
,,,0.533333,0.0195312476716936,
,,,0.533365,0.0195312476716936,
,,,0.533397,0.0195312476716936,
,,,0.533429,0,
,,,0.533461,0.0195312476716936,
,,,0.533493,0.0195312476716936,
,,,0.533525,0.0195312476716936,
,,,0.533557,0.0195312476716936,
,,,0.533589,0,
,,,0.533621,0.0195312476716936,
,,,0.533653,0.0195312476716936,
,,,0.533685,0,
,,,0.533717,0,
,,,0.533749,0,
,,,0.533781,0.0195312476716936,
,,,0.533813,0.0195312476716936,
,,,0.533845,0,
,,,0.533877,0,
,,,0.533909,0.0195312476716936,
,,,0.533941,0,
,,,0.533973,0.0195312476716936,
,,,0.534005,0.0195312476716936,
,,,0.534037,0,
,,,0.534069,0.0195312476716936,
,,,0.534101,0.0195312476716936,
,,,0.534133,0,
,,,0.534165,0.0195312476716936,
,,,0.534197,0.0195312476716936,
,,,0.534229,0.0195312476716936,
,,,0.534261,0.0390624953433871,
,,,0.534293,0.0195312476716936,
,,,0.534325,0.0195312476716936,
,,,0.534357,0,
,,,0.534389,0.0195312476716936,
,,,0.534421,0.0195312476716936,
,,,0.534453,0,
,,,0.534485,0.0195312476716936,
,,,0.534517,0.0195312476716936,
,,,0.534549,0,
,,,0.534581,0,
,,,0.534613,0.0195312476716936,
,,,0.534645,0.0195312476716936,
,,,0.534677,0.0195312476716936,
,,,0.534709,0.0195312476716936,
,,,0.534741,0,
,,,0.534773,0,
,,,0.534805,0,
,,,0.534837,0.0390624953433871,
,,,0.534869,0,
,,,0.534901,0.0195312476716936,
,,,0.534933,0,
,,,0.534965,0.0195312476716936,
,,,0.534997,0.0195312476716936,
,,,0.535029,0,
,,,0.535061,0.0195312476716936,
,,,0.535093,0,
,,,0.535125,0.0195312476716936,
,,,0.535157,0.0195312476716936,
,,,0.535189,0.0195312476716936,
,,,0.535221,0,
,,,0.535253,0.0195312476716936,
,,,0.535285,0.0195312476716936,
,,,0.535317,0,
,,,0.535349,0.0195312476716936,
,,,0.535381,0.0390624953433871,
,,,0.535413,0.0195312476716936,
,,,0.535445,0.0195312476716936,
,,,0.535477,0,
,,,0.535509,0.0195312476716936,
,,,0.535541,0.0195312476716936,
,,,0.535573,0.0195312476716936,
,,,0.535605,-0.0800781154539436,
,,,0.535637,-0.0214843724388629,
,,,0.535669,0.0195312476716936,
,,,0.535701,0.0195312476716936,
,,,0.535733,0.0195312476716936,
,,,0.535765,0.0390624953433871,
,,,0.535797,0.0195312476716936,
,,,0.535829,0.0195312476716936,
,,,0.535861,0,
,,,0.535893,0.0195312476716936,
,,,0.535925,-0.0214843724388629,
,,,0.535957,0.0195312476716936,
,,,0.535989,0.0195312476716936,
,,,0.536021,0.0195312476716936,
,,,0.536053,0,
,,,0.536085,0.0195312476716936,
,,,0.536117,0,
,,,0.536149,0,
,,,0.536181,-0.0214843724388629,
,,,0.536213,0,
,,,0.536245,0.0195312476716936,
,,,0.536277,0.0390624953433871,
,,,0.536309,0,
,,,0.536341,-0.0214843724388629,
,,,0.536373,0,
,,,0.536405,0.0585937430150807,
,,,0.536437,0.0195312476716936,
,,,0.536469,0,
,,,0.536501,0.0195312476716936,
,,,0.536533,0.0195312476716936,
,,,0.536565,0.0195312476716936,
,,,0.536597,0.0195312476716936,
,,,0.536629,0.0195312476716936,
,,,0.536661,0,
,,,0.536693,-0.0800781154539436,
,,,0.536725,-0.06054686778225,
,,,0.536757,0,
,,,0.536789,0.0195312476716936,
,,,0.536821,0.0195312476716936,
,,,0.536853,0.0195312476716936,
,,,0.536885,0,
,,,0.536917,0.0195312476716936,
,,,0.536949,0,
,,,0.536981,0.0195312476716936,
,,,0.537013,0.0195312476716936,
,,,0.537045,0.0195312476716936,
,,,0.537077,0,
,,,0.537109,0.0195312476716936,
,,,0.537141,0.0195312476716936,
,,,0.537173,0,
,,,0.537205,0.0195312476716936,
,,,0.537237,0,
,,,0.537269,0.0195312476716936,
,,,0.537301,0,
,,,0.537333,0,
,,,0.537365,-0.0800781154539436,
,,,0.537397,0,
,,,0.537429,0,
,,,0.537461,0.0195312476716936,
,,,0.537493,0,
,,,0.537525,0,
,,,0.537557,-0.0214843724388629,
,,,0.537589,0.0195312476716936,
,,,0.537621,0.0195312476716936,
,,,0.537653,0.0195312476716936,
,,,0.537685,0.0195312476716936,
,,,0.537717,0.0195312476716936,
,,,0.537749,0.0195312476716936,
,,,0.537781,0.0195312476716936,
,,,0.537813,0.0390624953433871,
,,,0.537845,0,
,,,0.537877,0.0195312476716936,
,,,0.537909,0.0195312476716936,
,,,0.537941,0,
,,,0.537973,0.0195312476716936,
,,,0.538005,0.0195312476716936,
,,,0.538037,0.0195312476716936,
,,,0.538069,0,
,,,0.538101,-0.0214843724388629,
,,,0.538133,0,
,,,0.538165,0,
,,,0.538197,0,
,,,0.538229,0.0195312476716936,
,,,0.538261,0.0195312476716936,
,,,0.538293,0,
,,,0.538325,0,
,,,0.538357,0.0195312476716936,
,,,0.538389,0,
,,,0.538421,0.0195312476716936,
,,,0.538453,0,
,,,0.538485,0.0195312476716936,
,,,0.538517,0,
,,,0.538549,0.0195312476716936,
,,,0.538581,0,
,,,0.538613,0,
,,,0.538645,0,
,,,0.538677,0.0195312476716936,
,,,0.538709,0,
,,,0.538741,-0.0214843724388629,
,,,0.538773,0,
,,,0.538805,0,
,,,0.538837,0,
,,,0.538869,0.0195312476716936,
,,,0.538901,0,
,,,0.538933,0,
,,,0.538965,0,
,,,0.538997,0.0195312476716936,
,,,0.539029,0.0195312476716936,
,,,0.539061,0,
,,,0.539093,0,
,,,0.539125,0,
,,,0.539157,0,
,,,0.539189,0,
,,,0.539221,0,
,,,0.539253,-0.0214843724388629,
,,,0.539285,-0.0214843724388629,
,,,0.539317,-0.0214843724388629,
,,,0.539349,-0.0214843724388629,
,,,0.539381,0,
,,,0.539413,-0.0214843724388629,
,,,0.539445,0,
,,,0.539477,0,
,,,0.539509,0,
,,,0.539541,0,
,,,0.539573,0.0390624953433871,
,,,0.539605,-0.0214843724388629,
,,,0.539637,0.0195312476716936,
,,,0.539669,0,
,,,0.539701,0,
,,,0.539733,0.0195312476716936,
,,,0.539765,0,
,,,0.539797,0,
,,,0.539829,-0.0214843724388629,
,,,0.539861,0.0195312476716936,
,,,0.539893,0,
,,,0.539925,0.0195312476716936,
,,,0.539957,0.0195312476716936,
,,,0.539989,-0.0214843724388629,
,,,0.540021,0,
,,,0.540053,0,
,,,0.540085,0,
,,,0.540117,0.0195312476716936,
,,,0.540149,0.0195312476716936,
,,,0.540181,0,
,,,0.540213,0,
,,,0.540245,0,
,,,0.540277,0,
,,,0.540309,-0.0410156201105565,
,,,0.540341,0.0390624953433871,
,,,0.540373,0,
,,,0.540405,0.0195312476716936,
,,,0.540437,0,
,,,0.540469,0,
,,,0.540501,0.0195312476716936,
,,,0.540533,0,
,,,0.540565,0,
,,,0.540597,0,
,,,0.540629,0.0195312476716936,
,,,0.540661,0,
,,,0.540693,0.0195312476716936,
,,,0.540725,0,
,,,0.540757,0,
,,,0.540789,0.0195312476716936,
,,,0.540821,0,
,,,0.540853,0,
,,,0.540885,0.0195312476716936,
,,,0.540917,0,
,,,0.540949,0,
,,,0.540981,0.0195312476716936,
,,,0.541013,0,
,,,0.541045,0,
,,,0.541077,0.0195312476716936,
,,,0.541109,0.0195312476716936,
,,,0.541141,0,
,,,0.541173,0,
,,,0.541205,0,
,,,0.541237,0.0195312476716936,
,,,0.541269,0,
,,,0.541301,0.0195312476716936,
,,,0.541333,0,
,,,0.541365,0.0195312476716936,
,,,0.541397,0,
,,,0.541429,0,
,,,0.541461,0,
,,,0.541493,-0.0214843724388629,
,,,0.541525,-0.0214843724388629,
,,,0.541557,0,
,,,0.541589,0.0195312476716936,
,,,0.541621,0.0195312476716936,
,,,0.541653,0.0195312476716936,
,,,0.541685,0.0195312476716936,
,,,0.541717,0.0195312476716936,
,,,0.541749,0.0390624953433871,
,,,0.541781,0.0195312476716936,
,,,0.541813,0,
,,,0.541845,0.0195312476716936,
,,,0.541877,0,
,,,0.541909,0,
,,,0.541941,0.0195312476716936,
,,,0.541973,0,
,,,0.542005,0,
,,,0.542037,0.0195312476716936,
,,,0.542069,0.0195312476716936,
,,,0.542101,0,
,,,0.542133,0.0195312476716936,
,,,0.542165,0.0195312476716936,
,,,0.542197,0,
,,,0.542229,0.0195312476716936,
,,,0.542261,0,
,,,0.542293,0.0195312476716936,
,,,0.542325,-0.0214843724388629,
,,,0.542357,0,
,,,0.542389,0,
,,,0.542421,0.0195312476716936,
,,,0.542453,0,
,,,0.542485,0,
,,,0.542517,-0.06054686778225,
,,,0.542549,0.0195312476716936,
,,,0.542581,0,
,,,0.542613,0.0195312476716936,
,,,0.542645,0.0195312476716936,
,,,0.542677,0,
,,,0.542709,0,
,,,0.542741,0,
,,,0.542773,0,
,,,0.542805,0.0195312476716936,
,,,0.542837,0,
,,,0.542869,-0.0410156201105565,
,,,0.542901,0.0195312476716936,
,,,0.542933,0,
,,,0.542965,0.0195312476716936,
,,,0.542997,0,
,,,0.543029,0.0195312476716936,
,,,0.543061,0.0195312476716936,
,,,0.543093,0.0195312476716936,
,,,0.543125,-0.0214843724388629,
,,,0.543157,0.0195312476716936,
,,,0.543189,0,
,,,0.543221,-0.0214843724388629,
,,,0.543253,0.0195312476716936,
,,,0.543285,0.0195312476716936,
,,,0.543317,0,
,,,0.543349,0.0195312476716936,
,,,0.543381,0.0195312476716936,
,,,0.543413,-0.0214843724388629,
,,,0.543445,0,
,,,0.543477,0,
,,,0.543509,0,
,,,0.543541,-0.0214843724388629,
,,,0.543573,0,
,,,0.543605,0.0390624953433871,
,,,0.543637,0.0195312476716936,
,,,0.543669,0.0195312476716936,
,,,0.543701,0.0195312476716936,
,,,0.543733,0,
,,,0.543765,0,
,,,0.543797,0.0195312476716936,
,,,0.543829,0.0195312476716936,
,,,0.543861,0.0195312476716936,
,,,0.543893,0,
,,,0.543925,0,
,,,0.543957,0.0195312476716936,
,,,0.543989,0,
,,,0.544021,0.0195312476716936,
,,,0.544053,0,
,,,0.544085,0,
,,,0.544117,0.0390624953433871,
,,,0.544149,0,
,,,0.544181,0,
,,,0.544213,0,
,,,0.544245,0,
,,,0.544277,0,
,,,0.544309,0,
,,,0.544341,0.0195312476716936,
,,,0.544373,0.0195312476716936,
,,,0.544405,0,
,,,0.544437,0.0195312476716936,
,,,0.544469,-0.0214843724388629,
,,,0.544501,0,
,,,0.544533,0,
,,,0.544565,0.0195312476716936,
,,,0.544597,0,
,,,0.544629,0.0195312476716936,
,,,0.544661,0,
,,,0.544693,0.0195312476716936,
,,,0.544725,0.0195312476716936,
,,,0.544757,0.0195312476716936,
,,,0.544789,0.0585937430150807,
,,,0.544821,0,
,,,0.544853,0,
,,,0.544885,0,
,,,0.544917,0.0195312476716936,
,,,0.544949,0,
,,,0.544981,0.0195312476716936,
,,,0.545013,0,
,,,0.545045,0,
,,,0.545077,0.0195312476716936,
,,,0.545109,0.0195312476716936,
,,,0.545141,0,
,,,0.545173,0.0195312476716936,
,,,0.545205,0,
,,,0.545237,0.0195312476716936,
,,,0.545269,0.0195312476716936,
,,,0.545301,0,
,,,0.545333,-0.0214843724388629,
,,,0.545365,0.0195312476716936,
,,,0.545397,0.0195312476716936,
,,,0.545429,0,
,,,0.545461,0,
,,,0.545493,0,
,,,0.545525,0,
,,,0.545557,0,
,,,0.545589,0,
,,,0.545621,0.0195312476716936,
,,,0.545653,0.0195312476716936,
,,,0.545685,0,
,,,0.545717,0,
,,,0.545749,0.0195312476716936,
,,,0.545781,0,
,,,0.545813,0,
,,,0.545845,0,
,,,0.545877,0,
,,,0.545909,0,
,,,0.545941,0,
,,,0.545973,0.0195312476716936,
,,,0.546005,0,
,,,0.546037,0,
,,,0.546069,0.0195312476716936,
,,,0.546101,0.0195312476716936,
,,,0.546133,0,
,,,0.546165,0,
,,,0.546197,-0.0214843724388629,
,,,0.546229,0.0195312476716936,
,,,0.546261,0.0195312476716936,
,,,0.546293,0,
,,,0.546325,0.0195312476716936,
,,,0.546357,-0.0214843724388629,
,,,0.546389,0,
,,,0.546421,0.0195312476716936,
,,,0.546453,0,
,,,0.546485,0,
,,,0.546517,-0.0214843724388629,
,,,0.546549,-0.0214843724388629,
,,,0.546581,0.0195312476716936,
,,,0.546613,0.0195312476716936,
,,,0.546645,0,
,,,0.546677,0,
,,,0.546709,0,
,,,0.546741,0.0195312476716936,
,,,0.546773,0,
,,,0.546805,0.0195312476716936,
,,,0.546837,0,
,,,0.546869,0,
,,,0.546901,0.0195312476716936,
,,,0.546933,0,
,,,0.546965,0,
,,,0.546997,0.0195312476716936,
,,,0.547029,0.0195312476716936,
,,,0.547061,0,
,,,0.547093,0.0195312476716936,
,,,0.547125,0.0195312476716936,
,,,0.547157,0.0195312476716936,
,,,0.547189,0,
,,,0.547221,0,
,,,0.547253,0.0195312476716936,
,,,0.547285,0,
,,,0.547317,0,
,,,0.547349,-0.0214843724388629,
,,,0.547381,0,
,,,0.547413,0.0195312476716936,
,,,0.547445,0.0195312476716936,
,,,0.547477,0.0195312476716936,
,,,0.547509,0.0195312476716936,
,,,0.547541,0.0195312476716936,
,,,0.547573,-0.0214843724388629,
,,,0.547605,-0.0214843724388629,
,,,0.547637,0.0195312476716936,
,,,0.547669,0,
,,,0.547701,0.0195312476716936,
,,,0.547733,0.0195312476716936,
,,,0.547765,0,
,,,0.547797,0.0195312476716936,
,,,0.547829,0.0195312476716936,
,,,0.547861,0,
,,,0.547893,0.0195312476716936,
,,,0.547925,0,
,,,0.547957,-0.0214843724388629,
,,,0.547989,0.0195312476716936,
,,,0.548021,0.0195312476716936,
,,,0.548053,0,
,,,0.548085,0,
,,,0.548117,0.0195312476716936,
,,,0.548149,0.0195312476716936,
,,,0.548181,0.0195312476716936,
,,,0.548213,0.0195312476716936,
,,,0.548245,0.0195312476716936,
,,,0.548277,0,
,,,0.548309,0,
,,,0.548341,0.0195312476716936,
,,,0.548373,0.0195312476716936,
,,,0.548405,0,
,,,0.548437,0.0195312476716936,
,,,0.548469,0.0195312476716936,
,,,0.548501,0.0390624953433871,
,,,0.548533,0,
,,,0.548565,0,
,,,0.548597,0.0195312476716936,
,,,0.548629,0.0195312476716936,
,,,0.548661,0,
,,,0.548693,0,
,,,0.548725,0,
,,,0.548757,0.0195312476716936,
,,,0.548789,0.0195312476716936,
,,,0.548821,0,
,,,0.548853,0.0390624953433871,
,,,0.548885,0,
,,,0.548917,0.0195312476716936,
,,,0.548949,0.0195312476716936,
,,,0.548981,0,
,,,0.549013,0,
,,,0.549045,0.0195312476716936,
,,,0.549077,0.0195312476716936,
,,,0.549109,0.0195312476716936,
,,,0.549141,0,
,,,0.549173,0.0195312476716936,
,,,0.549205,0,
,,,0.549237,0,
,,,0.549269,0,
,,,0.549301,0.0195312476716936,
,,,0.549333,0.0195312476716936,
,,,0.549365,0.0195312476716936,
,,,0.549397,0,
,,,0.549429,0,
,,,0.549461,0.0195312476716936,
,,,0.549493,0.0195312476716936,
,,,0.549525,0,
,,,0.549557,0,
,,,0.549589,0.0195312476716936,
,,,0.549621,0.0195312476716936,
,,,0.549653,0,
,,,0.549685,0.0195312476716936,
,,,0.549717,0,
,,,0.549749,0.0195312476716936,
,,,0.549781,-0.0214843724388629,
,,,0.549813,0.0195312476716936,
,,,0.549845,0.0195312476716936,
,,,0.549877,0,
,,,0.549909,0.0195312476716936,
,,,0.549941,0,
,,,0.549973,0.0195312476716936,
,,,0.550005,0,
,,,0.550037,0,
,,,0.550069,0,
,,,0.550101,0,
,,,0.550133,0.0195312476716936,
,,,0.550165,0,
,,,0.550197,0,
,,,0.550229,0.0195312476716936,
,,,0.550261,0,
,,,0.550293,0.0195312476716936,
,,,0.550325,0.0195312476716936,
,,,0.550357,0.0195312476716936,
,,,0.550389,-0.0214843724388629,
,,,0.550421,0,
,,,0.550453,0.0195312476716936,
,,,0.550485,0,
,,,0.550517,0.0195312476716936,
,,,0.550549,0.0195312476716936,
,,,0.550581,0,
,,,0.550613,0.0390624953433871,
,,,0.550645,0.0195312476716936,
,,,0.550677,0,
,,,0.550709,0,
,,,0.550741,0,
,,,0.550773,0,
,,,0.550805,0.0390624953433871,
,,,0.550837,0,
,,,0.550869,0,
,,,0.550901,0.0195312476716936,
,,,0.550933,0.0390624953433871,
,,,0.550965,0.0195312476716936,
,,,0.550997,-0.0800781154539436,
,,,0.551029,0,
,,,0.551061,0.0195312476716936,
,,,0.551093,0.0195312476716936,
,,,0.551125,0.0195312476716936,
,,,0.551157,0.0195312476716936,
,,,0.551189,0.0195312476716936,
,,,0.551221,0,
,,,0.551253,0.0195312476716936,
,,,0.551285,0,
,,,0.551317,0.0195312476716936,
,,,0.551349,0.0195312476716936,
,,,0.551381,0,
,,,0.551413,0.0195312476716936,
,,,0.551445,0.0195312476716936,
,,,0.551477,0,
,,,0.551509,0.0195312476716936,
,,,0.551541,0,
,,,0.551573,0.0195312476716936,
,,,0.551605,0.0195312476716936,
,,,0.551637,0,
,,,0.551669,0.0195312476716936,
,,,0.551701,0.0195312476716936,
,,,0.551733,0.0195312476716936,
,,,0.551765,-0.0214843724388629,
,,,0.551797,0,
,,,0.551829,0.0195312476716936,
,,,0.551861,0.0195312476716936,
,,,0.551893,0.0195312476716936,
,,,0.551925,0.0390624953433871,
,,,0.551957,0,
,,,0.551989,0.0390624953433871,
,,,0.552021,0.0195312476716936,
,,,0.552053,0,
,,,0.552085,0.0195312476716936,
,,,0.552117,0,
,,,0.552149,0.0195312476716936,
,,,0.552181,0.0195312476716936,
,,,0.552213,0,
,,,0.552245,0.0195312476716936,
,,,0.552277,0,
,,,0.552309,0.0195312476716936,
,,,0.552341,0.0195312476716936,
,,,0.552373,0,
,,,0.552405,0.0195312476716936,
,,,0.552437,0.0195312476716936,
,,,0.552469,0,
,,,0.552501,0.0195312476716936,
,,,0.552533,0.0195312476716936,
,,,0.552565,0,
,,,0.552597,0.0195312476716936,
,,,0.552629,-0.0410156201105565,
,,,0.552661,0.0195312476716936,
,,,0.552693,0.0195312476716936,
,,,0.552725,0,
,,,0.552757,0.0195312476716936,
,,,0.552789,0.0195312476716936,
,,,0.552821,-0.0410156201105565,
,,,0.552853,0.0195312476716936,
,,,0.552885,0.0195312476716936,
,,,0.552917,0.0195312476716936,
,,,0.552949,0.0800781154539436,
,,,0.552981,0,
,,,0.553013,0.0195312476716936,
,,,0.553045,0,
,,,0.553077,0.0195312476716936,
,,,0.553109,0,
,,,0.553141,0.0195312476716936,
,,,0.553173,0,
,,,0.553205,0,
,,,0.553237,0.0195312476716936,
,,,0.553269,0,
,,,0.553301,0,
,,,0.553333,0.0195312476716936,
,,,0.553365,0.0195312476716936,
,,,0.553397,0,
,,,0.553429,0.0195312476716936,
,,,0.553461,0,
,,,0.553493,0,
,,,0.553525,0.0195312476716936,
,,,0.553557,0.0390624953433871,
,,,0.553589,0.0195312476716936,
,,,0.553621,0,
,,,0.553653,0.0195312476716936,
,,,0.553685,0,
,,,0.553717,-0.0214843724388629,
,,,0.553749,-0.0214843724388629,
,,,0.553781,0.0195312476716936,
,,,0.553813,0.0195312476716936,
,,,0.553845,0.0195312476716936,
,,,0.553877,0.0195312476716936,
,,,0.553909,-0.0410156201105565,
,,,0.553941,0.0195312476716936,
,,,0.553973,0.0195312476716936,
,,,0.554005,0.0195312476716936,
,,,0.554037,0.0195312476716936,
,,,0.554069,0,
,,,0.554101,0,
,,,0.554133,0.0390624953433871,
,,,0.554165,0,
,,,0.554197,0,
,,,0.554229,0,
,,,0.554261,0,
,,,0.554293,0,
,,,0.554325,0,
,,,0.554357,0,
,,,0.554389,0,
,,,0.554421,-0.0214843724388629,
,,,0.554453,0.0195312476716936,
,,,0.554485,0.0195312476716936,
,,,0.554517,0.0390624953433871,
,,,0.554549,0.0195312476716936,
,,,0.554581,-0.0214843724388629,
,,,0.554613,0.0195312476716936,
,,,0.554645,0.0390624953433871,
,,,0.554677,-0.0214843724388629,
,,,0.554709,0.0195312476716936,
,,,0.554741,-0.0214843724388629,
,,,0.554773,0,
,,,0.554805,0.0195312476716936,
,,,0.554837,0,
,,,0.554869,-0.0214843724388629,
,,,0.554901,0.0390624953433871,
,,,0.554933,0,
,,,0.554965,0.0195312476716936,
,,,0.554997,0.0195312476716936,
,,,0.555029,-0.0214843724388629,
,,,0.555061,0.0195312476716936,
,,,0.555093,-0.0214843724388629,
,,,0.555125,0,
,,,0.555157,0.0195312476716936,
,,,0.555189,0,
,,,0.555221,0.0585937430150807,
,,,0.555253,0.0195312476716936,
,,,0.555285,0,
,,,0.555317,0,
,,,0.555349,0,
,,,0.555381,0,
,,,0.555413,0,
,,,0.555445,0,
,,,0.555477,0,
,,,0.555509,0.0195312476716936,
,,,0.555541,0,
,,,0.555573,-0.0214843724388629,
,,,0.555605,-0.0214843724388629,
,,,0.555637,0,
,,,0.555669,0.0195312476716936,
,,,0.555701,-0.0214843724388629,
,,,0.555733,0,
,,,0.555765,-0.0214843724388629,
,,,0.555797,0.0195312476716936,
,,,0.555829,-0.0214843724388629,
,,,0.555861,0,
,,,0.555893,0.0195312476716936,
,,,0.555925,0,
,,,0.555957,0,
,,,0.555989,0.0195312476716936,
,,,0.556021,0,
,,,0.556053,0.0195312476716936,
,,,0.556085,0.0195312476716936,
,,,0.556117,0,
,,,0.556149,-0.0214843724388629,
,,,0.556181,0,
,,,0.556213,0,
,,,0.556245,0,
,,,0.556277,-0.0214843724388629,
,,,0.556309,0,
,,,0.556341,0,
,,,0.556373,0,
,,,0.556405,0,
,,,0.556437,0,
,,,0.556469,0.0195312476716936,
,,,0.556501,-0.0214843724388629,
,,,0.556533,0,
,,,0.556565,0,
,,,0.556597,-0.0214843724388629,
,,,0.556629,0,
,,,0.556661,0.0195312476716936,
,,,0.556693,0,
,,,0.556725,0.0195312476716936,
,,,0.556757,0,
,,,0.556789,0,
,,,0.556821,0.0195312476716936,
,,,0.556853,0.0195312476716936,
,,,0.556885,0.0390624953433871,
,,,0.556917,0,
,,,0.556949,0,
,,,0.556981,0,
,,,0.557013,0,
,,,0.557045,0,
,,,0.557077,0,
,,,0.557109,0,
,,,0.557141,0,
,,,0.557173,0,
,,,0.557205,0.0195312476716936,
,,,0.557237,0,
,,,0.557269,0,
,,,0.557301,0.0195312476716936,
,,,0.557333,0,
,,,0.557365,0.0195312476716936,
,,,0.557397,0.0195312476716936,
,,,0.557429,0.0195312476716936,
,,,0.557461,0.0195312476716936,
,,,0.557493,0.0195312476716936,
,,,0.557525,0,
,,,0.557557,0,
,,,0.557589,0.0195312476716936,
,,,0.557621,0.0195312476716936,
,,,0.557653,0,
,,,0.557685,0.0195312476716936,
,,,0.557717,0.0195312476716936,
,,,0.557749,0,
,,,0.557781,0,
,,,0.557813,0,
,,,0.557845,0.0195312476716936,
,,,0.557877,0.0195312476716936,
,,,0.557909,0.0195312476716936,
,,,0.557941,0.0195312476716936,
,,,0.557973,0.0195312476716936,
,,,0.558005,0,
,,,0.558037,0.0195312476716936,
,,,0.558069,0.0195312476716936,
,,,0.558101,0.0195312476716936,
,,,0.558133,0,
,,,0.558165,-0.0214843724388629,
,,,0.558197,-0.0410156201105565,
,,,0.558229,-0.0214843724388629,
,,,0.558261,0.0195312476716936,
,,,0.558293,0,
,,,0.558325,0.0195312476716936,
,,,0.558357,0.0195312476716936,
,,,0.558389,0,
,,,0.558421,0,
,,,0.558453,0,
,,,0.558485,0,
,,,0.558517,0.0195312476716936,
,,,0.558549,0,
,,,0.558581,0.0195312476716936,
,,,0.558613,0.0195312476716936,
,,,0.558645,0.0195312476716936,
,,,0.558677,0.0195312476716936,
,,,0.558709,0.0195312476716936,
,,,0.558741,0,
,,,0.558773,0.0195312476716936,
,,,0.558805,-0.06054686778225,
,,,0.558837,0,
,,,0.558869,0,
,,,0.558901,0,
,,,0.558933,0.0195312476716936,
,,,0.558965,0.0195312476716936,
,,,0.558997,0.0195312476716936,
,,,0.559029,0.0195312476716936,
,,,0.559061,0,
,,,0.559093,0.0195312476716936,
,,,0.559125,0.0195312476716936,
,,,0.559157,0,
,,,0.559189,0.0195312476716936,
,,,0.559221,0,
,,,0.559253,0,
,,,0.559285,0,
,,,0.559317,0.0195312476716936,
,,,0.559349,0,
,,,0.559381,0.0195312476716936,
,,,0.559413,0.0195312476716936,
,,,0.559445,0.0195312476716936,
,,,0.559477,0.0390624953433871,
,,,0.559509,-0.0214843724388629,
,,,0.559541,0.0195312476716936,
,,,0.559573,0.0195312476716936,
,,,0.559605,0.0195312476716936,
,,,0.559637,0.0195312476716936,
,,,0.559669,0,
,,,0.559701,0,
,,,0.559733,0.0195312476716936,
,,,0.559765,0.0195312476716936,
,,,0.559797,0.0390624953433871,
,,,0.559829,0,
,,,0.559861,0.0195312476716936,
,,,0.559893,0,
,,,0.559925,-0.0214843724388629,
,,,0.559957,0.0195312476716936,
,,,0.559989,0.0195312476716936,
,,,0.560021,0.0195312476716936,
,,,0.560053,0.0195312476716936,
,,,0.560085,0.0390624953433871,
,,,0.560117,0.0195312476716936,
,,,0.560149,0.0195312476716936,
,,,0.560181,0.0195312476716936,
,,,0.560213,0,
,,,0.560245,0.0390624953433871,
,,,0.560277,0.0195312476716936,
,,,0.560309,0.0195312476716936,
,,,0.560341,0,
,,,0.560373,0,
,,,0.560405,0.0195312476716936,
,,,0.560437,0,
,,,0.560469,0,
,,,0.560501,0,
,,,0.560533,0,
,,,0.560565,0.0390624953433871,
,,,0.560597,0,
,,,0.560629,0.0195312476716936,
,,,0.560661,0,
,,,0.560693,0,
,,,0.560725,0,
,,,0.560757,0.0195312476716936,
,,,0.560789,0.0195312476716936,
,,,0.560821,0,
,,,0.560853,0,
,,,0.560885,0.0195312476716936,
,,,0.560917,0.0195312476716936,
,,,0.560949,0.0195312476716936,
,,,0.560981,0,
,,,0.561013,0.0195312476716936,
,,,0.561045,0,
,,,0.561077,0.0195312476716936,
,,,0.561109,0,
,,,0.561141,0.0195312476716936,
,,,0.561173,0,
,,,0.561205,0,
,,,0.561237,0,
,,,0.561269,0,
,,,0.561301,-0.0214843724388629,
,,,0.561333,0,
,,,0.561365,0,
,,,0.561397,0.0195312476716936,
,,,0.561429,0,
,,,0.561461,0,
,,,0.561493,0.0195312476716936,
,,,0.561525,-0.06054686778225,
,,,0.561557,0.0195312476716936,
,,,0.561589,0,
,,,0.561621,0,
,,,0.561653,0,
,,,0.561685,0,
,,,0.561717,0,
,,,0.561749,0,
,,,0.561781,0.0195312476716936,
,,,0.561813,0,
,,,0.561845,0.0195312476716936,
,,,0.561877,0.0195312476716936,
,,,0.561909,0,
,,,0.561941,0.0195312476716936,
,,,0.561973,0.0195312476716936,
,,,0.562005,0,
,,,0.562037,0.0195312476716936,
,,,0.562069,0.0195312476716936,
,,,0.562101,0,
,,,0.562133,0,
,,,0.562165,0,
,,,0.562197,0.0195312476716936,
,,,0.562229,0.0195312476716936,
,,,0.562261,0,
,,,0.562293,0,
,,,0.562325,0,
,,,0.562357,0.0195312476716936,
,,,0.562389,-0.0214843724388629,
,,,0.562421,0,
,,,0.562453,0,
,,,0.562485,0.0390624953433871,
,,,0.562517,0,
,,,0.562549,0.0195312476716936,
,,,0.562581,0.0195312476716936,
,,,0.562613,0,
,,,0.562645,0,
,,,0.562677,0,
,,,0.562709,0.0195312476716936,
,,,0.562741,0,
,,,0.562773,0,
,,,0.562805,0.0195312476716936,
,,,0.562837,0.0195312476716936,
,,,0.562869,0,
,,,0.562901,0.0195312476716936,
,,,0.562933,0.0195312476716936,
,,,0.562965,-0.0214843724388629,
,,,0.562997,0.0390624953433871,
,,,0.563029,0.0195312476716936,
,,,0.563061,0.0195312476716936,
,,,0.563093,0,
,,,0.563125,0,
,,,0.563157,0,
,,,0.563189,0.0195312476716936,
,,,0.563221,0.0195312476716936,
,,,0.563253,0,
,,,0.563285,0,
,,,0.563317,0.0195312476716936,
,,,0.563349,0,
,,,0.563381,0.0195312476716936,
,,,0.563413,0.0195312476716936,
,,,0.563445,0.0195312476716936,
,,,0.563477,0.0195312476716936,
,,,0.563509,0,
,,,0.563541,0,
,,,0.563573,0,
,,,0.563605,0.0195312476716936,
,,,0.563637,0.0195312476716936,
,,,0.563669,0.0195312476716936,
,,,0.563701,0.0195312476716936,
,,,0.563733,0,
,,,0.563765,0.0195312476716936,
,,,0.563797,0.0195312476716936,
,,,0.563829,0.0195312476716936,
,,,0.563861,0.0195312476716936,
,,,0.563893,0.0195312476716936,
,,,0.563925,-0.0214843724388629,
,,,0.563957,0.0195312476716936,
,,,0.563989,-0.0214843724388629,
,,,0.564021,0,
,,,0.564053,0,
,,,0.564085,0.0195312476716936,
,,,0.564117,0.0195312476716936,
,,,0.564149,0.0390624953433871,
,,,0.564181,0,
,,,0.564213,0,
,,,0.564245,0,
,,,0.564277,0,
,,,0.564309,0.0195312476716936,
,,,0.564341,0.0195312476716936,
,,,0.564373,0.0195312476716936,
,,,0.564405,0.0195312476716936,
,,,0.564437,0,
,,,0.564469,0.0195312476716936,
,,,0.564501,0.0195312476716936,
,,,0.564533,0,
,,,0.564565,0,
,,,0.564597,0,
,,,0.564629,0.0195312476716936,
,,,0.564661,0,
,,,0.564693,-0.0214843724388629,
,,,0.564725,0,
,,,0.564757,0,
,,,0.564789,0.0195312476716936,
,,,0.564821,0,
,,,0.564853,0.0195312476716936,
,,,0.564885,0.0390624953433871,
,,,0.564917,0.0195312476716936,
,,,0.564949,-0.0214843724388629,
,,,0.564981,0.0195312476716936,
,,,0.565013,-0.0410156201105565,
,,,0.565045,0.0195312476716936,
,,,0.565077,0.0195312476716936,
,,,0.565109,0,
,,,0.565141,0,
,,,0.565173,-0.0214843724388629,
,,,0.565205,0,
,,,0.565237,0.0195312476716936,
,,,0.565269,0,
,,,0.565301,0.0195312476716936,
,,,0.565333,0,
,,,0.565365,0,
,,,0.565397,0.0195312476716936,
,,,0.565429,0.0195312476716936,
,,,0.565461,0,
,,,0.565493,0,
,,,0.565525,0,
,,,0.565557,0.0195312476716936,
,,,0.565589,0.0195312476716936,
,,,0.565621,0.0195312476716936,
,,,0.565653,0.0195312476716936,
,,,0.565685,0.0195312476716936,
,,,0.565717,0.0195312476716936,
,,,0.565749,0,
,,,0.565781,0.0195312476716936,
,,,0.565813,0.0195312476716936,
,,,0.565845,0,
,,,0.565877,0.0195312476716936,
,,,0.565909,0.0195312476716936,
,,,0.565941,0.0195312476716936,
,,,0.565973,-0.0214843724388629,
,,,0.566005,0.0195312476716936,
,,,0.566037,0,
,,,0.566069,0,
,,,0.566101,-0.0214843724388629,
,,,0.566133,0,
,,,0.566165,0,
,,,0.566197,0.0390624953433871,
,,,0.566229,0,
,,,0.566261,0.0195312476716936,
,,,0.566293,0,
,,,0.566325,0.0195312476716936,
,,,0.566357,0.0195312476716936,
,,,0.566389,0,
,,,0.566421,0.0390624953433871,
,,,0.566453,0,
,,,0.566485,0,
,,,0.566517,0,
,,,0.566549,0,
,,,0.566581,0,
,,,0.566613,0.0195312476716936,
,,,0.566645,0.0195312476716936,
,,,0.566677,0,
,,,0.566709,0.0195312476716936,
,,,0.566741,0,
,,,0.566773,0,
,,,0.566805,0,
,,,0.566837,0,
,,,0.566869,0,
,,,0.566901,0.0195312476716936,
,,,0.566933,0.0195312476716936,
,,,0.566965,0.0195312476716936,
,,,0.566997,0.0195312476716936,
,,,0.567029,0,
,,,0.567061,0.0195312476716936,
,,,0.567093,0.0195312476716936,
,,,0.567125,0.0195312476716936,
,,,0.567157,0,
,,,0.567189,0.0195312476716936,
,,,0.567221,-0.0214843724388629,
,,,0.567253,0.0195312476716936,
,,,0.567285,0.0195312476716936,
,,,0.567317,0.0195312476716936,
,,,0.567349,0.0195312476716936,
,,,0.567381,0.0195312476716936,
,,,0.567413,0,
,,,0.567445,0,
,,,0.567477,0.0195312476716936,
,,,0.567509,0.0195312476716936,
,,,0.567541,0.0585937430150807,
,,,0.567573,0.0195312476716936,
,,,0.567605,-0.0214843724388629,
,,,0.567637,0,
,,,0.567669,0,
,,,0.567701,0.0195312476716936,
,,,0.567733,0.0195312476716936,
,,,0.567765,-0.0214843724388629,
,,,0.567797,0,
,,,0.567829,-0.0214843724388629,
,,,0.567861,0,
,,,0.567893,0,
,,,0.567925,-0.0214843724388629,
,,,0.567957,-0.0214843724388629,
,,,0.567989,0.0195312476716936,
,,,0.568021,0.0195312476716936,
,,,0.568053,0.0195312476716936,
,,,0.568085,0.0195312476716936,
,,,0.568117,0,
,,,0.568149,0.0195312476716936,
,,,0.568181,0.0195312476716936,
,,,0.568213,0.0195312476716936,
,,,0.568245,0,
,,,0.568277,0.0195312476716936,
,,,0.568309,0.0390624953433871,
,,,0.568341,0,
,,,0.568373,0,
,,,0.568405,0,
,,,0.568437,0,
,,,0.568469,0.0390624953433871,
,,,0.568501,0.0195312476716936,
,,,0.568533,-0.0214843724388629,
,,,0.568565,0,
,,,0.568597,0.0195312476716936,
,,,0.568629,0.0195312476716936,
,,,0.568661,-0.0214843724388629,
,,,0.568693,0.0195312476716936,
,,,0.568725,0.0195312476716936,
,,,0.568757,0,
,,,0.568789,0.0195312476716936,
,,,0.568821,0,
,,,0.568853,0.0195312476716936,
,,,0.568885,0,
,,,0.568917,0.0195312476716936,
,,,0.568949,-0.0214843724388629,
,,,0.568981,0.0195312476716936,
,,,0.569013,0.0390624953433871,
,,,0.569045,0.0195312476716936,
,,,0.569077,0.0195312476716936,
,,,0.569109,0,
,,,0.569141,0.0195312476716936,
,,,0.569173,0.0195312476716936,
,,,0.569205,-0.06054686778225,
,,,0.569237,0.0195312476716936,
,,,0.569269,0,
,,,0.569301,0.0195312476716936,
,,,0.569333,0,
,,,0.569365,0.0195312476716936,
,,,0.569397,0.0195312476716936,
,,,0.569429,0.0195312476716936,
,,,0.569461,0,
,,,0.569493,0,
,,,0.569525,0.0195312476716936,
,,,0.569557,0,
,,,0.569589,-0.0214843724388629,
,,,0.569621,0,
,,,0.569653,0.0195312476716936,
,,,0.569685,0.0195312476716936,
,,,0.569717,-0.0214843724388629,
,,,0.569749,0,
,,,0.569781,0.0195312476716936,
,,,0.569813,0,
,,,0.569845,0,
,,,0.569877,0.0195312476716936,
,,,0.569909,0,
,,,0.569941,0.0195312476716936,
,,,0.569973,0,
,,,0.570005,0.0195312476716936,
,,,0.570037,0.0195312476716936,
,,,0.570069,0.0195312476716936,
,,,0.570101,0,
,,,0.570133,-0.0214843724388629,
,,,0.570165,0,
,,,0.570197,0.0195312476716936,
,,,0.570229,0,
,,,0.570261,0,
,,,0.570293,0.0390624953433871,
,,,0.570325,0,
,,,0.570357,0.0195312476716936,
,,,0.570389,0.0195312476716936,
,,,0.570421,0.0195312476716936,
,,,0.570453,0.0195312476716936,
,,,0.570485,0,
,,,0.570517,-0.0214843724388629,
,,,0.570549,0.0195312476716936,
,,,0.570581,0.0195312476716936,
,,,0.570613,0,
,,,0.570645,0,
,,,0.570677,0.0195312476716936,
,,,0.570709,0,
,,,0.570741,0,
,,,0.570773,0.0195312476716936,
,,,0.570805,0,
,,,0.570837,0,
,,,0.570869,0,
,,,0.570901,0.0195312476716936,
,,,0.570933,0.0390624953433871,
,,,0.570965,0.0195312476716936,
,,,0.570997,0,
,,,0.571029,0,
,,,0.571061,0.0195312476716936,
,,,0.571093,-0.0214843724388629,
,,,0.571125,0.0195312476716936,
,,,0.571157,-0.0214843724388629,
,,,0.571189,0,
,,,0.571221,0,
,,,0.571253,0,
,,,0.571285,0.0195312476716936,
,,,0.571317,0.0195312476716936,
,,,0.571349,0.0195312476716936,
,,,0.571381,0.0195312476716936,
,,,0.571413,0,
,,,0.571445,0,
,,,0.571477,0.0195312476716936,
,,,0.571509,0,
,,,0.571541,-0.0214843724388629,
,,,0.571573,0,
,,,0.571605,0.0195312476716936,
,,,0.571637,0,
,,,0.571669,0,
,,,0.571701,0,
,,,0.571733,0,
,,,0.571765,0,
,,,0.571797,0,
,,,0.571829,0,
,,,0.571861,0.0195312476716936,
,,,0.571893,0.0390624953433871,
,,,0.571925,0,
,,,0.571957,0.0195312476716936,
,,,0.571989,0.0195312476716936,
,,,0.572021,0,
,,,0.572053,0,
,,,0.572085,0.0195312476716936,
,,,0.572117,-0.0410156201105565,
,,,0.572149,0.0195312476716936,
,,,0.572181,0.0390624953433871,
,,,0.572213,0,
,,,0.572245,0,
,,,0.572277,0,
,,,0.572309,0,
,,,0.572341,0,
,,,0.572373,0.0195312476716936,
,,,0.572405,0.0195312476716936,
,,,0.572437,0.0195312476716936,
,,,0.572469,-0.0214843724388629,
,,,0.572501,0.0195312476716936,
,,,0.572533,0,
,,,0.572565,0.0195312476716936,
,,,0.572597,0,
,,,0.572629,0,
,,,0.572661,0.0195312476716936,
,,,0.572693,0.0195312476716936,
,,,0.572725,-0.0214843724388629,
,,,0.572757,0,
,,,0.572789,0,
,,,0.572821,0,
,,,0.572853,0,
,,,0.572885,0,
,,,0.572917,0,
,,,0.572949,0,
,,,0.572981,0.0195312476716936,
,,,0.573013,0,
,,,0.573045,-0.0214843724388629,
,,,0.573077,0,
,,,0.573109,0,
,,,0.573141,0,
,,,0.573173,0,
,,,0.573205,0,
,,,0.573237,0,
,,,0.573269,0,
,,,0.573301,0,
,,,0.573333,0.0195312476716936,
,,,0.573365,0,
,,,0.573397,0.0195312476716936,
,,,0.573429,0,
,,,0.573461,-0.0214843724388629,
,,,0.573493,0,
,,,0.573525,0,
,,,0.573557,0,
,,,0.573589,0.0195312476716936,
,,,0.573621,0,
,,,0.573653,0,
,,,0.573685,0,
,,,0.573717,0.0195312476716936,
,,,0.573749,0.0195312476716936,
,,,0.573781,0.0195312476716936,
,,,0.573813,0,
,,,0.573845,0,
,,,0.573877,0.0195312476716936,
,,,0.573909,0,
,,,0.573941,0.0195312476716936,
,,,0.573973,0,
,,,0.574005,0,
,,,0.574037,0,
,,,0.574069,0.0195312476716936,
,,,0.574101,0.0195312476716936,
,,,0.574133,0.0195312476716936,
,,,0.574165,0,
,,,0.574197,0,
,,,0.574229,0,
,,,0.574261,0,
,,,0.574293,0,
,,,0.574325,0.0390624953433871,
,,,0.574357,0,
,,,0.574389,0.0195312476716936,
,,,0.574421,0.0195312476716936,
,,,0.574453,0,
,,,0.574485,0,
,,,0.574517,0.0195312476716936,
,,,0.574549,0,
,,,0.574581,-0.0214843724388629,
,,,0.574613,0,
,,,0.574645,0.0195312476716936,
,,,0.574677,0.0195312476716936,
,,,0.574709,0.0195312476716936,
,,,0.574741,0.0195312476716936,
,,,0.574773,0,
,,,0.574805,0.0195312476716936,
,,,0.574837,0.0195312476716936,
,,,0.574869,0,
,,,0.574901,0,
,,,0.574933,0,
,,,0.574965,0.0195312476716936,
,,,0.574997,0,
,,,0.575029,-0.0410156201105565,
,,,0.575061,0.0195312476716936,
,,,0.575093,0,
,,,0.575125,0.0195312476716936,
,,,0.575157,0.0195312476716936,
,,,0.575189,0,
,,,0.575221,0.0195312476716936,
,,,0.575253,0.0195312476716936,
,,,0.575285,0.0195312476716936,
,,,0.575317,0,
,,,0.575349,0.0195312476716936,
,,,0.575381,0,
,,,0.575413,-0.0214843724388629,
,,,0.575445,0.0195312476716936,
,,,0.575477,-0.0214843724388629,
,,,0.575509,0.0195312476716936,
,,,0.575541,0.0195312476716936,
,,,0.575573,0.0195312476716936,
,,,0.575605,0.0195312476716936,
,,,0.575637,0.0195312476716936,
,,,0.575669,0.0195312476716936,
,,,0.575701,0,
,,,0.575733,0,
,,,0.575765,0.0195312476716936,
,,,0.575797,-0.0214843724388629,
,,,0.575829,0.0195312476716936,
,,,0.575861,0.0195312476716936,
,,,0.575893,0.0195312476716936,
,,,0.575925,0.0195312476716936,
,,,0.575957,0.0195312476716936,
,,,0.575989,0.0195312476716936,
,,,0.576021,0.0195312476716936,
,,,0.576053,-0.0214843724388629,
,,,0.576085,0.0195312476716936,
,,,0.576117,0.0195312476716936,
,,,0.576149,0.0195312476716936,
,,,0.576181,0.0195312476716936,
,,,0.576213,0.0195312476716936,
,,,0.576245,0.0195312476716936,
,,,0.576277,0,
,,,0.576309,0.0390624953433871,
,,,0.576341,0.0195312476716936,
,,,0.576373,0.0195312476716936,
,,,0.576405,0.0195312476716936,
,,,0.576437,-0.0800781154539436,
,,,0.576469,0.0195312476716936,
,,,0.576501,0,
,,,0.576533,0.0195312476716936,
,,,0.576565,0.0195312476716936,
,,,0.576597,0.0195312476716936,
,,,0.576629,0.0195312476716936,
,,,0.576661,0.0390624953433871,
,,,0.576693,0.0195312476716936,
,,,0.576725,0.0195312476716936,
,,,0.576757,0.0195312476716936,
,,,0.576789,0,
,,,0.576821,0,
,,,0.576853,0.0195312476716936,
,,,0.576885,0.0195312476716936,
,,,0.576917,0.0195312476716936,
,,,0.576949,0,
,,,0.576981,-0.0214843724388629,
,,,0.577013,0,
,,,0.577045,0.0195312476716936,
,,,0.577077,0.0195312476716936,
,,,0.577109,0.0195312476716936,
,,,0.577141,0,
,,,0.577173,0.0195312476716936,
,,,0.577205,0.0390624953433871,
,,,0.577237,0.0195312476716936,
,,,0.577269,0.0195312476716936,
,,,0.577301,0.0195312476716936,
,,,0.577333,0,
,,,0.577365,0,
,,,0.577397,0.0195312476716936,
,,,0.577429,0,
,,,0.577461,0,
,,,0.577493,0,
,,,0.577525,0,
,,,0.577557,0,
,,,0.577589,0.0195312476716936,
,,,0.577621,0,
,,,0.577653,0,
,,,0.577685,0,
,,,0.577717,0,
,,,0.577749,0,
,,,0.577781,0,
,,,0.577813,0,
,,,0.577845,0,
,,,0.577877,0,
,,,0.577909,0.0195312476716936,
,,,0.577941,0,
,,,0.577973,0.0195312476716936,
,,,0.578005,0.0390624953433871,
,,,0.578037,0,
,,,0.578069,0,
,,,0.578101,0,
,,,0.578133,0,
,,,0.578165,0.0195312476716936,
,,,0.578197,0,
,,,0.578229,0,
,,,0.578261,0.0195312476716936,
,,,0.578293,0,
,,,0.578325,0,
,,,0.578357,0.0195312476716936,
,,,0.578389,0.0195312476716936,
,,,0.578421,-0.0214843724388629,
,,,0.578453,0.0195312476716936,
,,,0.578485,0,
,,,0.578517,-0.0214843724388629,
,,,0.578549,0,
,,,0.578581,0.0195312476716936,
,,,0.578613,0,
,,,0.578645,0,
,,,0.578677,0.0195312476716936,
,,,0.578709,0,
,,,0.578741,0,
,,,0.578773,0,
,,,0.578805,0,
,,,0.578837,0,
,,,0.578869,0,
,,,0.578901,0,
,,,0.578933,0,
,,,0.578965,0.0195312476716936,
,,,0.578997,0,
,,,0.579029,0.0195312476716936,
,,,0.579061,0.0195312476716936,
,,,0.579093,0,
,,,0.579125,-0.0214843724388629,
,,,0.579157,-0.0214843724388629,
,,,0.579189,0.0195312476716936,
,,,0.579221,0,
,,,0.579253,0.0195312476716936,
,,,0.579285,0,
,,,0.579317,0,
,,,0.579349,0,
,,,0.579381,0.0195312476716936,
,,,0.579413,0,
,,,0.579445,0,
,,,0.579477,0,
,,,0.579509,0,
,,,0.579541,0,
,,,0.579573,0,
,,,0.579605,0.0195312476716936,
,,,0.579637,0.0195312476716936,
,,,0.579669,0.0195312476716936,
,,,0.579701,0,
,,,0.579733,0.0195312476716936,
,,,0.579765,0.0195312476716936,
,,,0.579797,0,
,,,0.579829,-0.0214843724388629,
,,,0.579861,0,
,,,0.579893,-0.0214843724388629,
,,,0.579925,0.0195312476716936,
,,,0.579957,0.0195312476716936,
,,,0.579989,0,
,,,0.580021,0,
,,,0.580053,0.0195312476716936,
,,,0.580085,0.0195312476716936,
,,,0.580117,0.0195312476716936,
,,,0.580149,0.0195312476716936,
,,,0.580181,0.0195312476716936,
,,,0.580213,0,
,,,0.580245,-0.0214843724388629,
,,,0.580277,-0.0214843724388629,
,,,0.580309,0.0195312476716936,
,,,0.580341,0.0195312476716936,
,,,0.580373,0,
,,,0.580405,0.0195312476716936,
,,,0.580437,0.0195312476716936,
,,,0.580469,-0.0214843724388629,
,,,0.580501,0.0195312476716936,
,,,0.580533,0.0195312476716936,
,,,0.580565,0.0195312476716936,
,,,0.580597,0,
,,,0.580629,0,
,,,0.580661,0.0195312476716936,
,,,0.580693,0.0195312476716936,
,,,0.580725,0,
,,,0.580757,0,
,,,0.580789,0.0195312476716936,
,,,0.580821,0.0195312476716936,
,,,0.580853,0.0195312476716936,
,,,0.580885,0.0195312476716936,
,,,0.580917,0.0195312476716936,
,,,0.580949,0.0195312476716936,
,,,0.580981,0,
,,,0.581013,-0.0214843724388629,
,,,0.581045,0,
,,,0.581077,0,
,,,0.581109,0.0195312476716936,
,,,0.581141,0.0195312476716936,
,,,0.581173,0.0195312476716936,
,,,0.581205,0.0195312476716936,
,,,0.581237,0.0195312476716936,
,,,0.581269,0.0390624953433871,
,,,0.581301,0,
,,,0.581333,0.0195312476716936,
,,,0.581365,0,
,,,0.581397,0,
,,,0.581429,0.0195312476716936,
,,,0.581461,0.0195312476716936,
,,,0.581493,0.0195312476716936,
,,,0.581525,0,
,,,0.581557,0.0195312476716936,
,,,0.581589,0.0195312476716936,
,,,0.581621,0.0195312476716936,
,,,0.581653,0.0195312476716936,
,,,0.581685,0,
,,,0.581717,0,
,,,0.581749,0.0195312476716936,
,,,0.581781,0,
,,,0.581813,0.0195312476716936,
,,,0.581845,0.0195312476716936,
,,,0.581877,0,
,,,0.581909,0,
,,,0.581941,0,
,,,0.581973,0,
,,,0.582005,0,
,,,0.582037,0,
,,,0.582069,0.0195312476716936,
,,,0.582101,0.0195312476716936,
,,,0.582133,0.0195312476716936,
,,,0.582165,0,
,,,0.582197,0.0195312476716936,
,,,0.582229,0,
,,,0.582261,0.0195312476716936,
,,,0.582293,0.0195312476716936,
,,,0.582325,0,
,,,0.582357,0,
,,,0.582389,0,
,,,0.582421,0.0195312476716936,
,,,0.582453,0,
,,,0.582485,0,
,,,0.582517,0.0195312476716936,
,,,0.582549,0.0390624953433871,
,,,0.582581,0,
,,,0.582613,0,
,,,0.582645,0,
,,,0.582677,0.0195312476716936,
,,,0.582709,0.0195312476716936,
,,,0.582741,0.0195312476716936,
,,,0.582773,0.0195312476716936,
,,,0.582805,0,
,,,0.582837,0,
,,,0.582869,0.0195312476716936,
,,,0.582901,0,
,,,0.582933,0.0195312476716936,
,,,0.582965,0.0195312476716936,
,,,0.582997,0.0195312476716936,
,,,0.583029,0.0195312476716936,
,,,0.583061,0.0195312476716936,
,,,0.583093,0,
,,,0.583125,0,
,,,0.583157,0.0195312476716936,
,,,0.583189,0.0195312476716936,
,,,0.583221,0,
,,,0.583253,0.0195312476716936,
,,,0.583285,0,
,,,0.583317,0,
,,,0.583349,0.0390624953433871,
,,,0.583381,0,
,,,0.583413,0.0195312476716936,
,,,0.583445,0.0195312476716936,
,,,0.583477,0.0195312476716936,
,,,0.583509,0,
,,,0.583541,0.0195312476716936,
,,,0.583573,0,
,,,0.583605,-0.0214843724388629,
,,,0.583637,0,
,,,0.583669,0,
,,,0.583701,0,
,,,0.583733,0,
,,,0.583765,0.0195312476716936,
,,,0.583797,0,
,,,0.583829,0,
,,,0.583861,0,
,,,0.583893,0.0195312476716936,
,,,0.583925,0.0195312476716936,
,,,0.583957,0,
,,,0.583989,0,
,,,0.584021,0,
,,,0.584053,0.0195312476716936,
,,,0.584085,0,
,,,0.584117,0.0195312476716936,
,,,0.584149,0.0195312476716936,
,,,0.584181,0.0195312476716936,
,,,0.584213,0.0195312476716936,
,,,0.584245,0.0195312476716936,
,,,0.584277,0.0195312476716936,
,,,0.584309,0,
,,,0.584341,0.0195312476716936,
,,,0.584373,0.0195312476716936,
,,,0.584405,0.0195312476716936,
,,,0.584437,0,
,,,0.584469,0.0390624953433871,
,,,0.584501,0.0195312476716936,
,,,0.584533,0,
,,,0.584565,0.0195312476716936,
,,,0.584597,0,
,,,0.584629,0.0195312476716936,
,,,0.584661,0,
,,,0.584693,0.0195312476716936,
,,,0.584725,0,
,,,0.584757,0,
,,,0.584789,0.0195312476716936,
,,,0.584821,0,
,,,0.584853,0.0390624953433871,
,,,0.584885,0.0195312476716936,
,,,0.584917,0,
,,,0.584949,0.0195312476716936,
,,,0.584981,0.0195312476716936,
,,,0.585013,0.0195312476716936,
,,,0.585045,0.0195312476716936,
,,,0.585077,0,
,,,0.585109,0.0195312476716936,
,,,0.585141,0,
,,,0.585173,0.0195312476716936,
,,,0.585205,0,
,,,0.585237,0.0195312476716936,
,,,0.585269,0.0195312476716936,
,,,0.585301,-0.0214843724388629,
,,,0.585333,0.0195312476716936,
,,,0.585365,0.0195312476716936,
,,,0.585397,0.0195312476716936,
,,,0.585429,0,
,,,0.585461,0.0195312476716936,
,,,0.585493,0.0195312476716936,
,,,0.585525,-0.0800781154539436,
,,,0.585557,0.0195312476716936,
,,,0.585589,0.0195312476716936,
,,,0.585621,0.0195312476716936,
,,,0.585653,0.0195312476716936,
,,,0.585685,0.0195312476716936,
,,,0.585717,0.0195312476716936,
,,,0.585749,0.0195312476716936,
,,,0.585781,0.0195312476716936,
,,,0.585813,0.0195312476716936,
,,,0.585845,-0.0214843724388629,
,,,0.585877,0.0195312476716936,
,,,0.585909,0,
,,,0.585941,0.0195312476716936,
,,,0.585973,0.0195312476716936,
,,,0.586005,0.0585937430150807,
,,,0.586037,0.0195312476716936,
,,,0.586069,0.0195312476716936,
,,,0.586101,0,
,,,0.586133,0,
,,,0.586165,0,
,,,0.586197,0.0195312476716936,
,,,0.586229,0.0195312476716936,
,,,0.586261,-0.0214843724388629,
,,,0.586293,0.0195312476716936,
,,,0.586325,0,
,,,0.586357,0.0195312476716936,
,,,0.586389,0,
,,,0.586421,0.0195312476716936,
,,,0.586453,0.0195312476716936,
,,,0.586485,0.0390624953433871,
,,,0.586517,-0.0214843724388629,
,,,0.586549,0.0390624953433871,
,,,0.586581,0.0195312476716936,
,,,0.586613,0.0390624953433871,
,,,0.586645,0.0195312476716936,
,,,0.586677,0,
,,,0.586709,0,
,,,0.586741,0.0195312476716936,
,,,0.586773,0.0195312476716936,
,,,0.586805,0.0195312476716936,
,,,0.586837,0,
,,,0.586869,0,
,,,0.586901,0.0195312476716936,
,,,0.586933,0.0195312476716936,
,,,0.586965,0,
,,,0.586997,0.0195312476716936,
,,,0.587029,0.0195312476716936,
,,,0.587061,0.0195312476716936,
,,,0.587093,0.0195312476716936,
,,,0.587125,0.0195312476716936,
,,,0.587157,0.0195312476716936,
,,,0.587189,0,
,,,0.587221,-0.0214843724388629,
,,,0.587253,0.0195312476716936,
,,,0.587285,0.0195312476716936,
,,,0.587317,0.0195312476716936,
,,,0.587349,0,
,,,0.587381,0.0195312476716936,
,,,0.587413,0.0195312476716936,
,,,0.587445,0,
,,,0.587477,0.0195312476716936,
,,,0.587509,0.0195312476716936,
,,,0.587541,0.0195312476716936,
,,,0.587573,0,
,,,0.587605,0,
,,,0.587637,0.0390624953433871,
,,,0.587669,0.0195312476716936,
,,,0.587701,0.0195312476716936,
,,,0.587733,0,
,,,0.587765,0.0195312476716936,
,,,0.587797,0.0195312476716936,
,,,0.587829,0,
,,,0.587861,0,
,,,0.587893,0,
,,,0.587925,0,
,,,0.587957,0.0195312476716936,
,,,0.587989,0.0195312476716936,
,,,0.588021,0.0195312476716936,
,,,0.588053,0.0195312476716936,
,,,0.588085,0,
,,,0.588117,0.0195312476716936,
,,,0.588149,0,
,,,0.588181,0.0195312476716936,
,,,0.588213,0,
,,,0.588245,0,
,,,0.588277,0,
,,,0.588309,0.0195312476716936,
,,,0.588341,0.0195312476716936,
,,,0.588373,0,
,,,0.588405,0,
,,,0.588437,0.0195312476716936,
,,,0.588469,0,
,,,0.588501,0,
,,,0.588533,0.0195312476716936,
,,,0.588565,0,
,,,0.588597,-0.0214843724388629,
,,,0.588629,0,
,,,0.588661,0.0195312476716936,
,,,0.588693,0,
,,,0.588725,0,
,,,0.588757,-0.0214843724388629,
,,,0.588789,-0.0214843724388629,
,,,0.588821,0,
,,,0.588853,0.0195312476716936,
,,,0.588885,0,
,,,0.588917,0.0195312476716936,
,,,0.588949,0,
,,,0.588981,0.0195312476716936,
,,,0.589013,0,
,,,0.589045,0.0195312476716936,
,,,0.589077,0,
,,,0.589109,0,
,,,0.589141,0.0195312476716936,
,,,0.589173,0.0195312476716936,
,,,0.589205,0,
,,,0.589237,0,
,,,0.589269,0,
,,,0.589301,0.0195312476716936,
,,,0.589333,0,
,,,0.589365,0,
,,,0.589397,-0.0214843724388629,
,,,0.589429,0.0390624953433871,
,,,0.589461,0.0195312476716936,
,,,0.589493,0,
,,,0.589525,-0.0214843724388629,
,,,0.589557,0,
,,,0.589589,0.0195312476716936,
,,,0.589621,0,
,,,0.589653,0.0195312476716936,
,,,0.589685,-0.0214843724388629,
,,,0.589717,0,
,,,0.589749,0,
,,,0.589781,0.0195312476716936,
,,,0.589813,0.0195312476716936,
,,,0.589845,0,
,,,0.589877,0,
,,,0.589909,0,
,,,0.589941,0,
,,,0.589973,0,
,,,0.590005,0.0195312476716936,
,,,0.590037,0,
,,,0.590069,0,
,,,0.590101,0,
,,,0.590133,0,
,,,0.590165,0.0195312476716936,
,,,0.590197,0,
,,,0.590229,0.0195312476716936,
,,,0.590261,0.0195312476716936,
,,,0.590293,0,
,,,0.590325,0,
,,,0.590357,0,
,,,0.590389,0,
,,,0.590421,-0.0214843724388629,
,,,0.590453,-0.0214843724388629,
,,,0.590485,0,
,,,0.590517,0,
,,,0.590549,0,
,,,0.590581,0.0195312476716936,
,,,0.590613,0,
,,,0.590645,0.0195312476716936,
,,,0.590677,0,
,,,0.590709,0,
,,,0.590741,0,
,,,0.590773,0.0195312476716936,
,,,0.590805,0.0195312476716936,
,,,0.590837,0,
,,,0.590869,0,
,,,0.590901,0.0195312476716936,
,,,0.590933,0.0195312476716936,
,,,0.590965,0,
,,,0.590997,0.0195312476716936,
,,,0.591029,0.0195312476716936,
,,,0.591061,0.0195312476716936,
,,,0.591093,0.0195312476716936,
,,,0.591125,0.0195312476716936,
,,,0.591157,0.0195312476716936,
,,,0.591189,0,
,,,0.591221,0.0195312476716936,
,,,0.591253,0.0195312476716936,
,,,0.591285,0,
,,,0.591317,0,
,,,0.591349,0.0195312476716936,
,,,0.591381,0,
,,,0.591413,0,
,,,0.591445,0.0195312476716936,
,,,0.591477,-0.0214843724388629,
,,,0.591509,0,
,,,0.591541,0.0195312476716936,
,,,0.591573,0.0195312476716936,
,,,0.591605,0,
,,,0.591637,0.0195312476716936,
,,,0.591669,0.0390624953433871,
,,,0.591701,0.0195312476716936,
,,,0.591733,0,
,,,0.591765,0.0195312476716936,
,,,0.591797,0.0195312476716936,
,,,0.591829,0,
,,,0.591861,0.0195312476716936,
,,,0.591893,0.0195312476716936,
,,,0.591925,0,
,,,0.591957,0,
,,,0.591989,0,
,,,0.592021,0.0195312476716936,
,,,0.592053,0.0195312476716936,
,,,0.592085,0.0195312476716936,
,,,0.592117,0,
,,,0.592149,-0.0800781154539436,
,,,0.592181,0.0195312476716936,
,,,0.592213,0.0195312476716936,
,,,0.592245,0.0585937430150807,
,,,0.592277,0.0195312476716936,
,,,0.592309,0.0195312476716936,
,,,0.592341,0.0195312476716936,
,,,0.592373,0.0195312476716936,
,,,0.592405,0,
,,,0.592437,0.0195312476716936,
,,,0.592469,0.0195312476716936,
,,,0.592501,0.0195312476716936,
,,,0.592533,0,
,,,0.592565,0.0390624953433871,
,,,0.592597,0.0195312476716936,
,,,0.592629,0.0195312476716936,
,,,0.592661,0.0195312476716936,
,,,0.592693,0.0195312476716936,
,,,0.592725,0,
,,,0.592757,0.0195312476716936,
,,,0.592789,0,
,,,0.592821,0.0195312476716936,
,,,0.592853,0,
,,,0.592885,-0.0214843724388629,
,,,0.592917,0.0195312476716936,
,,,0.592949,0.0195312476716936,
,,,0.592981,0.0195312476716936,
,,,0.593013,0,
,,,0.593045,0.0195312476716936,
,,,0.593077,0.0195312476716936,
,,,0.593109,0,
,,,0.593141,0,
,,,0.593173,0.0195312476716936,
,,,0.593205,0,
,,,0.593237,0,
,,,0.593269,0,
,,,0.593301,0,
,,,0.593333,0,
,,,0.593365,0.0195312476716936,
,,,0.593397,-0.0214843724388629,
,,,0.593429,0,
,,,0.593461,-0.0800781154539436,
,,,0.593493,0.0195312476716936,
,,,0.593525,0.0195312476716936,
,,,0.593557,0,
,,,0.593589,0.0195312476716936,
,,,0.593621,0,
,,,0.593653,-0.0214843724388629,
,,,0.593685,0.0195312476716936,
,,,0.593717,0.0390624953433871,
,,,0.593749,0,
,,,0.593781,0.0195312476716936,
,,,0.593813,0,
,,,0.593845,0.0195312476716936,
,,,0.593877,0.0195312476716936,
,,,0.593909,0.0195312476716936,
,,,0.593941,0,
,,,0.593973,0.0195312476716936,
,,,0.594005,0,
,,,0.594037,0.0195312476716936,
,,,0.594069,0.0195312476716936,
,,,0.594101,0,
,,,0.594133,0.0195312476716936,
,,,0.594165,0,
,,,0.594197,0,
,,,0.594229,0.0195312476716936,
,,,0.594261,0.0195312476716936,
,,,0.594293,0,
,,,0.594325,0.0195312476716936,
,,,0.594357,0,
,,,0.594389,0.0195312476716936,
,,,0.594421,0,
,,,0.594453,0,
,,,0.594485,0.0195312476716936,
,,,0.594517,0,
,,,0.594549,-0.0410156201105565,
,,,0.594581,-0.0410156201105565,
,,,0.594613,0,
,,,0.594645,0,
,,,0.594677,0,
,,,0.594709,0.0195312476716936,
,,,0.594741,0.0195312476716936,
,,,0.594773,0.0195312476716936,
,,,0.594805,0,
,,,0.594837,0,
,,,0.594869,0.0195312476716936,
,,,0.594901,0.0195312476716936,
,,,0.594933,0,
,,,0.594965,0,
,,,0.594997,-0.101562487892807,
,,,0.595029,0,
,,,0.595061,0,
,,,0.595093,-0.0214843724388629,
,,,0.595125,0.0195312476716936,
,,,0.595157,0,
,,,0.595189,0,
,,,0.595221,0.0195312476716936,
,,,0.595253,0.0195312476716936,
,,,0.595285,0,
,,,0.595317,-0.0214843724388629,
,,,0.595349,0,
,,,0.595381,-0.0214843724388629,
,,,0.595413,0,
,,,0.595445,0,
,,,0.595477,0.0390624953433871,
,,,0.595509,0,
,,,0.595541,0,
,,,0.595573,0,
,,,0.595605,0.0195312476716936,
,,,0.595637,-0.0214843724388629,
,,,0.595669,0.0195312476716936,
,,,0.595701,0,
,,,0.595733,0,
,,,0.595765,0.0195312476716936,
,,,0.595797,0.0195312476716936,
,,,0.595829,0.0195312476716936,
,,,0.595861,-0.0214843724388629,
,,,0.595893,-0.0214843724388629,
,,,0.595925,0.0195312476716936,
,,,0.595957,0.0195312476716936,
,,,0.595989,0.0195312476716936,
,,,0.596021,0,
,,,0.596053,-0.0214843724388629,
,,,0.596085,0.0195312476716936,
,,,0.596117,0,
,,,0.596149,0,
,,,0.596181,-0.0214843724388629,
,,,0.596213,0,
,,,0.596245,0.0195312476716936,
,,,0.596277,0,
,,,0.596309,-0.0214843724388629,
,,,0.596341,0,
,,,0.596373,0,
,,,0.596405,0.0195312476716936,
,,,0.596437,0.0195312476716936,
,,,0.596469,0.0195312476716936,
,,,0.596501,0,
,,,0.596533,0,
,,,0.596565,0,
,,,0.596597,0,
,,,0.596629,0.0195312476716936,
,,,0.596661,0.0195312476716936,
,,,0.596693,-0.0214843724388629,
,,,0.596725,0,
,,,0.596757,-0.0214843724388629,
,,,0.596789,0,
,,,0.596821,-0.0214843724388629,
,,,0.596853,0.0390624953433871,
,,,0.596885,0.0195312476716936,
,,,0.596917,0.0195312476716936,
,,,0.596949,0.0195312476716936,
,,,0.596981,0.0195312476716936,
,,,0.597013,0.0195312476716936,
,,,0.597045,0.0195312476716936,
,,,0.597077,-0.0214843724388629,
,,,0.597109,-0.0214843724388629,
,,,0.597141,0.0195312476716936,
,,,0.597173,0.0195312476716936,
,,,0.597205,-0.0214843724388629,
,,,0.597237,0.0195312476716936,
,,,0.597269,-0.0214843724388629,
,,,0.597301,-0.0214843724388629,
,,,0.597333,0.0195312476716936,
,,,0.597365,0,
,,,0.597397,0.0195312476716936,
,,,0.597429,0.0390624953433871,
,,,0.597461,0,
,,,0.597493,0.0195312476716936,
,,,0.597525,0.0195312476716936,
,,,0.597557,0,
,,,0.597589,0,
,,,0.597621,0,
,,,0.597653,0.0195312476716936,
,,,0.597685,0.0195312476716936,
,,,0.597717,0.0195312476716936,
,,,0.597749,0,
,,,0.597781,0.0195312476716936,
,,,0.597813,0.0195312476716936,
,,,0.597845,0.0390624953433871,
,,,0.597877,0.0195312476716936,
,,,0.597909,0.0195312476716936,
,,,0.597941,0.0195312476716936,
,,,0.597973,0.0195312476716936,
,,,0.598005,0,
,,,0.598037,0,
,,,0.598069,0,
,,,0.598101,0,
,,,0.598133,0.0195312476716936,
,,,0.598165,0.0195312476716936,
,,,0.598197,0.0195312476716936,
,,,0.598229,-0.0214843724388629,
,,,0.598261,0,
,,,0.598293,0,
,,,0.598325,0,
,,,0.598357,0.0195312476716936,
,,,0.598389,0,
,,,0.598421,-0.0214843724388629,
,,,0.598453,0.0195312476716936,
,,,0.598485,0,
,,,0.598517,0,
,,,0.598549,0,
,,,0.598581,0,
,,,0.598613,0,
,,,0.598645,0.0195312476716936,
,,,0.598677,0,
,,,0.598709,0.0195312476716936,
,,,0.598741,0,
,,,0.598773,0.0195312476716936,
,,,0.598805,0.0195312476716936,
,,,0.598837,0,
,,,0.598869,0,
,,,0.598901,0.0195312476716936,
,,,0.598933,0.0195312476716936,
,,,0.598965,0.0195312476716936,
,,,0.598997,0,
,,,0.599029,0.0195312476716936,
,,,0.599061,0.0195312476716936,
,,,0.599093,0,
,,,0.599125,0,
,,,0.599157,0,
,,,0.599189,0.0195312476716936,
,,,0.599221,0.0195312476716936,
,,,0.599253,0.0195312476716936,
,,,0.599285,0,
,,,0.599317,0.0195312476716936,
,,,0.599349,0.0195312476716936,
,,,0.599381,0.0195312476716936,
,,,0.599413,0.0195312476716936,
,,,0.599445,0,
,,,0.599477,0,
,,,0.599509,0,
,,,0.599541,0.0195312476716936,
,,,0.599573,0,
,,,0.599605,0.0195312476716936,
,,,0.599637,0.0195312476716936,
,,,0.599669,0.0195312476716936,
,,,0.599701,0,
,,,0.599733,0.0195312476716936,
,,,0.599765,0,
,,,0.599797,0,
,,,0.599829,0.0195312476716936,
,,,0.599861,0.0195312476716936,
,,,0.599893,-0.0214843724388629,
,,,0.599925,0.0195312476716936,
,,,0.599957,0.0195312476716936,
,,,0.599989,0.0195312476716936,
,,,0.600021,0,
,,,0.600053,0.0195312476716936,
,,,0.600085,0,
,,,0.600117,0.0195312476716936,
,,,0.600149,0.0195312476716936,
,,,0.600181,0,
,,,0.600213,0.0195312476716936,
,,,0.600245,0.0195312476716936,
,,,0.600277,0,
,,,0.600309,0.0390624953433871,
,,,0.600341,0.0195312476716936,
,,,0.600373,0.0195312476716936,
,,,0.600405,0,
,,,0.600437,0,
,,,0.600469,0.0195312476716936,
,,,0.600501,0,
,,,0.600533,0,
,,,0.600565,0.0195312476716936,
,,,0.600597,-0.0800781154539436,
,,,0.600629,0.0195312476716936,
,,,0.600661,0,
,,,0.600693,0,
,,,0.600725,-0.0410156201105565,
,,,0.600757,0,
,,,0.600789,0.0195312476716936,
,,,0.600821,0.0390624953433871,
,,,0.600853,0,
,,,0.600885,0.0195312476716936,
,,,0.600917,0,
,,,0.600949,0.0195312476716936,
,,,0.600981,0.0195312476716936,
,,,0.601013,0,
,,,0.601045,0,
,,,0.601077,0,
,,,0.601109,0,
,,,0.601141,0.0195312476716936,
,,,0.601173,0.0390624953433871,
,,,0.601205,0.0195312476716936,
,,,0.601237,0,
,,,0.601269,0.0195312476716936,
,,,0.601301,0,
,,,0.601333,0.0195312476716936,
,,,0.601365,0.0195312476716936,
,,,0.601397,0,
,,,0.601429,0,
,,,0.601461,0,
,,,0.601493,0.0195312476716936,
,,,0.601525,0.0195312476716936,
,,,0.601557,0.0195312476716936,
,,,0.601589,0.0195312476716936,
,,,0.601621,-0.0214843724388629,
,,,0.601653,0,
,,,0.601685,-0.0214843724388629,
,,,0.601717,0.0195312476716936,
,,,0.601749,-0.0214843724388629,
,,,0.601781,0.0195312476716936,
,,,0.601813,0.0195312476716936,
,,,0.601845,0.0195312476716936,
,,,0.601877,-0.0214843724388629,
,,,0.601909,0.0195312476716936,
,,,0.601941,0,
,,,0.601973,0.0195312476716936,
,,,0.602005,0.0195312476716936,
,,,0.602037,0.0195312476716936,
,,,0.602069,0.0390624953433871,
,,,0.602101,0,
,,,0.602133,0,
,,,0.602165,0.0195312476716936,
,,,0.602197,-0.0214843724388629,
,,,0.602229,0.0390624953433871,
,,,0.602261,0.0195312476716936,
,,,0.602293,0.0390624953433871,
,,,0.602325,0,
,,,0.602357,0,
,,,0.602389,0.0585937430150807,
,,,0.602421,0.0195312476716936,
,,,0.602453,0.0390624953433871,
,,,0.602485,0,
,,,0.602517,-0.0214843724388629,
,,,0.602549,0.0195312476716936,
,,,0.602581,0.0195312476716936,
,,,0.602613,0,
,,,0.602645,0,
,,,0.602677,0.0195312476716936,
,,,0.602709,0,
,,,0.602741,-0.0214843724388629,
,,,0.602773,0.0195312476716936,
,,,0.602805,0,
,,,0.602837,0.0195312476716936,
,,,0.602869,0.0390624953433871,
,,,0.602901,0,
,,,0.602933,0,
,,,0.602965,0.0195312476716936,
,,,0.602997,-0.0214843724388629,
,,,0.603029,-0.0214843724388629,
,,,0.603061,-0.0214843724388629,
,,,0.603093,0,
,,,0.603125,-0.0214843724388629,
,,,0.603157,0.0195312476716936,
,,,0.603189,-0.0214843724388629,
,,,0.603221,-0.0214843724388629,
,,,0.603253,0,
,,,0.603285,0.0195312476716936,
,,,0.603317,-0.0214843724388629,
,,,0.603349,0,
,,,0.603381,0,
,,,0.603413,0,
,,,0.603445,-0.0800781154539436,
,,,0.603477,-0.0214843724388629,
,,,0.603509,0.0195312476716936,
,,,0.603541,0,
,,,0.603573,0.0195312476716936,
,,,0.603605,0.0195312476716936,
,,,0.603637,0.0390624953433871,
,,,0.603669,0.0195312476716936,
,,,0.603701,0.0390624953433871,
,,,0.603733,-0.0214843724388629,
,,,0.603765,0,
,,,0.603797,0,
,,,0.603829,0.0195312476716936,
,,,0.603861,-0.0214843724388629,
,,,0.603893,-0.0214843724388629,
,,,0.603925,0.0390624953433871,
,,,0.603957,0,
,,,0.603989,0,
,,,0.604021,0.0195312476716936,
,,,0.604053,0.0195312476716936,
,,,0.604085,0.0195312476716936,
,,,0.604117,0.0195312476716936,
,,,0.604149,-0.0410156201105565,
,,,0.604181,0,
,,,0.604213,0,
,,,0.604245,0,
,,,0.604277,0.0390624953433871,
,,,0.604309,0,
,,,0.604341,-0.0214843724388629,
,,,0.604373,-0.0214843724388629,
,,,0.604405,0,
,,,0.604437,0.0195312476716936,
,,,0.604469,0,
,,,0.604501,0,
,,,0.604533,0.0195312476716936,
,,,0.604565,-0.0214843724388629,
,,,0.604597,0.0390624953433871,
,,,0.604629,-0.0214843724388629,
,,,0.604661,0,
,,,0.604693,0,
,,,0.604725,0.0195312476716936,
,,,0.604757,0,
,,,0.604789,0,
,,,0.604821,0.0195312476716936,
,,,0.604853,0,
,,,0.604885,0,
,,,0.604917,0,
,,,0.604949,0,
,,,0.604981,-0.0214843724388629,
,,,0.605013,0,
,,,0.605045,0,
,,,0.605077,0.0390624953433871,
,,,0.605109,0.0195312476716936,
,,,0.605141,0.0195312476716936,
,,,0.605173,-0.0214843724388629,
,,,0.605205,0.0195312476716936,
,,,0.605237,0.0195312476716936,
,,,0.605269,0.0195312476716936,
,,,0.605301,0,
,,,0.605333,0,
,,,0.605365,0.0195312476716936,
,,,0.605397,0,
,,,0.605429,-0.0214843724388629,
,,,0.605461,0,
,,,0.605493,0.0195312476716936,
,,,0.605525,0,
,,,0.605557,-0.0214843724388629,
,,,0.605589,-0.0214843724388629,
,,,0.605621,-0.0214843724388629,
,,,0.605653,0,
,,,0.605685,0,
,,,0.605717,0.0195312476716936,
,,,0.605749,0,
,,,0.605781,0,
,,,0.605813,-0.0214843724388629,
,,,0.605845,0,
,,,0.605877,0.0195312476716936,
,,,0.605909,0.0195312476716936,
,,,0.605941,0,
,,,0.605973,0.0195312476716936,
,,,0.606005,-0.0214843724388629,
,,,0.606037,0,
,,,0.606069,0,
,,,0.606101,0,
,,,0.606133,0,
,,,0.606165,0,
,,,0.606197,0.0195312476716936,
,,,0.606229,0,
,,,0.606261,0.0195312476716936,
,,,0.606293,0,
,,,0.606325,0.0195312476716936,
,,,0.606357,0,
,,,0.606389,0,
,,,0.606421,0,
,,,0.606453,0,
,,,0.606485,0,
,,,0.606517,0,
,,,0.606549,-0.0214843724388629,
,,,0.606581,0,
,,,0.606613,0,
,,,0.606645,0,
,,,0.606677,0,
,,,0.606709,0,
,,,0.606741,0.0195312476716936,
,,,0.606773,0,
,,,0.606805,0,
,,,0.606837,0,
,,,0.606869,0,
,,,0.606901,-0.0214843724388629,
,,,0.606933,0,
,,,0.606965,0.0195312476716936,
,,,0.606997,0,
,,,0.607029,0,
,,,0.607061,0,
,,,0.607093,-0.0410156201105565,
,,,0.607125,-0.0214843724388629,
,,,0.607157,0,
,,,0.607189,0,
,,,0.607221,0,
,,,0.607253,0,
,,,0.607285,0,
,,,0.607317,0,
,,,0.607349,0.0195312476716936,
,,,0.607381,0.0390624953433871,
,,,0.607413,0,
,,,0.607445,0.0195312476716936,
,,,0.607477,0,
,,,0.607509,0,
,,,0.607541,0,
,,,0.607573,0.0195312476716936,
,,,0.607605,0,
,,,0.607637,-0.0214843724388629,
,,,0.607669,-0.0214843724388629,
,,,0.607701,0,
,,,0.607733,0,
,,,0.607765,0.0195312476716936,
,,,0.607797,0.0195312476716936,
,,,0.607829,0.0195312476716936,
,,,0.607861,0.0390624953433871,
,,,0.607893,0.0195312476716936,
,,,0.607925,0.0195312476716936,
,,,0.607957,0.0195312476716936,
,,,0.607989,-0.0214843724388629,
,,,0.608021,-0.0214843724388629,
,,,0.608053,0.0390624953433871,
,,,0.608085,-0.0214843724388629,
,,,0.608117,-0.0214843724388629,
,,,0.608149,0,
,,,0.608181,0,
,,,0.608213,0,
,,,0.608245,0,
,,,0.608277,0.0195312476716936,
,,,0.608309,0,
,,,0.608341,0.0195312476716936,
,,,0.608373,0.0195312476716936,
,,,0.608405,0,
,,,0.608437,0.0195312476716936,
,,,0.608469,0,
,,,0.608501,0,
,,,0.608533,0,
,,,0.608565,0.0195312476716936,
,,,0.608597,0,
,,,0.608629,0,
,,,0.608661,0.0195312476716936,
,,,0.608693,0,
,,,0.608725,0.0390624953433871,
,,,0.608757,0.0195312476716936,
,,,0.608789,0,
,,,0.608821,0,
,,,0.608853,0.0195312476716936,
,,,0.608885,0.0195312476716936,
,,,0.608917,0.0195312476716936,
,,,0.608949,0.0195312476716936,
,,,0.608981,0,
,,,0.609013,0.0195312476716936,
,,,0.609045,0.0195312476716936,
,,,0.609077,0,
,,,0.609109,0,
,,,0.609141,0.0390624953433871,
,,,0.609173,0.0195312476716936,
,,,0.609205,0,
,,,0.609237,0.0195312476716936,
,,,0.609269,0,
,,,0.609301,0.0195312476716936,
,,,0.609333,-0.0214843724388629,
,,,0.609365,0.0195312476716936,
,,,0.609397,0.0195312476716936,
,,,0.609429,0.0195312476716936,
,,,0.609461,0,
,,,0.609493,0.0195312476716936,
,,,0.609525,0.0390624953433871,
,,,0.609557,0.0195312476716936,
,,,0.609589,0.0390624953433871,
,,,0.609621,0.0195312476716936,
,,,0.609653,0.0195312476716936,
,,,0.609685,0,
,,,0.609717,0,
,,,0.609749,0.0195312476716936,
,,,0.609781,0.0195312476716936,
,,,0.609813,0,
,,,0.609845,0,
,,,0.609877,0,
,,,0.609909,0,
,,,0.609941,0.0195312476716936,
,,,0.609973,0.0195312476716936,
,,,0.610005,0.0195312476716936,
,,,0.610037,0.0195312476716936,
,,,0.610069,0.0195312476716936,
,,,0.610101,0.0195312476716936,
,,,0.610133,0.0195312476716936,
,,,0.610165,0,
,,,0.610197,0,
,,,0.610229,0.0195312476716936,
,,,0.610261,0,
,,,0.610293,0.0585937430150807,
,,,0.610325,-0.0214843724388629,
,,,0.610357,0,
,,,0.610389,0.0195312476716936,
,,,0.610421,0.0195312476716936,
,,,0.610453,0,
,,,0.610485,0.0195312476716936,
,,,0.610517,-0.0214843724388629,
,,,0.610549,0.0390624953433871,
,,,0.610581,0,
,,,0.610613,0.0195312476716936,
,,,0.610645,0,
,,,0.610677,0,
,,,0.610709,0,
,,,0.610741,-0.0214843724388629,
,,,0.610773,0.0195312476716936,
,,,0.610805,0,
,,,0.610837,0,
,,,0.610869,0.0195312476716936,
,,,0.610901,0,
,,,0.610933,0,
,,,0.610965,0.0195312476716936,
,,,0.610997,0.0195312476716936,
,,,0.611029,0.0195312476716936,
,,,0.611061,0,
,,,0.611093,-0.0214843724388629,
,,,0.611125,0.0195312476716936,
,,,0.611157,0.0195312476716936,
,,,0.611189,0,
,,,0.611221,0,
,,,0.611253,0.0195312476716936,
,,,0.611285,0,
,,,0.611317,-0.0800781154539436,
,,,0.611349,0.0195312476716936,
,,,0.611381,0,
,,,0.611413,0,
,,,0.611445,0,
,,,0.611477,-0.0800781154539436,
,,,0.611509,0.0195312476716936,
,,,0.611541,0.0195312476716936,
,,,0.611573,0.0195312476716936,
,,,0.611605,0.0195312476716936,
,,,0.611637,0.0195312476716936,
,,,0.611669,0.0195312476716936,
,,,0.611701,0,
,,,0.611733,0.0195312476716936,
,,,0.611765,0,
,,,0.611797,0,
,,,0.611829,0.0195312476716936,
,,,0.611861,0,
,,,0.611893,0,
,,,0.611925,0,
,,,0.611957,0.0195312476716936,
,,,0.611989,0,
,,,0.612021,0,
,,,0.612053,-0.0214843724388629,
,,,0.612085,0.0195312476716936,
,,,0.612117,0,
,,,0.612149,0,
,,,0.612181,-0.0214843724388629,
,,,0.612213,-0.0410156201105565,
,,,0.612245,-0.0214843724388629,
,,,0.612277,0,
,,,0.612309,0.0195312476716936,
,,,0.612341,0.0195312476716936,
,,,0.612373,0,
,,,0.612405,0.0195312476716936,
,,,0.612437,0,
,,,0.612469,0,
,,,0.612501,0.0195312476716936,
,,,0.612533,0,
,,,0.612565,0,
,,,0.612597,0,
,,,0.612629,0,
,,,0.612661,0.0195312476716936,
,,,0.612693,0,
,,,0.612725,0,
,,,0.612757,0.0195312476716936,
,,,0.612789,0,
,,,0.612821,0.0195312476716936,
,,,0.612853,0.0195312476716936,
,,,0.612885,0,
,,,0.612917,0.0195312476716936,
,,,0.612949,-0.0214843724388629,
,,,0.612981,0.0195312476716936,
,,,0.613013,0.0195312476716936,
,,,0.613045,0.0195312476716936,
,,,0.613077,0,
,,,0.613109,0,
,,,0.613141,-0.0214843724388629,
,,,0.613173,0,
,,,0.613205,0,
,,,0.613237,0,
,,,0.613269,0.0195312476716936,
,,,0.613301,0,
,,,0.613333,0,
,,,0.613365,0.0195312476716936,
,,,0.613397,0.0195312476716936,
,,,0.613429,-0.0214843724388629,
,,,0.613461,0,
,,,0.613493,0.0195312476716936,
,,,0.613525,0,
,,,0.613557,0,
,,,0.613589,0,
,,,0.613621,0,
,,,0.613653,0.0195312476716936,
,,,0.613685,0,
,,,0.613717,0,
,,,0.613749,0.0195312476716936,
,,,0.613781,0,
,,,0.613813,0,
,,,0.613845,-0.0214843724388629,
,,,0.613877,0.0195312476716936,
,,,0.613909,0.0195312476716936,
,,,0.613941,0.0195312476716936,
,,,0.613973,0.0195312476716936,
,,,0.614005,0,
,,,0.614037,0,
,,,0.614069,0.0195312476716936,
,,,0.614101,0.0195312476716936,
,,,0.614133,0.0195312476716936,
,,,0.614165,0.0195312476716936,
,,,0.614197,0.0195312476716936,
,,,0.614229,0.0195312476716936,
,,,0.614261,0,
,,,0.614293,0.0195312476716936,
,,,0.614325,0,
,,,0.614357,0.0195312476716936,
,,,0.614389,0.0195312476716936,
,,,0.614421,0,
,,,0.614453,0.0195312476716936,
,,,0.614485,0.0195312476716936,
,,,0.614517,0,
,,,0.614549,0.0195312476716936,
,,,0.614581,0.0195312476716936,
,,,0.614613,-0.0214843724388629,
,,,0.614645,0,
,,,0.614677,-0.0214843724388629,
,,,0.614709,0.0195312476716936,
,,,0.614741,0,
,,,0.614773,0.0195312476716936,
,,,0.614805,-0.0214843724388629,
,,,0.614837,0.0195312476716936,
,,,0.614869,0,
,,,0.614901,0.0195312476716936,
,,,0.614933,0,
,,,0.614965,0,
,,,0.614997,0.0195312476716936,
,,,0.615029,0.0195312476716936,
,,,0.615061,0,
,,,0.615093,0,
,,,0.615125,0.0195312476716936,
,,,0.615157,0,
,,,0.615189,0.0195312476716936,
,,,0.615221,-0.0214843724388629,
,,,0.615253,0.0195312476716936,
,,,0.615285,0,
,,,0.615317,0.0195312476716936,
,,,0.615349,0,
,,,0.615381,0.0195312476716936,
,,,0.615413,0.0195312476716936,
,,,0.615445,0.0195312476716936,
,,,0.615477,0,
,,,0.615509,0.0195312476716936,
,,,0.615541,0,
,,,0.615573,0.0195312476716936,
,,,0.615605,0.0195312476716936,
,,,0.615637,0,
,,,0.615669,0,
,,,0.615701,0.0195312476716936,
,,,0.615733,0.0195312476716936,
,,,0.615765,0,
,,,0.615797,0,
,,,0.615829,0.0195312476716936,
,,,0.615861,0,
,,,0.615893,0.0195312476716936,
,,,0.615925,0,
,,,0.615957,0,
,,,0.615989,0.0195312476716936,
,,,0.616021,0.0195312476716936,
,,,0.616053,0,
,,,0.616085,0.0195312476716936,
,,,0.616117,-0.0214843724388629,
,,,0.616149,0.0195312476716936,
,,,0.616181,0,
,,,0.616213,0,
,,,0.616245,0.0195312476716936,
,,,0.616277,-0.0214843724388629,
,,,0.616309,0,
,,,0.616341,0,
,,,0.616373,0,
,,,0.616405,0,
,,,0.616437,0,
,,,0.616469,0,
,,,0.616501,0.0195312476716936,
,,,0.616533,0.0195312476716936,
,,,0.616565,0.0195312476716936,
,,,0.616597,0.0195312476716936,
,,,0.616629,0.0195312476716936,
,,,0.616661,-0.0214843724388629,
,,,0.616693,0.0390624953433871,
,,,0.616725,0.0195312476716936,
,,,0.616757,0,
,,,0.616789,0.0195312476716936,
,,,0.616821,0,
,,,0.616853,0.0195312476716936,
,,,0.616885,0,
,,,0.616917,0,
,,,0.616949,0,
,,,0.616981,0.0195312476716936,
,,,0.617013,-0.0214843724388629,
,,,0.617045,0,
,,,0.617077,0.0195312476716936,
,,,0.617109,0.0195312476716936,
,,,0.617141,-0.0214843724388629,
,,,0.617173,0.0195312476716936,
,,,0.617205,0,
,,,0.617237,0.0195312476716936,
,,,0.617269,0.0195312476716936,
,,,0.617301,0.0195312476716936,
,,,0.617333,0.0195312476716936,
,,,0.617365,0.0195312476716936,
,,,0.617397,0,
,,,0.617429,-0.0214843724388629,
,,,0.617461,0,
,,,0.617493,0.0195312476716936,
,,,0.617525,0.0195312476716936,
,,,0.617557,0.0390624953433871,
,,,0.617589,0.0195312476716936,
,,,0.617621,0.0195312476716936,
,,,0.617653,-0.0214843724388629,
,,,0.617685,-0.0214843724388629,
,,,0.617717,0.0195312476716936,
,,,0.617749,0,
,,,0.617781,0.0195312476716936,
,,,0.617813,0.0195312476716936,
,,,0.617845,0.0195312476716936,
,,,0.617877,0.0390624953433871,
,,,0.617909,0,
,,,0.617941,0,
,,,0.617973,0.0195312476716936,
,,,0.618005,0,
,,,0.618037,0,
,,,0.618069,0.0195312476716936,
,,,0.618101,0.0195312476716936,
,,,0.618133,0.0390624953433871,
,,,0.618165,0.0195312476716936,
,,,0.618197,0.0195312476716936,
,,,0.618229,0.0195312476716936,
,,,0.618261,0,
,,,0.618293,0.0195312476716936,
,,,0.618325,0.0195312476716936,
,,,0.618357,0.0390624953433871,
,,,0.618389,0,
,,,0.618421,0,
,,,0.618453,0,
,,,0.618485,0,
,,,0.618517,-0.0214843724388629,
,,,0.618549,0,
,,,0.618581,0.0195312476716936,
,,,0.618613,0.0195312476716936,
,,,0.618645,0,
,,,0.618677,0.0390624953433871,
,,,0.618709,0.0195312476716936,
,,,0.618741,0.0195312476716936,
,,,0.618773,0,
,,,0.618805,0.0195312476716936,
,,,0.618837,0,
,,,0.618869,0,
,,,0.618901,0.0195312476716936,
,,,0.618933,0.0390624953433871,
,,,0.618965,0,
,,,0.618997,0,
,,,0.619029,0,
,,,0.619061,0.0195312476716936,
,,,0.619093,0.0195312476716936,
,,,0.619125,0.0195312476716936,
,,,0.619157,0,
,,,0.619189,0.0195312476716936,
,,,0.619221,0.0195312476716936,
,,,0.619253,0.0195312476716936,
,,,0.619285,0.0195312476716936,
,,,0.619317,0.0390624953433871,
,,,0.619349,-0.0214843724388629,
,,,0.619381,0.0195312476716936,
,,,0.619413,-0.0214843724388629,
,,,0.619445,0.0195312476716936,
,,,0.619477,-0.0214843724388629,
,,,0.619509,0.0195312476716936,
,,,0.619541,-0.0214843724388629,
,,,0.619573,0,
,,,0.619605,0,
,,,0.619637,0.0390624953433871,
,,,0.619669,-0.06054686778225,
,,,0.619701,0,
,,,0.619733,0,
,,,0.619765,0,
,,,0.619797,0.0195312476716936,
,,,0.619829,0,
,,,0.619861,-0.0214843724388629,
,,,0.619893,0.0195312476716936,
,,,0.619925,0.0195312476716936,
,,,0.619957,0.0195312476716936,
,,,0.619989,0.0195312476716936,
,,,0.620021,0.0195312476716936,
,,,0.620053,0.0195312476716936,
,,,0.620085,-0.0214843724388629,
,,,0.620117,0.0195312476716936,
,,,0.620149,0,
,,,0.620181,0,
,,,0.620213,0.0195312476716936,
,,,0.620245,0,
,,,0.620277,0.0195312476716936,
,,,0.620309,0,
,,,0.620341,0.0195312476716936,
,,,0.620373,0.0195312476716936,
,,,0.620405,0,
,,,0.620437,-0.0214843724388629,
,,,0.620469,0,
,,,0.620501,0,
,,,0.620533,0,
,,,0.620565,0.0195312476716936,
,,,0.620597,0,
,,,0.620629,0.0195312476716936,
,,,0.620661,0.0195312476716936,
,,,0.620693,0,
,,,0.620725,0.0195312476716936,
,,,0.620757,0.0195312476716936,
,,,0.620789,0,
,,,0.620821,0,
,,,0.620853,0,
,,,0.620885,0,
,,,0.620917,0.0195312476716936,
,,,0.620949,0.0195312476716936,
,,,0.620981,0,
,,,0.621013,0.0390624953433871,
,,,0.621045,0,
,,,0.621077,0,
,,,0.621109,0.0195312476716936,
,,,0.621141,-0.0214843724388629,
,,,0.621173,0.0195312476716936,
,,,0.621205,0,
,,,0.621237,0,
,,,0.621269,-0.0214843724388629,
,,,0.621301,0.0195312476716936,
,,,0.621333,0.0195312476716936,
,,,0.621365,0,
,,,0.621397,0,
,,,0.621429,0.0195312476716936,
,,,0.621461,0.0195312476716936,
,,,0.621493,0,
,,,0.621525,0.0195312476716936,
,,,0.621557,0,
,,,0.621589,0.0195312476716936,
,,,0.621621,0.0195312476716936,
,,,0.621653,0,
,,,0.621685,0,
,,,0.621717,0,
,,,0.621749,0,
,,,0.621781,0.0195312476716936,
,,,0.621813,0.0195312476716936,
,,,0.621845,0,
,,,0.621877,0.0195312476716936,
,,,0.621909,0,
,,,0.621941,0.0195312476716936,
,,,0.621973,0.0195312476716936,
,,,0.622005,0,
,,,0.622037,0,
,,,0.622069,0.0195312476716936,
,,,0.622101,0.0195312476716936,
,,,0.622133,-0.0214843724388629,
,,,0.622165,-0.0214843724388629,
,,,0.622197,0,
,,,0.622229,-0.0214843724388629,
,,,0.622261,0,
,,,0.622293,0,
,,,0.622325,0,
,,,0.622357,0.0195312476716936,
,,,0.622389,0,
,,,0.622421,0.0195312476716936,
,,,0.622453,0,
,,,0.622485,0,
,,,0.622517,0,
,,,0.622549,0,
,,,0.622581,0.0195312476716936,
,,,0.622613,0,
,,,0.622645,0.0195312476716936,
,,,0.622677,0.0195312476716936,
,,,0.622709,0,
,,,0.622741,0,
,,,0.622773,0,
,,,0.622805,0.0195312476716936,
,,,0.622837,0,
,,,0.622869,0,
,,,0.622901,0,
,,,0.622933,0,
,,,0.622965,0,
,,,0.622997,0.0195312476716936,
,,,0.623029,0.0195312476716936,
,,,0.623061,0,
,,,0.623093,0,
,,,0.623125,-0.0214843724388629,
,,,0.623157,0,
,,,0.623189,0,
,,,0.623221,0,
,,,0.623253,0,
,,,0.623285,0,
,,,0.623317,0,
,,,0.623349,0,
,,,0.623381,0,
,,,0.623413,0,
,,,0.623445,0.0195312476716936,
,,,0.623477,0.0195312476716936,
,,,0.623509,0,
,,,0.623541,-0.0214843724388629,
,,,0.623573,0,
,,,0.623605,0.0195312476716936,
,,,0.623637,0,
,,,0.623669,0.0195312476716936,
,,,0.623701,0,
,,,0.623733,0,
,,,0.623765,0.0195312476716936,
,,,0.623797,0,
,,,0.623829,0.0195312476716936,
,,,0.623861,0,
,,,0.623893,0.0195312476716936,
,,,0.623925,-0.0214843724388629,
,,,0.623957,0.0195312476716936,
,,,0.623989,0.0195312476716936,
,,,0.624021,0,
,,,0.624053,0,
,,,0.624085,0.0195312476716936,
,,,0.624117,0.0195312476716936,
,,,0.624149,0.0195312476716936,
,,,0.624181,0,
,,,0.624213,0.0195312476716936,
,,,0.624245,0.0195312476716936,
,,,0.624277,0.0195312476716936,
,,,0.624309,0,
,,,0.624341,0.0195312476716936,
,,,0.624373,0,
,,,0.624405,0.0195312476716936,
,,,0.624437,0.0195312476716936,
,,,0.624469,0,
,,,0.624501,0,
,,,0.624533,0.0195312476716936,
,,,0.624565,0,
,,,0.624597,0.0195312476716936,
,,,0.624629,0.0195312476716936,
,,,0.624661,0,
,,,0.624693,0,
,,,0.624725,0,
,,,0.624757,0,
,,,0.624789,0.0195312476716936,
,,,0.624821,0.0195312476716936,
,,,0.624853,0.0195312476716936,
,,,0.624885,0.0195312476716936,
,,,0.624917,0.0195312476716936,
,,,0.624949,0,
,,,0.624981,0,
,,,0.625013,0.0195312476716936,
,,,0.625045,0,
,,,0.625077,0.0195312476716936,
,,,0.625109,0.0195312476716936,
,,,0.625141,0.0195312476716936,
,,,0.625173,0.0390624953433871,
,,,0.625205,0.0195312476716936,
,,,0.625237,0.0195312476716936,
,,,0.625269,0.0195312476716936,
,,,0.625301,0.0195312476716936,
,,,0.625333,-0.0214843724388629,
,,,0.625365,0.0195312476716936,
,,,0.625397,0.0195312476716936,
,,,0.625429,0.0195312476716936,
,,,0.625461,0.0195312476716936,
,,,0.625493,0,
,,,0.625525,0,
,,,0.625557,0,
,,,0.625589,0.0195312476716936,
,,,0.625621,0.0195312476716936,
,,,0.625653,0.0195312476716936,
,,,0.625685,0.0195312476716936,
,,,0.625717,-0.0214843724388629,
,,,0.625749,0.0195312476716936,
,,,0.625781,0,
,,,0.625813,0,
,,,0.625845,0.0195312476716936,
,,,0.625877,0.0195312476716936,
,,,0.625909,0.0195312476716936,
,,,0.625941,0.0195312476716936,
,,,0.625973,0.0195312476716936,
,,,0.626005,0,
,,,0.626037,0,
,,,0.626069,0.0195312476716936,
,,,0.626101,0,
,,,0.626133,0.0195312476716936,
,,,0.626165,0.0195312476716936,
,,,0.626197,0,
,,,0.626229,0.0195312476716936,
,,,0.626261,0.0390624953433871,
,,,0.626293,0,
,,,0.626325,0.0195312476716936,
,,,0.626357,0,
,,,0.626389,0,
,,,0.626421,0.0195312476716936,
,,,0.626453,0.0195312476716936,
,,,0.626485,0,
,,,0.626517,0,
,,,0.626549,0.0195312476716936,
,,,0.626581,0,
,,,0.626613,0.0195312476716936,
,,,0.626645,0,
,,,0.626677,0.0195312476716936,
,,,0.626709,0.0195312476716936,
,,,0.626741,0,
,,,0.626773,0.0195312476716936,
,,,0.626805,0,
,,,0.626837,0,
,,,0.626869,0.0390624953433871,
,,,0.626901,0.0195312476716936,
,,,0.626933,0.0195312476716936,
,,,0.626965,0.0195312476716936,
,,,0.626997,0.0195312476716936,
,,,0.627029,0,
,,,0.627061,0,
,,,0.627093,0,
,,,0.627125,-0.0800781154539436,
,,,0.627157,0,
,,,0.627189,0,
,,,0.627221,0,
,,,0.627253,0.0390624953433871,
,,,0.627285,-0.101562487892807,
,,,0.627317,0,
,,,0.627349,0.0195312476716936,
,,,0.627381,0.0195312476716936,
,,,0.627413,0,
,,,0.627445,0,
,,,0.627477,0,
,,,0.627509,0,
,,,0.627541,0.0195312476716936,
,,,0.627573,0,
,,,0.627605,0.0390624953433871,
,,,0.627637,0.0195312476716936,
,,,0.627669,0.0195312476716936,
,,,0.627701,0,
,,,0.627733,0.0195312476716936,
,,,0.627765,0.0195312476716936,
,,,0.627797,0.0195312476716936,
,,,0.627829,0.0195312476716936,
,,,0.627861,0.0195312476716936,
,,,0.627893,0,
,,,0.627925,0.0195312476716936,
,,,0.627957,0,
,,,0.627989,0.0195312476716936,
,,,0.628021,0.0195312476716936,
,,,0.628053,0.0195312476716936,
,,,0.628085,0.0195312476716936,
,,,0.628117,0.0195312476716936,
,,,0.628149,0,
,,,0.628181,0.0195312476716936,
,,,0.628213,0,
,,,0.628245,0.0195312476716936,
,,,0.628277,0.0195312476716936,
,,,0.628309,0.0390624953433871,
,,,0.628341,0,
,,,0.628373,0,
,,,0.628405,0,
,,,0.628437,0,
,,,0.628469,0,
,,,0.628501,0.0195312476716936,
,,,0.628533,0,
,,,0.628565,0,
,,,0.628597,0.0195312476716936,
,,,0.628629,0,
,,,0.628661,0,
,,,0.628693,0,
,,,0.628725,0,
,,,0.628757,-0.0800781154539436,
,,,0.628789,0,
,,,0.628821,0,
,,,0.628853,0.0195312476716936,
,,,0.628885,0,
,,,0.628917,0.0195312476716936,
,,,0.628949,0.0390624953433871,
,,,0.628981,-0.0214843724388629,
,,,0.629013,-0.0214843724388629,
,,,0.629045,0.0195312476716936,
,,,0.629077,0,
,,,0.629109,0.0195312476716936,
,,,0.629141,0.0195312476716936,
,,,0.629173,0,
,,,0.629205,0,
,,,0.629237,0.0195312476716936,
,,,0.629269,0,
,,,0.629301,0,
,,,0.629333,0.0195312476716936,
,,,0.629365,0.0195312476716936,
,,,0.629397,0,
,,,0.629429,0,
,,,0.629461,-0.0214843724388629,
,,,0.629493,0,
,,,0.629525,0,
,,,0.629557,0,
,,,0.629589,0,
,,,0.629621,0.0195312476716936,
,,,0.629653,-0.0214843724388629,
,,,0.629685,0.0195312476716936,
,,,0.629717,0.0195312476716936,
,,,0.629749,0,
,,,0.629781,-0.0214843724388629,
,,,0.629813,0.0195312476716936,
,,,0.629845,0.0195312476716936,
,,,0.629877,0.0195312476716936,
,,,0.629909,0,
,,,0.629941,0.0195312476716936,
,,,0.629973,0.0195312476716936,
,,,0.630005,-0.0214843724388629,
,,,0.630037,0,
,,,0.630069,0,
,,,0.630101,0.0390624953433871,
,,,0.630133,0.0195312476716936,
,,,0.630165,0.0195312476716936,
,,,0.630197,0.0195312476716936,
,,,0.630229,0.0195312476716936,
,,,0.630261,0,
,,,0.630293,0.0195312476716936,
,,,0.630325,0,
,,,0.630357,0.0195312476716936,
,,,0.630389,0.0195312476716936,
,,,0.630421,0,
,,,0.630453,0.0195312476716936,
,,,0.630485,0.0390624953433871,
,,,0.630517,0.0195312476716936,
,,,0.630549,0.0195312476716936,
,,,0.630581,0.0195312476716936,
,,,0.630613,0.0195312476716936,
,,,0.630645,0.0195312476716936,
,,,0.630677,0.0195312476716936,
,,,0.630709,0,
,,,0.630741,0.0195312476716936,
,,,0.630773,-0.0214843724388629,
,,,0.630805,0.0195312476716936,
,,,0.630837,0.0195312476716936,
,,,0.630869,0.0195312476716936,
,,,0.630901,0.0195312476716936,
,,,0.630933,0,
,,,0.630965,-0.0214843724388629,
,,,0.630997,0,
,,,0.631029,0.0195312476716936,
,,,0.631061,0.0195312476716936,
,,,0.631093,0.0195312476716936,
,,,0.631125,0.0195312476716936,
,,,0.631157,0.0195312476716936,
,,,0.631189,0.0195312476716936,
,,,0.631221,0.0195312476716936,
,,,0.631253,0.0195312476716936,
,,,0.631285,0,
,,,0.631317,0.0195312476716936,
,,,0.631349,0,
,,,0.631381,0.0195312476716936,
,,,0.631413,0.0195312476716936,
,,,0.631445,0,
,,,0.631477,0,
,,,0.631509,0,
,,,0.631541,0,
,,,0.631573,0,
,,,0.631605,0,
,,,0.631637,0,
,,,0.631669,0,
,,,0.631701,0.0195312476716936,
,,,0.631733,0.0195312476716936,
,,,0.631765,0,
,,,0.631797,0.0195312476716936,
,,,0.631829,0,
,,,0.631861,0.0195312476716936,
,,,0.631893,0,
,,,0.631925,0,
,,,0.631957,0,
,,,0.631989,0,
,,,0.632021,0,
,,,0.632053,0,
,,,0.632085,0,
,,,0.632117,0,
,,,0.632149,0.0195312476716936,
,,,0.632181,0.0195312476716936,
,,,0.632213,0.0195312476716936,
,,,0.632245,0,
,,,0.632277,0.0195312476716936,
,,,0.632309,0.0195312476716936,
,,,0.632341,0.0195312476716936,
,,,0.632373,0.0195312476716936,
,,,0.632405,0,
,,,0.632437,0.0195312476716936,
,,,0.632469,0,
,,,0.632501,0,
,,,0.632533,0.0195312476716936,
,,,0.632565,0,
,,,0.632597,0,
,,,0.632629,0.0390624953433871,
,,,0.632661,0,
,,,0.632693,0,
,,,0.632725,0.0195312476716936,
,,,0.632757,0.0195312476716936,
,,,0.632789,0.0195312476716936,
,,,0.632821,0,
,,,0.632853,0.0195312476716936,
,,,0.632885,0.0195312476716936,
,,,0.632917,0,
,,,0.632949,0,
,,,0.632981,0.0195312476716936,
,,,0.633013,0.0195312476716936,
,,,0.633045,0,
,,,0.633077,0.0195312476716936,
,,,0.633109,0,
,,,0.633141,0,
,,,0.633173,0,
,,,0.633205,0,
,,,0.633237,0,
,,,0.633269,0.0195312476716936,
,,,0.633301,0,
,,,0.633333,0.0195312476716936,
,,,0.633365,0.0195312476716936,
,,,0.633397,0.0390624953433871,
,,,0.633429,0.0195312476716936,
,,,0.633461,0.0195312476716936,
,,,0.633493,0,
,,,0.633525,0.0195312476716936,
,,,0.633557,0.0195312476716936,
,,,0.633589,0,
,,,0.633621,0.0195312476716936,
,,,0.633653,0,
,,,0.633685,0,
,,,0.633717,0,
,,,0.633749,0.0195312476716936,
,,,0.633781,0.0195312476716936,
,,,0.633813,-0.0214843724388629,
,,,0.633845,0,
,,,0.633877,0.0195312476716936,
,,,0.633909,0.0195312476716936,
,,,0.633941,0,
,,,0.633973,0,
,,,0.634005,0,
,,,0.634037,0.0195312476716936,
,,,0.634069,0.0195312476716936,
,,,0.634101,0.0195312476716936,
,,,0.634133,-0.0214843724388629,
,,,0.634165,0.0195312476716936,
,,,0.634197,-0.0410156201105565,
,,,0.634229,0,
,,,0.634261,0.0195312476716936,
,,,0.634293,0.0390624953433871,
,,,0.634325,0.0195312476716936,
,,,0.634357,0.0195312476716936,
,,,0.634389,0.0195312476716936,
,,,0.634421,0.0390624953433871,
,,,0.634453,0,
,,,0.634485,0.0195312476716936,
,,,0.634517,0.0195312476716936,
,,,0.634549,0.0195312476716936,
,,,0.634581,0.0195312476716936,
,,,0.634613,0,
,,,0.634645,0,
,,,0.634677,0.0195312476716936,
,,,0.634709,0.0195312476716936,
,,,0.634741,0.0195312476716936,
,,,0.634773,0.0195312476716936,
,,,0.634805,0.0195312476716936,
,,,0.634837,0.0195312476716936,
,,,0.634869,0,
,,,0.634901,0.0195312476716936,
,,,0.634933,0,
,,,0.634965,-0.0214843724388629,
,,,0.634997,0,
,,,0.635029,0.0195312476716936,
,,,0.635061,0.0195312476716936,
,,,0.635093,0.0195312476716936,
,,,0.635125,0,
,,,0.635157,0.0195312476716936,
,,,0.635189,0,
,,,0.635221,0,
,,,0.635253,0.0195312476716936,
,,,0.635285,0,
,,,0.635317,0.0195312476716936,
,,,0.635349,0.0195312476716936,
,,,0.635381,0.0195312476716936,
,,,0.635413,-0.0410156201105565,
,,,0.635445,0,
,,,0.635477,0.0195312476716936,
,,,0.635509,0,
,,,0.635541,0.0195312476716936,
,,,0.635573,0.0195312476716936,
,,,0.635605,0,
,,,0.635637,0.0195312476716936,
,,,0.635669,0.0195312476716936,
,,,0.635701,0.0390624953433871,
,,,0.635733,0,
,,,0.635765,0,
,,,0.635797,0.0195312476716936,
,,,0.635829,0,
,,,0.635861,0.0195312476716936,
,,,0.635893,0.0390624953433871,
,,,0.635925,0.0195312476716936,
,,,0.635957,0.0195312476716936,
,,,0.635989,0.0390624953433871,
,,,0.636021,0.0195312476716936,
,,,0.636053,0,
,,,0.636085,0.0195312476716936,
,,,0.636117,0.0195312476716936,
,,,0.636149,0,
,,,0.636181,0.0195312476716936,
,,,0.636213,0,
,,,0.636245,0.0195312476716936,
,,,0.636277,0.0195312476716936,
,,,0.636309,0.0195312476716936,
,,,0.636341,0.0195312476716936,
,,,0.636373,0.0195312476716936,
,,,0.636405,0,
,,,0.636437,0,
,,,0.636469,0.0195312476716936,
,,,0.636501,-0.0800781154539436,
,,,0.636533,0,
,,,0.636565,0.0195312476716936,
,,,0.636597,0,
,,,0.636629,0.0195312476716936,
,,,0.636661,0.0195312476716936,
,,,0.636693,0.0195312476716936,
,,,0.636725,0.0195312476716936,
,,,0.636757,0.0195312476716936,
,,,0.636789,0.0195312476716936,
,,,0.636821,0,
,,,0.636853,0,
,,,0.636885,0,
,,,0.636917,0.0195312476716936,
,,,0.636949,0,
,,,0.636981,0,
,,,0.637013,0.0195312476716936,
,,,0.637045,0.0195312476716936,
,,,0.637077,0.0195312476716936,
,,,0.637109,0.0195312476716936,
,,,0.637141,0.0195312476716936,
,,,0.637173,0.0390624953433871,
,,,0.637205,0.0195312476716936,
,,,0.637237,0,
,,,0.637269,0,
,,,0.637301,0,
,,,0.637333,0.0195312476716936,
,,,0.637365,-0.0214843724388629,
,,,0.637397,0.0195312476716936,
,,,0.637429,0.0195312476716936,
,,,0.637461,0,
,,,0.637493,0.0195312476716936,
,,,0.637525,0,
,,,0.637557,0.0195312476716936,
,,,0.637589,0.0195312476716936,
,,,0.637621,0.0390624953433871,
,,,0.637653,0.0195312476716936,
,,,0.637685,0.0195312476716936,
,,,0.637717,0,
,,,0.637749,0.0195312476716936,
,,,0.637781,0,
,,,0.637813,-0.0214843724388629,
,,,0.637845,-0.0214843724388629,
,,,0.637877,0,
,,,0.637909,0.0195312476716936,
,,,0.637941,0,
,,,0.637973,0.0390624953433871,
,,,0.638005,0.0195312476716936,
,,,0.638037,0,
,,,0.638069,0,
,,,0.638101,0,
,,,0.638133,0.0390624953433871,
,,,0.638165,-0.0214843724388629,
,,,0.638197,0.0195312476716936,
,,,0.638229,-0.0410156201105565,
,,,0.638261,0.0390624953433871,
,,,0.638293,0.0195312476716936,
,,,0.638325,0,
,,,0.638357,0,
,,,0.638389,-0.0214843724388629,
,,,0.638421,0,
,,,0.638453,0,
,,,0.638485,0.0195312476716936,
,,,0.638517,0,
,,,0.638549,0.0195312476716936,
,,,0.638581,0.0195312476716936,
,,,0.638613,0.0390624953433871,
,,,0.638645,0,
,,,0.638677,0.0195312476716936,
,,,0.638709,0.0195312476716936,
,,,0.638741,0,
,,,0.638773,-0.0410156201105565,
,,,0.638805,0.0195312476716936,
,,,0.638837,0,
,,,0.638869,-0.0214843724388629,
,,,0.638901,0,
,,,0.638933,0.0195312476716936,
,,,0.638965,-0.0214843724388629,
,,,0.638997,-0.0410156201105565,
,,,0.639029,0,
,,,0.639061,0,
,,,0.639093,0.0195312476716936,
,,,0.639125,0.0195312476716936,
,,,0.639157,0.0195312476716936,
,,,0.639189,0,
,,,0.639221,0.0195312476716936,
,,,0.639253,0,
,,,0.639285,0,
,,,0.639317,0.0195312476716936,
,,,0.639349,0.0195312476716936,
,,,0.639381,0,
,,,0.639413,-0.0214843724388629,
,,,0.639445,0,
,,,0.639477,0.0195312476716936,
,,,0.639509,0,
,,,0.639541,0.0195312476716936,
,,,0.639573,0,
,,,0.639605,0.0195312476716936,
,,,0.639637,0,
,,,0.639669,0.0195312476716936,
,,,0.639701,0,
,,,0.639733,0,
,,,0.639765,0,
,,,0.639797,0.0195312476716936,
,,,0.639829,-0.0214843724388629,
,,,0.639861,0,
,,,0.639893,0,
,,,0.639925,0,
,,,0.639957,0,
,,,0.639989,0.0195312476716936,
,,,0.640021,0,
,,,0.640053,0,
,,,0.640085,0,
,,,0.640117,0,
,,,0.640149,0,
,,,0.640181,0,
,,,0.640213,0,
,,,0.640245,0,
,,,0.640277,0.0195312476716936,
,,,0.640309,0.0195312476716936,
,,,0.640341,0.0195312476716936,
,,,0.640373,0,
,,,0.640405,0,
,,,0.640437,0,
,,,0.640469,0.0195312476716936,
,,,0.640501,-0.0214843724388629,
,,,0.640533,0.0195312476716936,
,,,0.640565,0.0195312476716936,
,,,0.640597,0,
,,,0.640629,0,
,,,0.640661,0.0195312476716936,
,,,0.640693,0,
,,,0.640725,0.0195312476716936,
,,,0.640757,0.0195312476716936,
,,,0.640789,0,
,,,0.640821,0,
,,,0.640853,0.0195312476716936,
,,,0.640885,0.0195312476716936,
,,,0.640917,-0.0214843724388629,
,,,0.640949,0.0195312476716936,
,,,0.640981,0,
,,,0.641013,0,
,,,0.641045,0.0195312476716936,
,,,0.641077,0.0195312476716936,
,,,0.641109,0.0195312476716936,
,,,0.641141,0,
,,,0.641173,0.0195312476716936,
,,,0.641205,0.0195312476716936,
,,,0.641237,0.0195312476716936,
,,,0.641269,0,
,,,0.641301,0,
,,,0.641333,0,
,,,0.641365,0,
,,,0.641397,0.0195312476716936,
,,,0.641429,0,
,,,0.641461,0.0195312476716936,
,,,0.641493,0.0195312476716936,
,,,0.641525,0,
,,,0.641557,0.0195312476716936,
,,,0.641589,0,
,,,0.641621,0,
,,,0.641653,0.0195312476716936,
,,,0.641685,0.0195312476716936,
,,,0.641717,0.0195312476716936,
,,,0.641749,0,
,,,0.641781,0,
,,,0.641813,0,
,,,0.641845,0.0195312476716936,
,,,0.641877,0,
,,,0.641909,0,
,,,0.641941,0.0195312476716936,
,,,0.641973,0,
,,,0.642005,0,
,,,0.642037,0.0195312476716936,
,,,0.642069,0,
,,,0.642101,0,
,,,0.642133,0,
,,,0.642165,0.0585937430150807,
,,,0.642197,0.0585937430150807,
,,,0.642229,0,
,,,0.642261,0,
,,,0.642293,0.0195312476716936,
,,,0.642325,0.0195312476716936,
,,,0.642357,0,
,,,0.642389,0.0195312476716936,
,,,0.642421,0,
,,,0.642453,0.0195312476716936,
,,,0.642485,0.0195312476716936,
,,,0.642517,0.0195312476716936,
,,,0.642549,0,
,,,0.642581,0,
,,,0.642613,0.0195312476716936,
,,,0.642645,0.0195312476716936,
,,,0.642677,-0.0214843724388629,
,,,0.642709,0.0195312476716936,
,,,0.642741,0,
,,,0.642773,0.0195312476716936,
,,,0.642805,0,
,,,0.642837,0.0195312476716936,
,,,0.642869,0.0195312476716936,
,,,0.642901,0,
,,,0.642933,0.0195312476716936,
,,,0.642965,0.0390624953433871,
,,,0.642997,0.0195312476716936,
,,,0.643029,0.0195312476716936,
,,,0.643061,0.0195312476716936,
,,,0.643093,0,
,,,0.643125,0,
,,,0.643157,0.0195312476716936,
,,,0.643189,0,
,,,0.643221,0.0195312476716936,
,,,0.643253,0,
,,,0.643285,0.0390624953433871,
,,,0.643317,0.0390624953433871,
,,,0.643349,0.0195312476716936,
,,,0.643381,0,
,,,0.643413,0,
,,,0.643445,0.0195312476716936,
,,,0.643477,0,
,,,0.643509,0.0195312476716936,
,,,0.643541,0.0195312476716936,
,,,0.643573,0,
,,,0.643605,0.0195312476716936,
,,,0.643637,0,
,,,0.643669,0.0195312476716936,
,,,0.643701,0.0195312476716936,
,,,0.643733,0.0195312476716936,
,,,0.643765,0.0195312476716936,
,,,0.643797,0.0195312476716936,
,,,0.643829,0,
,,,0.643861,0.0195312476716936,
,,,0.643893,0,
,,,0.643925,0,
,,,0.643957,0.0195312476716936,
,,,0.643989,0.0195312476716936,
,,,0.644021,0.0195312476716936,
,,,0.644053,0,
,,,0.644085,0,
,,,0.644117,-0.0214843724388629,
,,,0.644149,-0.06054686778225,
,,,0.644181,0.0195312476716936,
,,,0.644213,0,
,,,0.644245,0.0390624953433871,
,,,0.644277,0,
,,,0.644309,0.0195312476716936,
,,,0.644341,0,
,,,0.644373,0.0195312476716936,
,,,0.644405,0,
,,,0.644437,0,
,,,0.644469,0,
,,,0.644501,0,
,,,0.644533,0.0195312476716936,
,,,0.644565,0,
,,,0.644597,0,
,,,0.644629,-0.0214843724388629,
,,,0.644661,0,
,,,0.644693,0,
,,,0.644725,0,
,,,0.644757,0,
,,,0.644789,0.0195312476716936,
,,,0.644821,0,
,,,0.644853,0,
,,,0.644885,0.0195312476716936,
,,,0.644917,0.0195312476716936,
,,,0.644949,0,
,,,0.644981,0,
,,,0.645013,0.0195312476716936,
,,,0.645045,-0.0214843724388629,
,,,0.645077,0,
,,,0.645109,0,
,,,0.645141,0,
,,,0.645173,0,
,,,0.645205,0,
,,,0.645237,0.0195312476716936,
,,,0.645269,0,
,,,0.645301,-0.0214843724388629,
,,,0.645333,0,
,,,0.645365,0.0195312476716936,
,,,0.645397,0,
,,,0.645429,0,
,,,0.645461,0.0195312476716936,
,,,0.645493,0,
,,,0.645525,0.0195312476716936,
,,,0.645557,0,
,,,0.645589,0.0195312476716936,
,,,0.645621,0,
,,,0.645653,0,
,,,0.645685,-0.0214843724388629,
,,,0.645717,0,
,,,0.645749,-0.0214843724388629,
,,,0.645781,0.0195312476716936,
,,,0.645813,0.0195312476716936,
,,,0.645845,0,
,,,0.645877,0,
,,,0.645909,0,
,,,0.645941,0,
,,,0.645973,-0.0214843724388629,
,,,0.646005,0,
,,,0.646037,0.0195312476716936,
,,,0.646069,0,
,,,0.646101,0,
,,,0.646133,0,
,,,0.646165,0.0195312476716936,
,,,0.646197,0.0195312476716936,
,,,0.646229,0,
,,,0.646261,0.0195312476716936,
,,,0.646293,0.0195312476716936,
,,,0.646325,0,
,,,0.646357,-0.0214843724388629,
,,,0.646389,0.0195312476716936,
,,,0.646421,0,
,,,0.646453,0.0195312476716936,
,,,0.646485,0.0195312476716936,
,,,0.646517,0.0195312476716936,
,,,0.646549,0.0195312476716936,
,,,0.646581,0.0195312476716936,
,,,0.646613,0,
,,,0.646645,0,
,,,0.646677,0.0195312476716936,
,,,0.646709,0.0195312476716936,
,,,0.646741,-0.0214843724388629,
,,,0.646773,0.0195312476716936,
,,,0.646805,-0.0214843724388629,
,,,0.646837,0.0195312476716936,
,,,0.646869,-0.0214843724388629,
,,,0.646901,0.0195312476716936,
,,,0.646933,0.0195312476716936,
,,,0.646965,0,
,,,0.646997,0.0195312476716936,
,,,0.647029,-0.0214843724388629,
,,,0.647061,0.0390624953433871,
,,,0.647093,0,
,,,0.647125,0.0195312476716936,
,,,0.647157,0,
,,,0.647189,0.0195312476716936,
,,,0.647221,0.0195312476716936,
,,,0.647253,0,
,,,0.647285,0.0195312476716936,
,,,0.647317,-0.0214843724388629,
,,,0.647349,0,
,,,0.647381,0,
,,,0.647413,0.0390624953433871,
,,,0.647445,0.0195312476716936,
,,,0.647477,0.0195312476716936,
,,,0.647509,0,
,,,0.647541,0.0195312476716936,
,,,0.647573,0.0195312476716936,
,,,0.647605,0.0195312476716936,
,,,0.647637,0.0195312476716936,
,,,0.647669,0.0195312476716936,
,,,0.647701,0.0195312476716936,
,,,0.647733,0.0195312476716936,
,,,0.647765,0.0195312476716936,
,,,0.647797,-0.0214843724388629,
,,,0.647829,0.0195312476716936,
,,,0.647861,-0.0214843724388629,
,,,0.647893,0,
,,,0.647925,0.0195312476716936,
,,,0.647957,0.0195312476716936,
,,,0.647989,0,
,,,0.648021,0.0195312476716936,
,,,0.648053,0,
,,,0.648085,0.0195312476716936,
,,,0.648117,0,
,,,0.648149,0,
,,,0.648181,0,
,,,0.648213,0.0195312476716936,
,,,0.648245,0,
,,,0.648277,0.0390624953433871,
,,,0.648309,0,
,,,0.648341,0.0195312476716936,
,,,0.648373,-0.0214843724388629,
,,,0.648405,0.0195312476716936,
,,,0.648437,0.0195312476716936,
,,,0.648469,0.0195312476716936,
,,,0.648501,0,
,,,0.648533,0.0195312476716936,
,,,0.648565,0,
,,,0.648597,0,
,,,0.648629,0.0195312476716936,
,,,0.648661,0,
,,,0.648693,-0.0214843724388629,
,,,0.648725,0,
,,,0.648757,0.0195312476716936,
,,,0.648789,0,
,,,0.648821,0,
,,,0.648853,0.0195312476716936,
,,,0.648885,0.0195312476716936,
,,,0.648917,0.0195312476716936,
,,,0.648949,0,
,,,0.648981,0,
,,,0.649013,0.0195312476716936,
,,,0.649045,0.0195312476716936,
,,,0.649077,0.0195312476716936,
,,,0.649109,0,
,,,0.649141,0.0195312476716936,
,,,0.649173,0.0195312476716936,
,,,0.649205,0.0195312476716936,
,,,0.649237,0.0195312476716936,
,,,0.649269,0.0195312476716936,
,,,0.649301,0,
,,,0.649333,0.0195312476716936,
,,,0.649365,0.0195312476716936,
,,,0.649397,0.0195312476716936,
,,,0.649429,0.0195312476716936,
,,,0.649461,0,
,,,0.649493,0,
,,,0.649525,0,
,,,0.649557,0,
,,,0.649589,-0.0214843724388629,
,,,0.649621,0.0195312476716936,
,,,0.649653,0.0195312476716936,
,,,0.649685,0.0195312476716936,
,,,0.649717,0,
,,,0.649749,0.0195312476716936,
,,,0.649781,0.0195312476716936,
,,,0.649813,0.0195312476716936,
,,,0.649845,0.0195312476716936,
,,,0.649877,0,
,,,0.649909,0.0195312476716936,
,,,0.649941,0.0195312476716936,
,,,0.649973,0.0195312476716936,
,,,0.650005,0.0195312476716936,
,,,0.650037,0,
,,,0.650069,0.0195312476716936,
,,,0.650101,0.0195312476716936,
,,,0.650133,0,
,,,0.650165,0.0195312476716936,
,,,0.650197,0.0195312476716936,
,,,0.650229,0,
,,,0.650261,0.0195312476716936,
,,,0.650293,0.0195312476716936,
,,,0.650325,0.0195312476716936,
,,,0.650357,0,
,,,0.650389,0,
,,,0.650421,0,
,,,0.650453,0.0195312476716936,
,,,0.650485,0,
,,,0.650517,0,
,,,0.650549,0.0195312476716936,
,,,0.650581,0,
,,,0.650613,0.0195312476716936,
,,,0.650645,0.0195312476716936,
,,,0.650677,0.0195312476716936,
,,,0.650709,0.0195312476716936,
,,,0.650741,0.0195312476716936,
,,,0.650773,0.0195312476716936,
,,,0.650805,0,
,,,0.650837,0.0195312476716936,
,,,0.650869,0.0195312476716936,
,,,0.650901,0.0390624953433871,
,,,0.650933,0.0195312476716936,
,,,0.650965,0.0195312476716936,
,,,0.650997,0,
,,,0.651029,0,
,,,0.651061,0,
,,,0.651093,0.0390624953433871,
,,,0.651125,0.0195312476716936,
,,,0.651157,0.0195312476716936,
,,,0.651189,0,
,,,0.651221,0,
,,,0.651253,0.0195312476716936,
,,,0.651285,0.0195312476716936,
,,,0.651317,0,
,,,0.651349,0,
,,,0.651381,0.0195312476716936,
,,,0.651413,0.0195312476716936,
,,,0.651445,0.0195312476716936,
,,,0.651477,0,
,,,0.651509,0.0195312476716936,
,,,0.651541,0,
,,,0.651573,0.0195312476716936,
,,,0.651605,0.0195312476716936,
,,,0.651637,0.0195312476716936,
,,,0.651669,0.0195312476716936,
,,,0.651701,0,
,,,0.651733,0,
,,,0.651765,0,
,,,0.651797,0,
,,,0.651829,-0.0214843724388629,
,,,0.651861,0,
,,,0.651893,0.0195312476716936,
,,,0.651925,0.0195312476716936,
,,,0.651957,0.0195312476716936,
,,,0.651989,0.0195312476716936,
,,,0.652021,0.0390624953433871,
,,,0.652053,0,
,,,0.652085,0,
,,,0.652117,0.0195312476716936,
,,,0.652149,0.0195312476716936,
,,,0.652181,-0.0214843724388629,
,,,0.652213,0.0195312476716936,
,,,0.652245,0,
,,,0.652277,0.0195312476716936,
,,,0.652309,0.0390624953433871,
,,,0.652341,0.0195312476716936,
,,,0.652373,0.0195312476716936,
,,,0.652405,0.0195312476716936,
,,,0.652437,0.0195312476716936,
,,,0.652469,0,
,,,0.652501,0,
,,,0.652533,0,
,,,0.652565,0,
,,,0.652597,0.0195312476716936,
,,,0.652629,0.0195312476716936,
,,,0.652661,0,
,,,0.652693,0,
,,,0.652725,0.0195312476716936,
,,,0.652757,0,
,,,0.652789,0.0195312476716936,
,,,0.652821,0.0195312476716936,
,,,0.652853,0.0195312476716936,
,,,0.652885,0,
,,,0.652917,0.0195312476716936,
,,,0.652949,0.0195312476716936,
,,,0.652981,0.0195312476716936,
,,,0.653013,0.0390624953433871,
,,,0.653045,0.0195312476716936,
,,,0.653077,0.0195312476716936,
,,,0.653109,0.0195312476716936,
,,,0.653141,0.0390624953433871,
,,,0.653173,0.0195312476716936,
,,,0.653205,0.0195312476716936,
,,,0.653237,0.0195312476716936,
,,,0.653269,0.0195312476716936,
,,,0.653301,0.0195312476716936,
,,,0.653333,0.0195312476716936,
,,,0.653365,0,
,,,0.653397,-0.0214843724388629,
,,,0.653429,0,
,,,0.653461,-0.0214843724388629,
,,,0.653493,0.0195312476716936,
,,,0.653525,0.0195312476716936,
,,,0.653557,0.0585937430150807,
,,,0.653589,0.0195312476716936,
,,,0.653621,0.0390624953433871,
,,,0.653653,0.0195312476716936,
,,,0.653685,0.0390624953433871,
,,,0.653717,0,
,,,0.653749,0.0195312476716936,
,,,0.653781,0,
,,,0.653813,0,
,,,0.653845,-0.0214843724388629,
,,,0.653877,0,
,,,0.653909,0,
,,,0.653941,0,
,,,0.653973,0,
,,,0.654005,0,
,,,0.654037,0,
,,,0.654069,0,
,,,0.654101,0,
,,,0.654133,0.0195312476716936,
,,,0.654165,0.0195312476716936,
,,,0.654197,0.0195312476716936,
,,,0.654229,0.0195312476716936,
,,,0.654261,0.0195312476716936,
,,,0.654293,0.0195312476716936,
,,,0.654325,0.0195312476716936,
,,,0.654357,0.0195312476716936,
,,,0.654389,0,
,,,0.654421,-0.0214843724388629,
,,,0.654453,0.0195312476716936,
,,,0.654485,0,
,,,0.654517,0,
,,,0.654549,0.0195312476716936,
,,,0.654581,0,
,,,0.654613,0,
,,,0.654645,0,
,,,0.654677,0,
,,,0.654709,0.0195312476716936,
,,,0.654741,0.0195312476716936,
,,,0.654773,0,
,,,0.654805,-0.0214843724388629,
,,,0.654837,0,
,,,0.654869,0,
,,,0.654901,0.0195312476716936,
,,,0.654933,0.0195312476716936,
,,,0.654965,0.0195312476716936,
,,,0.654997,0,
,,,0.655029,0,
,,,0.655061,0.0195312476716936,
,,,0.655093,0.0195312476716936,
,,,0.655125,0,
,,,0.655157,0,
,,,0.655189,0,
,,,0.655221,0.0195312476716936,
,,,0.655253,0,
,,,0.655285,0.0195312476716936,
,,,0.655317,0,
,,,0.655349,-0.0214843724388629,
,,,0.655381,0,
,,,0.655413,0.0195312476716936,
,,,0.655445,-0.0214843724388629,
,,,0.655477,0,
,,,0.655509,-0.0214843724388629,
,,,0.655541,0,
,,,0.655573,0,
,,,0.655605,-0.0214843724388629,
,,,0.655637,0.0195312476716936,
,,,0.655669,0,
,,,0.655701,0.0390624953433871,
,,,0.655733,0,
,,,0.655765,0.0195312476716936,
,,,0.655797,0,
,,,0.655829,0,
,,,0.655861,0,
,,,0.655893,0,
,,,0.655925,0,
,,,0.655957,0.0195312476716936,
,,,0.655989,0,
,,,0.656021,0.0195312476716936,
,,,0.656053,0,
,,,0.656085,0,
,,,0.656117,0.0195312476716936,
,,,0.656149,0,
,,,0.656181,-0.0214843724388629,
,,,0.656213,0,
,,,0.656245,0,
,,,0.656277,0,
,,,0.656309,0.0195312476716936,
,,,0.656341,0.0195312476716936,
,,,0.656373,0,
,,,0.656405,0,
,,,0.656437,0,
,,,0.656469,0,
,,,0.656501,0,
,,,0.656533,0,
,,,0.656565,0,
,,,0.656597,0,
,,,0.656629,0.0195312476716936,
,,,0.656661,0.0195312476716936,
,,,0.656693,0,
,,,0.656725,0,
,,,0.656757,0,
,,,0.656789,0,
,,,0.656821,0.0195312476716936,
,,,0.656853,0,
,,,0.656885,0,
,,,0.656917,0,
,,,0.656949,0,
,,,0.656981,0.0195312476716936,
,,,0.657013,0.0195312476716936,
,,,0.657045,-0.0214843724388629,
,,,0.657077,0.0195312476716936,
,,,0.657109,0,
,,,0.657141,0,
,,,0.657173,0,
,,,0.657205,0,
,,,0.657237,0.0195312476716936,
,,,0.657269,0.0195312476716936,
,,,0.657301,0,
,,,0.657333,0,
,,,0.657365,0,
,,,0.657397,0.0195312476716936,
,,,0.657429,0.0195312476716936,
,,,0.657461,-0.0214843724388629,
,,,0.657493,0,
,,,0.657525,0,
,,,0.657557,0,
,,,0.657589,0.0195312476716936,
,,,0.657621,0.0195312476716936,
,,,0.657653,0.0195312476716936,
,,,0.657685,0.0195312476716936,
,,,0.657717,0.0195312476716936,
,,,0.657749,0,
,,,0.657781,0.0195312476716936,
,,,0.657813,0.0195312476716936,
,,,0.657845,0.0195312476716936,
,,,0.657877,0.0195312476716936,
,,,0.657909,0,
,,,0.657941,0.0195312476716936,
,,,0.657973,0,
,,,0.658005,0,
,,,0.658037,0,
,,,0.658069,0,
,,,0.658101,0.0195312476716936,
,,,0.658133,0.0195312476716936,
,,,0.658165,0.0195312476716936,
,,,0.658197,0,
,,,0.658229,0,
,,,0.658261,0.0195312476716936,
,,,0.658293,0,
,,,0.658325,0.0390624953433871,
,,,0.658357,0,
,,,0.658389,-0.0214843724388629,
,,,0.658421,-0.0214843724388629,
,,,0.658453,0.0195312476716936,
,,,0.658485,0,
,,,0.658517,0.0195312476716936,
,,,0.658549,0.0195312476716936,
,,,0.658581,0,
,,,0.658613,0.0585937430150807,
,,,0.658645,-0.06054686778225,
,,,0.658677,0.0195312476716936,
,,,0.658709,0,
,,,0.658741,0.0195312476716936,
,,,0.658773,-0.0214843724388629,
,,,0.658805,0.0195312476716936,
,,,0.658837,0.0390624953433871,
,,,0.658869,0,
,,,0.658901,0,
,,,0.658933,0,
,,,0.658965,0.0195312476716936,
,,,0.658997,0.0195312476716936,
,,,0.659029,0.0195312476716936,
,,,0.659061,0,
,,,0.659093,0.0195312476716936,
,,,0.659125,0.0195312476716936,
,,,0.659157,0,
,,,0.659189,0.0195312476716936,
,,,0.659221,0,
,,,0.659253,0.0195312476716936,
,,,0.659285,0.0390624953433871,
,,,0.659317,0,
,,,0.659349,0,
,,,0.659381,0.0195312476716936,
,,,0.659413,0,
,,,0.659445,0,
,,,0.659477,0.0195312476716936,
,,,0.659509,0.0390624953433871,
,,,0.659541,0.0195312476716936,
,,,0.659573,0,
,,,0.659605,0.0195312476716936,
,,,0.659637,0.0195312476716936,
,,,0.659669,0.0195312476716936,
,,,0.659701,-0.101562487892807,
,,,0.659733,0.0195312476716936,
,,,0.659765,0,
,,,0.659797,0,
,,,0.659829,-0.0214843724388629,
,,,0.659861,0.0195312476716936,
,,,0.659893,0.0195312476716936,
,,,0.659925,0.0195312476716936,
,,,0.659957,0.0195312476716936,
,,,0.659989,0,
,,,0.660021,0,
,,,0.660053,0.0195312476716936,
,,,0.660085,0,
,,,0.660117,-0.0214843724388629,
,,,0.660149,0,
,,,0.660181,0.0195312476716936,
,,,0.660213,0,
,,,0.660245,0.0195312476716936,
,,,0.660277,0.0195312476716936,
,,,0.660309,-0.0214843724388629,
,,,0.660341,0,
,,,0.660373,0.0195312476716936,
,,,0.660405,0,
,,,0.660437,0.0195312476716936,
,,,0.660469,0.0195312476716936,
,,,0.660501,0,
,,,0.660533,0,
,,,0.660565,0.0195312476716936,
,,,0.660597,0.0195312476716936,
,,,0.660629,0,
,,,0.660661,0,
,,,0.660693,0,
,,,0.660725,0.0195312476716936,
,,,0.660757,0,
,,,0.660789,0,
,,,0.660821,0.0195312476716936,
,,,0.660853,0.0195312476716936,
,,,0.660885,0.0195312476716936,
,,,0.660917,0.0195312476716936,
,,,0.660949,0,
,,,0.660981,0,
,,,0.661013,0,
,,,0.661045,0.0585937430150807,
,,,0.661077,0,
,,,0.661109,0.0195312476716936,
,,,0.661141,0,
,,,0.661173,0,
,,,0.661205,0.0195312476716936,
,,,0.661237,0.0195312476716936,
,,,0.661269,0,
,,,0.661301,0,
,,,0.661333,0.0195312476716936,
,,,0.661365,0,
,,,0.661397,0,
,,,0.661429,0,
,,,0.661461,-0.0410156201105565,
,,,0.661493,0.0195312476716936,
,,,0.661525,0,
,,,0.661557,0,
,,,0.661589,-0.0214843724388629,
,,,0.661621,0,
,,,0.661653,0,
,,,0.661685,0,
,,,0.661717,0,
,,,0.661749,0.0195312476716936,
,,,0.661781,0,
,,,0.661813,0,
,,,0.661845,0,
,,,0.661877,0,
,,,0.661909,0,
,,,0.661941,0.0195312476716936,
,,,0.661973,0.0195312476716936,
,,,0.662005,0,
,,,0.662037,0,
,,,0.662069,0,
,,,0.662101,-0.0214843724388629,
,,,0.662133,0.0195312476716936,
,,,0.662165,0,
,,,0.662197,0.0195312476716936,
,,,0.662229,0,
,,,0.662261,0,
,,,0.662293,0.0195312476716936,
,,,0.662325,0,
,,,0.662357,0,
,,,0.662389,0,
,,,0.662421,0.0195312476716936,
,,,0.662453,0,
,,,0.662485,0,
,,,0.662517,0,
,,,0.662549,0.0195312476716936,
,,,0.662581,0,
,,,0.662613,0.0195312476716936,
,,,0.662645,0,
,,,0.662677,0,
,,,0.662709,0.0195312476716936,
,,,0.662741,0.0195312476716936,
,,,0.662773,0,
,,,0.662805,0,
,,,0.662837,0.0195312476716936,
,,,0.662869,0.0195312476716936,
,,,0.662901,0,
,,,0.662933,0.0390624953433871,
,,,0.662965,0,
,,,0.662997,0.0195312476716936,
,,,0.663029,0.0390624953433871,
,,,0.663061,0,
,,,0.663093,0.0195312476716936,
,,,0.663125,0.0195312476716936,
,,,0.663157,0,
,,,0.663189,0.0195312476716936,
,,,0.663221,0,
,,,0.663253,0.0195312476716936,
,,,0.663285,0.0195312476716936,
,,,0.663317,0,
,,,0.663349,-0.0214843724388629,
,,,0.663381,0.0195312476716936,
,,,0.663413,0.0195312476716936,
,,,0.663445,0.0195312476716936,
,,,0.663477,0,
,,,0.663509,0,
,,,0.663541,0.0195312476716936,
,,,0.663573,0,
,,,0.663605,0.0195312476716936,
,,,0.663637,0.0195312476716936,
,,,0.663669,0,
,,,0.663701,0,
,,,0.663733,0.0390624953433871,
,,,0.663765,0.0195312476716936,
,,,0.663797,0.0390624953433871,
,,,0.663829,0,
,,,0.663861,0,
,,,0.663893,0,
,,,0.663925,0.0195312476716936,
,,,0.663957,0,
,,,0.663989,0.0195312476716936,
,,,0.664021,0.0195312476716936,
,,,0.664053,0.0195312476716936,
,,,0.664085,0,
,,,0.664117,0.0195312476716936,
,,,0.664149,0,
,,,0.664181,0,
,,,0.664213,0.0195312476716936,
,,,0.664245,0.0195312476716936,
,,,0.664277,0.0195312476716936,
,,,0.664309,0.0195312476716936,
,,,0.664341,0.0195312476716936,
,,,0.664373,0.0195312476716936,
,,,0.664405,0.0195312476716936,
,,,0.664437,0.0195312476716936,
,,,0.664469,0.0195312476716936,
,,,0.664501,0.0195312476716936,
,,,0.664533,0.0390624953433871,
,,,0.664565,0.0195312476716936,
,,,0.664597,-0.0214843724388629,
,,,0.664629,0.0390624953433871,
,,,0.664661,0.0195312476716936,
,,,0.664693,0,
,,,0.664725,0.0195312476716936,
,,,0.664757,0.0195312476716936,
,,,0.664789,0,
,,,0.664821,0,
,,,0.664853,0.0195312476716936,
,,,0.664885,0,
,,,0.664917,0.0195312476716936,
,,,0.664949,0,
,,,0.664981,0.0195312476716936,
,,,0.665013,0,
,,,0.665045,0,
,,,0.665077,0.0195312476716936,
,,,0.665109,0.0195312476716936,
,,,0.665141,0,
,,,0.665173,-0.0214843724388629,
,,,0.665205,0.0390624953433871,
,,,0.665237,0,
,,,0.665269,0,
,,,0.665301,0.0195312476716936,
,,,0.665333,0,
,,,0.665365,0.0195312476716936,
,,,0.665397,0,
,,,0.665429,0.0390624953433871,
,,,0.665461,-0.0214843724388629,
,,,0.665493,0.0195312476716936,
,,,0.665525,0.0195312476716936,
,,,0.665557,0.0195312476716936,
,,,0.665589,0.0195312476716936,
,,,0.665621,0.0195312476716936,
,,,0.665653,0,
,,,0.665685,0.0195312476716936,
,,,0.665717,0.0195312476716936,
,,,0.665749,0,
,,,0.665781,0.0195312476716936,
,,,0.665813,0,
,,,0.665845,0,
,,,0.665877,0,
,,,0.665909,0,
,,,0.665941,0,
,,,0.665973,0.0195312476716936,
,,,0.666005,0,
,,,0.666037,0,
,,,0.666069,0.0195312476716936,
,,,0.666101,0.0195312476716936,
,,,0.666133,0,
,,,0.666165,0.0195312476716936,
,,,0.666197,0,
,,,0.666229,0,
,,,0.666261,0.0195312476716936,
,,,0.666293,0.0195312476716936,
,,,0.666325,0,
,,,0.666357,0,
,,,0.666389,0.0390624953433871,
,,,0.666421,0,
,,,0.666453,0.0195312476716936,
,,,0.666485,0,
,,,0.666517,0.0195312476716936,
,,,0.666549,0.0195312476716936,
,,,0.666581,0,
,,,0.666613,0,
,,,0.666645,0.0195312476716936,
,,,0.666677,0.0195312476716936,
,,,0.666709,0,
,,,0.666741,0.0195312476716936,
,,,0.666773,0.0195312476716936,
,,,0.666805,0.0195312476716936,
,,,0.666837,0,
,,,0.666869,0.0195312476716936,
,,,0.666901,0,
,,,0.666933,-0.0214843724388629,
,,,0.666965,0.0195312476716936,
,,,0.666997,0,
,,,0.667029,0,
,,,0.667061,0,
,,,0.667093,0.0195312476716936,
,,,0.667125,0.0195312476716936,
,,,0.667157,0.0195312476716936,
,,,0.667189,0.0195312476716936,
,,,0.667221,0.0195312476716936,
,,,0.667253,0.0390624953433871,
,,,0.667285,0,
,,,0.667317,0,
,,,0.667349,0.0195312476716936,
,,,0.667381,-0.0214843724388629,
,,,0.667413,0.0195312476716936,
,,,0.667445,0,
,,,0.667477,0.0195312476716936,
,,,0.667509,0.0195312476716936,
,,,0.667541,0,
,,,0.667573,0,
,,,0.667605,0,
,,,0.667637,0.0195312476716936,
,,,0.667669,0.0195312476716936,
,,,0.667701,0,
,,,0.667733,0.0195312476716936,
,,,0.667765,0,
,,,0.667797,0.0195312476716936,
,,,0.667829,0,
,,,0.667861,0.0195312476716936,
,,,0.667893,0.0195312476716936,
,,,0.667925,0.0195312476716936,
,,,0.667957,0.0195312476716936,
,,,0.667989,0.0390624953433871,
,,,0.668021,0.0585937430150807,
,,,0.668053,0.0195312476716936,
,,,0.668085,0.0195312476716936,
,,,0.668117,0,
,,,0.668149,0,
,,,0.668181,0.0195312476716936,
,,,0.668213,0.0195312476716936,
,,,0.668245,0.0390624953433871,
,,,0.668277,0,
,,,0.668309,0.0195312476716936,
,,,0.668341,0.0195312476716936,
,,,0.668373,0.0195312476716936,
,,,0.668405,0.0195312476716936,
,,,0.668437,0.0390624953433871,
,,,0.668469,0,
,,,0.668501,0.0195312476716936,
,,,0.668533,0.0195312476716936,
,,,0.668565,0.0195312476716936,
,,,0.668597,0,
,,,0.668629,0,
,,,0.668661,0,
,,,0.668693,0.0195312476716936,
,,,0.668725,0.0195312476716936,
,,,0.668757,0.0195312476716936,
,,,0.668789,0.0195312476716936,
,,,0.668821,0.0195312476716936,
,,,0.668853,0.0585937430150807,
,,,0.668885,0.0195312476716936,
,,,0.668917,0.0195312476716936,
,,,0.668949,0.0195312476716936,
,,,0.668981,0.0195312476716936,
,,,0.669013,-0.0214843724388629,
,,,0.669045,0.0195312476716936,
,,,0.669077,0.0195312476716936,
,,,0.669109,0,
,,,0.669141,0.0195312476716936,
,,,0.669173,0,
,,,0.669205,0,
,,,0.669237,0.0195312476716936,
,,,0.669269,0.0195312476716936,
,,,0.669301,0,
,,,0.669333,0.0195312476716936,
,,,0.669365,0.0195312476716936,
,,,0.669397,0,
,,,0.669429,0.0195312476716936,
,,,0.669461,0,
,,,0.669493,0.0195312476716936,
,,,0.669525,0.0195312476716936,
,,,0.669557,0.0195312476716936,
,,,0.669589,0.0195312476716936,
,,,0.669621,0.0195312476716936,
,,,0.669653,0.0195312476716936,
,,,0.669685,0.0195312476716936,
,,,0.669717,0.0195312476716936,
,,,0.669749,-0.0214843724388629,
,,,0.669781,0.0195312476716936,
,,,0.669813,0,
,,,0.669845,0.0195312476716936,
,,,0.669877,0.0390624953433871,
,,,0.669909,0.0585937430150807,
,,,0.669941,0.0195312476716936,
,,,0.669973,0.0195312476716936,
,,,0.670005,0.0195312476716936,
,,,0.670037,0.0195312476716936,
,,,0.670069,0,
,,,0.670101,0.0195312476716936,
,,,0.670133,0.0195312476716936,
,,,0.670165,0,
,,,0.670197,0,
,,,0.670229,0,
,,,0.670261,0,
,,,0.670293,0.0195312476716936,
,,,0.670325,0,
,,,0.670357,0.0195312476716936,
,,,0.670389,0.0195312476716936,
,,,0.670421,0.0390624953433871,
,,,0.670453,0.0195312476716936,
,,,0.670485,0,
,,,0.670517,0.0195312476716936,
,,,0.670549,0.0195312476716936,
,,,0.670581,0,
,,,0.670613,0,
,,,0.670645,0,
,,,0.670677,0.0195312476716936,
,,,0.670709,0.0195312476716936,
,,,0.670741,0.0195312476716936,
,,,0.670773,0,
,,,0.670805,-0.0214843724388629,
,,,0.670837,-0.0214843724388629,
,,,0.670869,0.0195312476716936,
,,,0.670901,0,
,,,0.670933,0.0195312476716936,
,,,0.670965,0.0195312476716936,
,,,0.670997,0,
,,,0.671029,0,
,,,0.671061,-0.0214843724388629,
,,,0.671093,0.0195312476716936,
,,,0.671125,0.0195312476716936,
,,,0.671157,0,
,,,0.671189,0.0195312476716936,
,,,0.671221,0,
,,,0.671253,0.0195312476716936,
,,,0.671285,0.0195312476716936,
,,,0.671317,0.0195312476716936,
,,,0.671349,0,
,,,0.671381,0.0195312476716936,
,,,0.671413,0,
,,,0.671445,0,
,,,0.671477,0,
,,,0.671509,0.0390624953433871,
,,,0.671541,0.0195312476716936,
,,,0.671573,0,
,,,0.671605,0,
,,,0.671637,0,
,,,0.671669,0,
,,,0.671701,0.0195312476716936,
,,,0.671733,0.0195312476716936,
,,,0.671765,-0.0214843724388629,
,,,0.671797,0.0195312476716936,
,,,0.671829,0.0195312476716936,
,,,0.671861,0.0195312476716936,
,,,0.671893,0,
,,,0.671925,0,
,,,0.671957,0,
,,,0.671989,0,
,,,0.672021,0,
,,,0.672053,0,
,,,0.672085,-0.0214843724388629,
,,,0.672117,-0.0214843724388629,
,,,0.672149,0.0195312476716936,
,,,0.672181,-0.0214843724388629,
,,,0.672213,0.0195312476716936,
,,,0.672245,-0.0214843724388629,
,,,0.672277,0,
,,,0.672309,0.0195312476716936,
,,,0.672341,0,
,,,0.672373,0,
,,,0.672405,0,
,,,0.672437,0,
,,,0.672469,0,
,,,0.672501,0,
,,,0.672533,0,
,,,0.672565,0.0195312476716936,
,,,0.672597,0,
,,,0.672629,0,
,,,0.672661,0,
,,,0.672693,0,
,,,0.672725,0,
,,,0.672757,0,
,,,0.672789,0,
,,,0.672821,0,
,,,0.672853,0.0195312476716936,
,,,0.672885,0,
,,,0.672917,0.0195312476716936,
,,,0.672949,0,
,,,0.672981,0,
,,,0.673013,0,
,,,0.673045,0.0195312476716936,
,,,0.673077,0,
,,,0.673109,0,
,,,0.673141,0,
,,,0.673173,0,
,,,0.673205,0,
,,,0.673237,0,
,,,0.673269,0.0195312476716936,
,,,0.673301,0,
,,,0.673333,0,
,,,0.673365,0.0390624953433871,
,,,0.673397,0,
,,,0.673429,0,
,,,0.673461,0,
,,,0.673493,0,
,,,0.673525,0,
,,,0.673557,0,
,,,0.673589,0.0195312476716936,
,,,0.673621,0.0195312476716936,
,,,0.673653,0,
,,,0.673685,0,
,,,0.673717,0.0195312476716936,
,,,0.673749,0.0195312476716936,
,,,0.673781,0,
,,,0.673813,0,
,,,0.673845,0.0195312476716936,
,,,0.673877,0,
,,,0.673909,0.0195312476716936,
,,,0.673941,0,
,,,0.673973,-0.0214843724388629,
,,,0.674005,0,
,,,0.674037,0.0195312476716936,
,,,0.674069,0.0195312476716936,
,,,0.674101,0,
,,,0.674133,0.0195312476716936,
,,,0.674165,0.0195312476716936,
,,,0.674197,0,
,,,0.674229,0,
,,,0.674261,0,
,,,0.674293,0,
,,,0.674325,0,
,,,0.674357,0,
,,,0.674389,0,
,,,0.674421,0.0195312476716936,
,,,0.674453,0.0195312476716936,
,,,0.674485,0.0390624953433871,
,,,0.674517,0.0195312476716936,
,,,0.674549,0,
,,,0.674581,0.0195312476716936,
,,,0.674613,0,
,,,0.674645,0,
,,,0.674677,0.0195312476716936,
,,,0.674709,0.0195312476716936,
,,,0.674741,0,
,,,0.674773,0.0195312476716936,
,,,0.674805,0,
,,,0.674837,0,
,,,0.674869,0.0195312476716936,
,,,0.674901,0,
,,,0.674933,0.0195312476716936,
,,,0.674965,0.0195312476716936,
,,,0.674997,0,
,,,0.675029,0.0195312476716936,
,,,0.675061,0,
,,,0.675093,0,
,,,0.675125,0.0195312476716936,
,,,0.675157,-0.0214843724388629,
,,,0.675189,0.0390624953433871,
,,,0.675221,0.0195312476716936,
,,,0.675253,0.0390624953433871,
,,,0.675285,-0.0214843724388629,
,,,0.675317,0.0195312476716936,
,,,0.675349,0,
,,,0.675381,0.0390624953433871,
,,,0.675413,0,
,,,0.675445,0,
,,,0.675477,0.0195312476716936,
,,,0.675509,-0.0214843724388629,
,,,0.675541,0.0195312476716936,
,,,0.675573,0.0195312476716936,
,,,0.675605,0,
,,,0.675637,0.0390624953433871,
,,,0.675669,0,
,,,0.675701,0.0195312476716936,
,,,0.675733,0,
,,,0.675765,0,
,,,0.675797,0.0195312476716936,
,,,0.675829,0.0390624953433871,
,,,0.675861,0,
,,,0.675893,0,
,,,0.675925,0,
,,,0.675957,0.0195312476716936,
,,,0.675989,0.0195312476716936,
,,,0.676021,0.0195312476716936,
,,,0.676053,0.0195312476716936,
,,,0.676085,0.0195312476716936,
,,,0.676117,0.0195312476716936,
,,,0.676149,0.0195312476716936,
,,,0.676181,0,
,,,0.676213,0.0195312476716936,
,,,0.676245,0.0195312476716936,
,,,0.676277,0,
,,,0.676309,0,
,,,0.676341,0,
,,,0.676373,0.0195312476716936,
,,,0.676405,0,
,,,0.676437,0.0195312476716936,
,,,0.676469,0.0195312476716936,
,,,0.676501,-0.0214843724388629,
,,,0.676533,0.0195312476716936,
,,,0.676565,0.0195312476716936,
,,,0.676597,0.0195312476716936,
,,,0.676629,0.0390624953433871,
,,,0.676661,0.0195312476716936,
,,,0.676693,0.0195312476716936,
,,,0.676725,0.0195312476716936,
,,,0.676757,0,
,,,0.676789,0,
,,,0.676821,0,
,,,0.676853,0.0390624953433871,
,,,0.676885,-0.0214843724388629,
,,,0.676917,0.0195312476716936,
,,,0.676949,0.0195312476716936,
,,,0.676981,0.0195312476716936,
,,,0.677013,0.0195312476716936,
,,,0.677045,0,
,,,0.677077,0,
,,,0.677109,0.0195312476716936,
,,,0.677141,0.0195312476716936,
,,,0.677173,-0.0214843724388629,
,,,0.677205,0,
,,,0.677237,0,
,,,0.677269,0.0195312476716936,
,,,0.677301,0.0195312476716936,
,,,0.677333,0.0195312476716936,
,,,0.677365,0.0195312476716936,
,,,0.677397,0,
,,,0.677429,0.0195312476716936,
,,,0.677461,0,
,,,0.677493,0.0195312476716936,
,,,0.677525,0,
,,,0.677557,0.0195312476716936,
,,,0.677589,0.0390624953433871,
,,,0.677621,0,
,,,0.677653,0,
,,,0.677685,0.0195312476716936,
,,,0.677717,0.0195312476716936,
,,,0.677749,0.0195312476716936,
,,,0.677781,0.0195312476716936,
,,,0.677813,0,
,,,0.677845,0,
,,,0.677877,0,
,,,0.677909,0.0195312476716936,
,,,0.677941,0,
,,,0.677973,0,
,,,0.678005,0,
,,,0.678037,0,
,,,0.678069,0.0195312476716936,
,,,0.678101,0,
,,,0.678133,0,
,,,0.678165,0,
,,,0.678197,-0.0214843724388629,
,,,0.678229,0.0195312476716936,
,,,0.678261,0,
,,,0.678293,0.0390624953433871,
,,,0.678325,0,
,,,0.678357,0,
,,,0.678389,0.0195312476716936,
,,,0.678421,0,
,,,0.678453,0,
,,,0.678485,0,
,,,0.678517,-0.0214843724388629,
,,,0.678549,0,
,,,0.678581,0,
,,,0.678613,-0.0214843724388629,
,,,0.678645,0.0195312476716936,
,,,0.678677,0,
,,,0.678709,0.0195312476716936,
,,,0.678741,0,
,,,0.678773,0,
,,,0.678805,0.0195312476716936,
,,,0.678837,0.0195312476716936,
,,,0.678869,0.0195312476716936,
,,,0.678901,0.0390624953433871,
,,,0.678933,0.0195312476716936,
,,,0.678965,-0.0214843724388629,
,,,0.678997,0.0195312476716936,
,,,0.679029,0,
,,,0.679061,0,
,,,0.679093,0.0390624953433871,
,,,0.679125,0.0195312476716936,
,,,0.679157,0,
,,,0.679189,0,
,,,0.679221,0,
,,,0.679253,0.0195312476716936,
,,,0.679285,0,
,,,0.679317,0,
,,,0.679349,0.0195312476716936,
,,,0.679381,-0.0214843724388629,
,,,0.679413,-0.0214843724388629,
,,,0.679445,0,
,,,0.679477,0,
,,,0.679509,0.0195312476716936,
,,,0.679541,0.0195312476716936,
,,,0.679573,0,
,,,0.679605,-0.0410156201105565,
,,,0.679637,0.0390624953433871,
,,,0.679669,0,
,,,0.679701,0.0195312476716936,
,,,0.679733,0.0195312476716936,
,,,0.679765,0,
,,,0.679797,0.0195312476716936,
,,,0.679829,-0.0214843724388629,
,,,0.679861,0.0195312476716936,
,,,0.679893,0.0195312476716936,
,,,0.679925,0.0195312476716936,
,,,0.679957,0,
,,,0.679989,0.0390624953433871,
,,,0.680021,0,
,,,0.680053,0.0195312476716936,
,,,0.680085,0,
,,,0.680117,0.0195312476716936,
,,,0.680149,0,
,,,0.680181,0,
,,,0.680213,0.0195312476716936,
,,,0.680245,0,
,,,0.680277,0.0195312476716936,
,,,0.680309,0,
,,,0.680341,0,
,,,0.680373,0.0195312476716936,
,,,0.680405,0.0195312476716936,
,,,0.680437,0,
,,,0.680469,0.0195312476716936,
,,,0.680501,0.0195312476716936,
,,,0.680533,0,
,,,0.680565,0.0195312476716936,
,,,0.680597,0.0195312476716936,
,,,0.680629,0,
,,,0.680661,0,
,,,0.680693,0,
,,,0.680725,0,
,,,0.680757,0.0195312476716936,
,,,0.680789,-0.0214843724388629,
,,,0.680821,0,
,,,0.680853,0,
,,,0.680885,0.0195312476716936,
,,,0.680917,0.0195312476716936,
,,,0.680949,0.0195312476716936,
,,,0.680981,0.0195312476716936,
,,,0.681013,0.0195312476716936,
,,,0.681045,0.0195312476716936,
,,,0.681077,0.0195312476716936,
,,,0.681109,0,
,,,0.681141,-0.0214843724388629,
,,,0.681173,0,
,,,0.681205,0.0195312476716936,
,,,0.681237,0,
,,,0.681269,0,
,,,0.681301,0,
,,,0.681333,0.0195312476716936,
,,,0.681365,0,
,,,0.681397,0.0195312476716936,
,,,0.681429,0.0195312476716936,
,,,0.681461,0.0195312476716936,
,,,0.681493,-0.0214843724388629,
,,,0.681525,0.0195312476716936,
,,,0.681557,0,
,,,0.681589,0.0195312476716936,
,,,0.681621,0.0195312476716936,
,,,0.681653,0,
,,,0.681685,0,
,,,0.681717,0,
,,,0.681749,0.0195312476716936,
,,,0.681781,0.0195312476716936,
,,,0.681813,0.0195312476716936,
,,,0.681845,-0.0410156201105565,
,,,0.681877,0,
,,,0.681909,0.0195312476716936,
,,,0.681941,0,
,,,0.681973,0,
,,,0.682005,0,
,,,0.682037,0.0195312476716936,
,,,0.682069,0,
,,,0.682101,0.0195312476716936,
,,,0.682133,0,
,,,0.682165,0.0195312476716936,
,,,0.682197,-0.0214843724388629,
,,,0.682229,0,
,,,0.682261,0.0195312476716936,
,,,0.682293,0,
,,,0.682325,0,
,,,0.682357,0,
,,,0.682389,0,
,,,0.682421,0,
,,,0.682453,0,
,,,0.682485,0.0195312476716936,
,,,0.682517,0.0195312476716936,
,,,0.682549,0.0390624953433871,
,,,0.682581,0,
,,,0.682613,0.0195312476716936,
,,,0.682645,0,
,,,0.682677,0,
,,,0.682709,0.0195312476716936,
,,,0.682741,0.0195312476716936,
,,,0.682773,0,
,,,0.682805,0,
,,,0.682837,-0.0214843724388629,
,,,0.682869,0.0195312476716936,
,,,0.682901,0.0195312476716936,
,,,0.682933,0,
,,,0.682965,0.0195312476716936,
,,,0.682997,0.0195312476716936,
,,,0.683029,0.0195312476716936,
,,,0.683061,0.0195312476716936,
,,,0.683093,0,
,,,0.683125,0.0195312476716936,
,,,0.683157,0,
,,,0.683189,0.0195312476716936,
,,,0.683221,0.0195312476716936,
,,,0.683253,0,
,,,0.683285,0.0195312476716936,
,,,0.683317,0,
,,,0.683349,0,
,,,0.683381,0.0195312476716936,
,,,0.683413,-0.0214843724388629,
,,,0.683445,0,
,,,0.683477,0.0195312476716936,
,,,0.683509,0.0195312476716936,
,,,0.683541,0,
,,,0.683573,0,
,,,0.683605,0,
,,,0.683637,0,
,,,0.683669,0,
,,,0.683701,0.0195312476716936,
,,,0.683733,0.0195312476716936,
,,,0.683765,0.0195312476716936,
,,,0.683797,0.0195312476716936,
,,,0.683829,0,
,,,0.683861,0,
,,,0.683893,0.0195312476716936,
,,,0.683925,0,
,,,0.683957,0.0585937430150807,
,,,0.683989,0.0195312476716936,
,,,0.684021,0.0195312476716936,
,,,0.684053,0,
,,,0.684085,0,
,,,0.684117,0.0195312476716936,
,,,0.684149,0,
,,,0.684181,0.0195312476716936,
,,,0.684213,0.0195312476716936,
,,,0.684245,0,
,,,0.684277,0.0195312476716936,
,,,0.684309,0.0585937430150807,
,,,0.684341,0.0195312476716936,
,,,0.684373,0.0195312476716936,
,,,0.684405,0.0390624953433871,
,,,0.684437,0.0195312476716936,
,,,0.684469,0.0195312476716936,
,,,0.684501,0,
,,,0.684533,0.0390624953433871,
,,,0.684565,0.0390624953433871,
,,,0.684597,0,
,,,0.684629,0,
,,,0.684661,0,
,,,0.684693,0.0195312476716936,
,,,0.684725,0.0195312476716936,
,,,0.684757,0.0195312476716936,
,,,0.684789,0,
,,,0.684821,0.0195312476716936,
,,,0.684853,0,
,,,0.684885,0.0195312476716936,
,,,0.684917,0,
,,,0.684949,0,
,,,0.684981,0.0195312476716936,
,,,0.685013,0,
,,,0.685045,0.0195312476716936,
,,,0.685077,0,
,,,0.685109,0,
,,,0.685141,0.0195312476716936,
,,,0.685173,0,
,,,0.685205,0.0195312476716936,
,,,0.685237,0.0195312476716936,
,,,0.685269,0.0195312476716936,
,,,0.685301,0.0195312476716936,
,,,0.685333,0,
,,,0.685365,0.0195312476716936,
,,,0.685397,0.0195312476716936,
,,,0.685429,0,
,,,0.685461,0.0195312476716936,
,,,0.685493,0,
,,,0.685525,0.0195312476716936,
,,,0.685557,0.0195312476716936,
,,,0.685589,0,
,,,0.685621,0.0195312476716936,
,,,0.685653,0.0195312476716936,
,,,0.685685,0.0195312476716936,
,,,0.685717,0,
,,,0.685749,0.0195312476716936,
,,,0.685781,0.0390624953433871,
,,,0.685813,0.0195312476716936,
,,,0.685845,0,
,,,0.685877,0.0195312476716936,
,,,0.685909,0.0195312476716936,
,,,0.685941,0.0195312476716936,
,,,0.685973,0.0195312476716936,
,,,0.686005,0.0195312476716936,
,,,0.686037,-0.0214843724388629,
,,,0.686069,0,
,,,0.686101,0.0195312476716936,
,,,0.686133,0.0195312476716936,
,,,0.686165,0.0195312476716936,
,,,0.686197,0,
,,,0.686229,0.0195312476716936,
,,,0.686261,0.0195312476716936,
,,,0.686293,0.0390624953433871,
,,,0.686325,0,
,,,0.686357,0.0195312476716936,
,,,0.686389,0,
,,,0.686421,0.0195312476716936,
,,,0.686453,0.0195312476716936,
,,,0.686485,0,
,,,0.686517,0,
,,,0.686549,0,
,,,0.686581,0,
,,,0.686613,0.0195312476716936,
,,,0.686645,0.0195312476716936,
,,,0.686677,0.0195312476716936,
,,,0.686709,0,
,,,0.686741,-0.0800781154539436,
,,,0.686773,0.0195312476716936,
,,,0.686805,0,
,,,0.686837,0,
,,,0.686869,0,
,,,0.686901,0.0195312476716936,
,,,0.686933,0.0195312476716936,
,,,0.686965,0.0195312476716936,
,,,0.686997,0.0195312476716936,
,,,0.687029,0,
,,,0.687061,0,
,,,0.687093,0.0195312476716936,
,,,0.687125,0,
,,,0.687157,0,
,,,0.687189,-0.0214843724388629,
,,,0.687221,0.0195312476716936,
,,,0.687253,0.0195312476716936,
,,,0.687285,-0.0214843724388629,
,,,0.687317,0.0195312476716936,
,,,0.687349,0,
,,,0.687381,0.0195312476716936,
,,,0.687413,0,
,,,0.687445,0,
,,,0.687477,0.0195312476716936,
,,,0.687509,0,
,,,0.687541,0.0195312476716936,
,,,0.687573,0.0195312476716936,
,,,0.687605,-0.0214843724388629,
,,,0.687637,0.0195312476716936,
,,,0.687669,0,
,,,0.687701,0,
,,,0.687733,0,
,,,0.687765,0.0195312476716936,
,,,0.687797,-0.0214843724388629,
,,,0.687829,0.0195312476716936,
,,,0.687861,0,
,,,0.687893,-0.0214843724388629,
,,,0.687925,0.0195312476716936,
,,,0.687957,0.0195312476716936,
,,,0.687989,0.0195312476716936,
,,,0.688021,0.0195312476716936,
,,,0.688053,-0.0214843724388629,
,,,0.688085,0,
,,,0.688117,0.0195312476716936,
,,,0.688149,0,
,,,0.688181,0.0195312476716936,
,,,0.688213,0.0195312476716936,
,,,0.688245,0,
,,,0.688277,0.0390624953433871,
,,,0.688309,0,
,,,0.688341,0,
,,,0.688373,0,
,,,0.688405,0,
,,,0.688437,0.0195312476716936,
,,,0.688469,0,
,,,0.688501,0,
,,,0.688533,0,
,,,0.688565,0,
,,,0.688597,0,
,,,0.688629,0,
,,,0.688661,-0.0214843724388629,
,,,0.688693,0,
,,,0.688725,0.0195312476716936,
,,,0.688757,0.0195312476716936,
,,,0.688789,0,
,,,0.688821,0.0195312476716936,
,,,0.688853,0,
,,,0.688885,0.0195312476716936,
,,,0.688917,0,
,,,0.688949,0,
,,,0.688981,0.0195312476716936,
,,,0.689013,0,
,,,0.689045,0,
,,,0.689077,0,
,,,0.689109,0,
,,,0.689141,-0.0214843724388629,
,,,0.689173,0,
,,,0.689205,0.0195312476716936,
,,,0.689237,0,
,,,0.689269,0.0195312476716936,
,,,0.689301,0,
,,,0.689333,0.0195312476716936,
,,,0.689365,0,
,,,0.689397,0,
,,,0.689429,0,
,,,0.689461,0.0195312476716936,
,,,0.689493,0,
,,,0.689525,-0.0214843724388629,
,,,0.689557,0,
,,,0.689589,0,
,,,0.689621,0.0390624953433871,
,,,0.689653,0,
,,,0.689685,0,
,,,0.689717,0.0195312476716936,
,,,0.689749,0.0195312476716936,
,,,0.689781,0.0195312476716936,
,,,0.689813,0,
,,,0.689845,0.0195312476716936,
,,,0.689877,0,
,,,0.689909,0,
,,,0.689941,0,
,,,0.689973,0.0195312476716936,
,,,0.690005,0.0195312476716936,
,,,0.690037,0,
,,,0.690069,0.0195312476716936,
,,,0.690101,0,
,,,0.690133,0,
,,,0.690165,0,
,,,0.690197,0,
,,,0.690229,0,
,,,0.690261,0,
,,,0.690293,0,
,,,0.690325,0,
,,,0.690357,-0.0214843724388629,
,,,0.690389,0.0195312476716936,
,,,0.690421,0.0195312476716936,
,,,0.690453,0,
,,,0.690485,0.0195312476716936,
,,,0.690517,0,
,,,0.690549,0,
,,,0.690581,0,
,,,0.690613,0.0195312476716936,
,,,0.690645,0,
,,,0.690677,0.0195312476716936,
,,,0.690709,0,
,,,0.690741,0.0195312476716936,
,,,0.690773,0.0195312476716936,
,,,0.690805,0.0390624953433871,
,,,0.690837,0,
,,,0.690869,0,
,,,0.690901,0.0195312476716936,
,,,0.690933,0.0195312476716936,
,,,0.690965,0.0195312476716936,
,,,0.690997,0.0195312476716936,
,,,0.691029,0,
,,,0.691061,0.0195312476716936,
,,,0.691093,-0.0214843724388629,
,,,0.691125,0.0195312476716936,
,,,0.691157,0.0195312476716936,
,,,0.691189,0,
,,,0.691221,0,
,,,0.691253,0.0195312476716936,
,,,0.691285,0.0195312476716936,
,,,0.691317,0.0195312476716936,
,,,0.691349,0.0195312476716936,
,,,0.691381,0.0195312476716936,
,,,0.691413,0.0195312476716936,
,,,0.691445,0.0195312476716936,
,,,0.691477,-0.0410156201105565,
,,,0.691509,0,
,,,0.691541,0.0195312476716936,
,,,0.691573,0,
,,,0.691605,0.0195312476716936,
,,,0.691637,0.0195312476716936,
,,,0.691669,0.0195312476716936,
,,,0.691701,0.0195312476716936,
,,,0.691733,0.0195312476716936,
,,,0.691765,0,
,,,0.691797,0.0195312476716936,
,,,0.691829,0,
,,,0.691861,0.0195312476716936,
,,,0.691893,-0.0214843724388629,
,,,0.691925,0,
,,,0.691957,0,
,,,0.691989,0,
,,,0.692021,0.0195312476716936,
,,,0.692053,0.0195312476716936,
,,,0.692085,0,
,,,0.692117,0.0390624953433871,
,,,0.692149,0.0195312476716936,
,,,0.692181,0,
,,,0.692213,0.0195312476716936,
,,,0.692245,0,
,,,0.692277,-0.0214843724388629,
,,,0.692309,0.0390624953433871,
,,,0.692341,0.0195312476716936,
,,,0.692373,0,
,,,0.692405,0,
,,,0.692437,0,
,,,0.692469,0.0390624953433871,
,,,0.692501,0.0195312476716936,
,,,0.692533,0.0195312476716936,
,,,0.692565,0.0195312476716936,
,,,0.692597,0.0195312476716936,
,,,0.692629,0,
,,,0.692661,0.0195312476716936,
,,,0.692693,0.0195312476716936,
,,,0.692725,0,
,,,0.692757,0.0195312476716936,
,,,0.692789,0.0390624953433871,
,,,0.692821,0.0195312476716936,
,,,0.692853,0.0195312476716936,
,,,0.692885,0.0195312476716936,
,,,0.692917,0.0195312476716936,
,,,0.692949,0,
,,,0.692981,0,
,,,0.693013,-0.0214843724388629,
,,,0.693045,0.0195312476716936,
,,,0.693077,0,
,,,0.693109,0.0195312476716936,
,,,0.693141,0.0195312476716936,
,,,0.693173,0,
,,,0.693205,0.0195312476716936,
,,,0.693237,0.0195312476716936,
,,,0.693269,0.0195312476716936,
,,,0.693301,0.0390624953433871,
,,,0.693333,0.0390624953433871,
,,,0.693365,0,
,,,0.693397,0.0195312476716936,
,,,0.693429,0.0195312476716936,
,,,0.693461,0,
,,,0.693493,0,
,,,0.693525,0,
,,,0.693557,0,
,,,0.693589,0.0195312476716936,
,,,0.693621,0.0195312476716936,
,,,0.693653,0.0195312476716936,
,,,0.693685,0.0195312476716936,
,,,0.693717,-0.0214843724388629,
,,,0.693749,0.0195312476716936,
,,,0.693781,0.0195312476716936,
,,,0.693813,0,
,,,0.693845,0,
,,,0.693877,0.0195312476716936,
,,,0.693909,0,
,,,0.693941,-0.0214843724388629,
,,,0.693973,0.0585937430150807,
,,,0.694005,0,
,,,0.694037,0,
,,,0.694069,0,
,,,0.694101,0,
,,,0.694133,-0.0214843724388629,
,,,0.694165,0.0195312476716936,
,,,0.694197,0,
,,,0.694229,0,
,,,0.694261,0,
,,,0.694293,0.0195312476716936,
,,,0.694325,0,
,,,0.694357,0.0195312476716936,
,,,0.694389,0,
,,,0.694421,0,
,,,0.694453,0,
,,,0.694485,0,
,,,0.694517,0,
,,,0.694549,0,
,,,0.694581,0,
,,,0.694613,0.0195312476716936,
,,,0.694645,-0.0410156201105565,
,,,0.694677,0.0195312476716936,
,,,0.694709,0.0195312476716936,
,,,0.694741,0.0195312476716936,
,,,0.694773,-0.0214843724388629,
,,,0.694805,0,
,,,0.694837,0,
,,,0.694869,0,
,,,0.694901,0.0390624953433871,
,,,0.694933,0.0195312476716936,
,,,0.694965,-0.0214843724388629,
,,,0.694997,0.0390624953433871,
,,,0.695029,0.0195312476716936,
,,,0.695061,0.0195312476716936,
,,,0.695093,0,
,,,0.695125,0,
,,,0.695157,0,
,,,0.695189,0,
,,,0.695221,0.0195312476716936,
,,,0.695253,0,
,,,0.695285,0,
,,,0.695317,0,
,,,0.695349,-0.0214843724388629,
,,,0.695381,0,
,,,0.695413,0,
,,,0.695445,0,
,,,0.695477,0,
,,,0.695509,0,
,,,0.695541,0,
,,,0.695573,0.0195312476716936,
,,,0.695605,0,
,,,0.695637,0,
,,,0.695669,0,
,,,0.695701,0.0195312476716936,
,,,0.695733,0,
,,,0.695765,0,
,,,0.695797,0,
,,,0.695829,-0.0214843724388629,
,,,0.695861,0,
,,,0.695893,0,
,,,0.695925,0.0195312476716936,
,,,0.695957,0,
,,,0.695989,0.0195312476716936,
,,,0.696021,0.0195312476716936,
,,,0.696053,0.0195312476716936,
,,,0.696085,0,
,,,0.696117,0,
,,,0.696149,0,
,,,0.696181,-0.0214843724388629,
,,,0.696213,0.0195312476716936,
,,,0.696245,0.0195312476716936,
,,,0.696277,0.0195312476716936,
,,,0.696309,0,
,,,0.696341,0.0195312476716936,
,,,0.696373,0.0390624953433871,
,,,0.696405,0,
,,,0.696437,-0.0214843724388629,
,,,0.696469,-0.0214843724388629,
,,,0.696501,0.0195312476716936,
,,,0.696533,-0.0214843724388629,
,,,0.696565,0,
,,,0.696597,0,
,,,0.696629,0.0195312476716936,
,,,0.696661,0.0195312476716936,
,,,0.696693,0.0195312476716936,
,,,0.696725,0.0195312476716936,
,,,0.696757,0.0195312476716936,
,,,0.696789,0.0195312476716936,
,,,0.696821,0,
,,,0.696853,0.0195312476716936,
,,,0.696885,0,
,,,0.696917,0.0195312476716936,
,,,0.696949,0,
,,,0.696981,-0.0214843724388629,
,,,0.697013,0.0195312476716936,
,,,0.697045,-0.0214843724388629,
,,,0.697077,0,
,,,0.697109,0.0195312476716936,
,,,0.697141,0.0195312476716936,
,,,0.697173,0.0390624953433871,
,,,0.697205,0,
,,,0.697237,-0.0214843724388629,
,,,0.697269,0,
,,,0.697301,0,
,,,0.697333,0,
,,,0.697365,0.0195312476716936,
,,,0.697397,0.0195312476716936,
,,,0.697429,0.0195312476716936,
,,,0.697461,0,
,,,0.697493,0,
,,,0.697525,0,
,,,0.697557,0.0195312476716936,
,,,0.697589,0,
,,,0.697621,0,
,,,0.697653,0.0195312476716936,
,,,0.697685,-0.0214843724388629,
,,,0.697717,0.0195312476716936,
,,,0.697749,-0.0214843724388629,
,,,0.697781,0.0195312476716936,
,,,0.697813,0.0195312476716936,
,,,0.697845,-0.0214843724388629,
,,,0.697877,0.0195312476716936,
,,,0.697909,0.0195312476716936,
,,,0.697941,0.0195312476716936,
,,,0.697973,0,
,,,0.698005,0,
,,,0.698037,0.0195312476716936,
,,,0.698069,0,
,,,0.698101,0,
,,,0.698133,0,
,,,0.698165,0,
,,,0.698197,0,
,,,0.698229,0,
,,,0.698261,0,
,,,0.698293,0,
,,,0.698325,0,
,,,0.698357,0,
,,,0.698389,0.0195312476716936,
,,,0.698421,0,
,,,0.698453,0,
,,,0.698485,0.0195312476716936,
,,,0.698517,0.0195312476716936,
,,,0.698549,0.0195312476716936,
,,,0.698581,0,
,,,0.698613,0.0195312476716936,
,,,0.698645,0,
,,,0.698677,0.0195312476716936,
,,,0.698709,0.0195312476716936,
,,,0.698741,0.0195312476716936,
,,,0.698773,0,
,,,0.698805,0.0195312476716936,
,,,0.698837,0,
,,,0.698869,0,
,,,0.698901,0,
,,,0.698933,0.0195312476716936,
,,,0.698965,0.0195312476716936,
,,,0.698997,0.0195312476716936,
,,,0.699029,0.0195312476716936,
,,,0.699061,0,
,,,0.699093,0,
,,,0.699125,0.0195312476716936,
,,,0.699157,0.0195312476716936,
,,,0.699189,0,
,,,0.699221,0,
,,,0.699253,0,
,,,0.699285,0,
,,,0.699317,0.0195312476716936,
,,,0.699349,-0.0214843724388629,
,,,0.699381,0,
,,,0.699413,0,
,,,0.699445,0,
,,,0.699477,0.0195312476716936,
,,,0.699509,0.0195312476716936,
,,,0.699541,0.0195312476716936,
,,,0.699573,0,
,,,0.699605,0,
,,,0.699637,0.0195312476716936,
,,,0.699669,0.0195312476716936,
,,,0.699701,0,
,,,0.699733,0,
,,,0.699765,0,
,,,0.699797,0.0195312476716936,
,,,0.699829,0,
,,,0.699861,0,
,,,0.699893,0.0195312476716936,
,,,0.699925,0.0195312476716936,
,,,0.699957,0,
,,,0.699989,0.0195312476716936,
,,,0.700021,0.0195312476716936,
,,,0.700053,0,
,,,0.700085,0.0195312476716936,
,,,0.700117,0.0195312476716936,
,,,0.700149,0.0195312476716936,
,,,0.700181,0,
,,,0.700213,0,
,,,0.700245,0,
,,,0.700277,0,
,,,0.700309,0,
,,,0.700341,0.0195312476716936,
,,,0.700373,0,
,,,0.700405,0,
,,,0.700437,0.0195312476716936,
,,,0.700469,0.0195312476716936,
,,,0.700501,0.0195312476716936,
,,,0.700533,-0.0214843724388629,
,,,0.700565,0.0195312476716936,
,,,0.700597,0,
,,,0.700629,0,
,,,0.700661,0,
,,,0.700693,0,
,,,0.700725,0.0195312476716936,
,,,0.700757,0.0195312476716936,
,,,0.700789,0.0195312476716936,
,,,0.700821,0.0195312476716936,
,,,0.700853,0.0195312476716936,
,,,0.700885,0.0195312476716936,
,,,0.700917,0.0195312476716936,
,,,0.700949,0,
,,,0.700981,0.0195312476716936,
,,,0.701013,0,
,,,0.701045,0,
,,,0.701077,0.0195312476716936,
,,,0.701109,0.0195312476716936,
,,,0.701141,0,
,,,0.701173,0,
,,,0.701205,0,
,,,0.701237,0.0195312476716936,
,,,0.701269,0,
,,,0.701301,0.0195312476716936,
,,,0.701333,0.0195312476716936,
,,,0.701365,0.0195312476716936,
,,,0.701397,0,
,,,0.701429,0.0195312476716936,
,,,0.701461,0.0195312476716936,
,,,0.701493,0.0195312476716936,
,,,0.701525,-0.0214843724388629,
,,,0.701557,0.0390624953433871,
,,,0.701589,0,
,,,0.701621,0,
,,,0.701653,0,
,,,0.701685,0.0195312476716936,
,,,0.701717,0,
,,,0.701749,0.0195312476716936,
,,,0.701781,0,
,,,0.701813,0,
,,,0.701845,0,
,,,0.701877,0,
,,,0.701909,0,
,,,0.701941,0,
,,,0.701973,0.0195312476716936,
,,,0.702005,0.0585937430150807,
,,,0.702037,-0.0214843724388629,
,,,0.702069,0.0195312476716936,
,,,0.702101,0.0195312476716936,
,,,0.702133,0,
,,,0.702165,0.0390624953433871,
,,,0.702197,0.0195312476716936,
,,,0.702229,0.0390624953433871,
,,,0.702261,0,
,,,0.702293,0.0195312476716936,
,,,0.702325,0.0195312476716936,
,,,0.702357,0.0195312476716936,
,,,0.702389,0.0195312476716936,
,,,0.702421,0.0195312476716936,
,,,0.702453,0,
,,,0.702485,0.0390624953433871,
,,,0.702517,0.0195312476716936,
,,,0.702549,0.0195312476716936,
,,,0.702581,0.0195312476716936,
,,,0.702613,0,
,,,0.702645,0,
,,,0.702677,0.0195312476716936,
,,,0.702709,0,
,,,0.702741,0,
,,,0.702773,0.0195312476716936,
,,,0.702805,0.0195312476716936,
,,,0.702837,0.0195312476716936,
,,,0.702869,0,
,,,0.702901,0,
,,,0.702933,0.0195312476716936,
,,,0.702965,0,
,,,0.702997,0.0195312476716936,
,,,0.703029,0.0195312476716936,
,,,0.703061,0,
,,,0.703093,0.0195312476716936,
,,,0.703125,0.0195312476716936,
,,,0.703157,0.0195312476716936,
,,,0.703189,0.0195312476716936,
,,,0.703221,0,
,,,0.703253,0.0800781154539436,
,,,0.703285,0.0195312476716936,
,,,0.703317,0,
,,,0.703349,-0.0214843724388629,
,,,0.703381,0,
,,,0.703413,0,
,,,0.703445,0.0195312476716936,
,,,0.703477,-0.0214843724388629,
,,,0.703509,-0.0214843724388629,
,,,0.703541,0,
,,,0.703573,0.0195312476716936,
,,,0.703605,0.0195312476716936,
,,,0.703637,0,
,,,0.703669,0.0195312476716936,
,,,0.703701,0.0195312476716936,
,,,0.703733,0.0195312476716936,
,,,0.703765,0.0195312476716936,
,,,0.703797,0.0195312476716936,
,,,0.703829,0.0390624953433871,
,,,0.703861,0.0195312476716936,
,,,0.703893,0,
,,,0.703925,-0.0214843724388629,
,,,0.703957,0.0195312476716936,
,,,0.703989,0,
,,,0.704021,0,
,,,0.704053,0,
,,,0.704085,0.0195312476716936,
,,,0.704117,0,
,,,0.704149,0.0390624953433871,
,,,0.704181,0.0195312476716936,
,,,0.704213,0.0195312476716936,
,,,0.704245,0,
,,,0.704277,0.0195312476716936,
,,,0.704309,0,
,,,0.704341,0,
,,,0.704373,0,
,,,0.704405,0,
,,,0.704437,0.0195312476716936,
,,,0.704469,0,
,,,0.704501,0,
,,,0.704533,0,
,,,0.704565,0.0195312476716936,
,,,0.704597,-0.0214843724388629,
,,,0.704629,0,
,,,0.704661,0,
,,,0.704693,0.0195312476716936,
,,,0.704725,0,
,,,0.704757,0,
,,,0.704789,0.0195312476716936,
,,,0.704821,0.0195312476716936,
,,,0.704853,0,
,,,0.704885,0,
,,,0.704917,0.0195312476716936,
,,,0.704949,0.0195312476716936,
,,,0.704981,0,
,,,0.705013,0.0390624953433871,
,,,0.705045,0,
,,,0.705077,0,
,,,0.705109,0,
,,,0.705141,0,
,,,0.705173,0.0195312476716936,
,,,0.705205,0,
,,,0.705237,0.0195312476716936,
,,,0.705269,0,
,,,0.705301,0.0195312476716936,
,,,0.705333,0,
,,,0.705365,0.0195312476716936,
,,,0.705397,0,
,,,0.705429,0,
,,,0.705461,0,
,,,0.705493,0,
,,,0.705525,0.0195312476716936,
,,,0.705557,0,
,,,0.705589,0,
,,,0.705621,0,
,,,0.705653,0.0195312476716936,
,,,0.705685,0,
,,,0.705717,0.0195312476716936,
,,,0.705749,0,
,,,0.705781,0.0195312476716936,
,,,0.705813,0.0195312476716936,
,,,0.705845,-0.0410156201105565,
,,,0.705877,0,
,,,0.705909,0.0195312476716936,
,,,0.705941,0,
,,,0.705973,0.0195312476716936,
,,,0.706005,-0.0214843724388629,
,,,0.706037,0,
,,,0.706069,0,
,,,0.706101,0,
,,,0.706133,0,
,,,0.706165,0,
,,,0.706197,0,
,,,0.706229,0.0195312476716936,
,,,0.706261,0,
,,,0.706293,0.0195312476716936,
,,,0.706325,0,
,,,0.706357,0,
,,,0.706389,0.0195312476716936,
,,,0.706421,0.0195312476716936,
,,,0.706453,0,
,,,0.706485,0.0195312476716936,
,,,0.706517,0,
,,,0.706549,0,
,,,0.706581,-0.0214843724388629,
,,,0.706613,0.0195312476716936,
,,,0.706645,0,
,,,0.706677,-0.0214843724388629,
,,,0.706709,0,
,,,0.706741,0.0195312476716936,
,,,0.706773,0,
,,,0.706805,-0.0214843724388629,
,,,0.706837,0,
,,,0.706869,0,
,,,0.706901,0,
,,,0.706933,0.0195312476716936,
,,,0.706965,0.0195312476716936,
,,,0.706997,0,
,,,0.707029,0.0195312476716936,
,,,0.707061,0,
,,,0.707093,0,
,,,0.707125,0,
,,,0.707157,0,
,,,0.707189,0.0195312476716936,
,,,0.707221,0,
,,,0.707253,0,
,,,0.707285,0.0195312476716936,
,,,0.707317,0,
,,,0.707349,0,
,,,0.707381,0,
,,,0.707413,0,
,,,0.707445,0,
,,,0.707477,0.0195312476716936,
,,,0.707509,0,
,,,0.707541,0,
,,,0.707573,0.0195312476716936,
,,,0.707605,0.0195312476716936,
,,,0.707637,0.0195312476716936,
,,,0.707669,0.0195312476716936,
,,,0.707701,0,
,,,0.707733,0.0195312476716936,
,,,0.707765,0,
,,,0.707797,0,
,,,0.707829,-0.0214843724388629,
,,,0.707861,0.0195312476716936,
,,,0.707893,0,
,,,0.707925,0,
,,,0.707957,0.0195312476716936,
,,,0.707989,0.0195312476716936,
,,,0.708021,0,
,,,0.708053,0.0195312476716936,
,,,0.708085,0.0195312476716936,
,,,0.708117,0.0195312476716936,
,,,0.708149,0.0195312476716936,
,,,0.708181,0.0195312476716936,
,,,0.708213,0.0195312476716936,
,,,0.708245,-0.0214843724388629,
,,,0.708277,0,
,,,0.708309,0.0195312476716936,
,,,0.708341,0,
,,,0.708373,0,
,,,0.708405,0,
,,,0.708437,0.0195312476716936,
,,,0.708469,0,
,,,0.708501,-0.0214843724388629,
,,,0.708533,0,
,,,0.708565,0,
,,,0.708597,0.0195312476716936,
,,,0.708629,0.0195312476716936,
,,,0.708661,0.0195312476716936,
,,,0.708693,0,
,,,0.708725,0.0195312476716936,
,,,0.708757,0,
,,,0.708789,0.0195312476716936,
,,,0.708821,0.0585937430150807,
,,,0.708853,0.0195312476716936,
,,,0.708885,0.0195312476716936,
,,,0.708917,0,
,,,0.708949,0.0195312476716936,
,,,0.708981,0,
,,,0.709013,0.0195312476716936,
,,,0.709045,0.0195312476716936,
,,,0.709077,0.0195312476716936,
,,,0.709109,0,
,,,0.709141,-0.0214843724388629,
,,,0.709173,0.0195312476716936,
,,,0.709205,0.0195312476716936,
,,,0.709237,0,
,,,0.709269,0,
,,,0.709301,0.0195312476716936,
,,,0.709333,0,
,,,0.709365,0,
,,,0.709397,0.0195312476716936,
,,,0.709429,0.0195312476716936,
,,,0.709461,0,
,,,0.709493,0,
,,,0.709525,0.0195312476716936,
,,,0.709557,0,
,,,0.709589,0,
,,,0.709621,0,
,,,0.709653,0,
,,,0.709685,-0.0214843724388629,
,,,0.709717,0,
,,,0.709749,0,
,,,0.709781,0.0195312476716936,
,,,0.709813,0.0195312476716936,
,,,0.709845,-0.0214843724388629,
,,,0.709877,0,
,,,0.709909,0.0195312476716936,
,,,0.709941,-0.0214843724388629,
,,,0.709973,0,
,,,0.710005,0,
,,,0.710037,0,
,,,0.710069,-0.0214843724388629,
,,,0.710101,0.0195312476716936,
,,,0.710133,0.0195312476716936,
,,,0.710165,-0.0214843724388629,
,,,0.710197,0.0195312476716936,
,,,0.710229,0,
,,,0.710261,0.0195312476716936,
,,,0.710293,0,
,,,0.710325,0,
,,,0.710357,0.0195312476716936,
,,,0.710389,0,
,,,0.710421,-0.0214843724388629,
,,,0.710453,0,
,,,0.710485,0,
,,,0.710517,0,
,,,0.710549,-0.0214843724388629,
,,,0.710581,0.0390624953433871,
,,,0.710613,0.0195312476716936,
,,,0.710645,0.0585937430150807,
,,,0.710677,0.0195312476716936,
,,,0.710709,-0.0214843724388629,
,,,0.710741,-0.0214843724388629,
,,,0.710773,0,
,,,0.710805,0,
,,,0.710837,-0.0214843724388629,
,,,0.710869,0,
,,,0.710901,0,
,,,0.710933,0.0195312476716936,
,,,0.710965,0,
,,,0.710997,0,
,,,0.711029,0.0195312476716936,
,,,0.711061,0.0195312476716936,
,,,0.711093,0,
,,,0.711125,0,
,,,0.711157,-0.0214843724388629,
,,,0.711189,0.0195312476716936,
,,,0.711221,-0.06054686778225,
,,,0.711253,0.0195312476716936,
,,,0.711285,0.0195312476716936,
,,,0.711317,0,
,,,0.711349,0,
,,,0.711381,0.0195312476716936,
,,,0.711413,-0.0800781154539436,
,,,0.711445,0,
,,,0.711477,-0.0214843724388629,
,,,0.711509,0.0195312476716936,
,,,0.711541,0,
,,,0.711573,0,
,,,0.711605,0,
,,,0.711637,0,
,,,0.711669,0,
,,,0.711701,0.0195312476716936,
,,,0.711733,0,
,,,0.711765,0.0195312476716936,
,,,0.711797,0,
,,,0.711829,0,
,,,0.711861,0,
,,,0.711893,0,
,,,0.711925,0,
,,,0.711957,0,
,,,0.711989,0,
,,,0.712021,0,
,,,0.712053,0.0195312476716936,
,,,0.712085,0,
,,,0.712117,-0.0214843724388629,
,,,0.712149,0,
,,,0.712181,0.0195312476716936,
,,,0.712213,0.0195312476716936,
,,,0.712245,0,
,,,0.712277,0,
,,,0.712309,0,
,,,0.712341,0,
,,,0.712373,0.0390624953433871,
,,,0.712405,0.0195312476716936,
,,,0.712437,0,
,,,0.712469,0.0195312476716936,
,,,0.712501,-0.0214843724388629,
,,,0.712533,0,
,,,0.712565,0,
,,,0.712597,0.0195312476716936,
,,,0.712629,0.0195312476716936,
,,,0.712661,0,
,,,0.712693,0.0390624953433871,
,,,0.712725,0.0390624953433871,
,,,0.712757,0.0195312476716936,
,,,0.712789,0.0195312476716936,
,,,0.712821,0,
,,,0.712853,0.0195312476716936,
,,,0.712885,0.0195312476716936,
,,,0.712917,0.0195312476716936,
,,,0.712949,0.0195312476716936,
,,,0.712981,0.0390624953433871,
,,,0.713013,0.0585937430150807,
,,,0.713045,0,
,,,0.713077,0.0390624953433871,
,,,0.713109,0,
,,,0.713141,0.0195312476716936,
,,,0.713173,-0.0214843724388629,
,,,0.713205,0,
,,,0.713237,0.0195312476716936,
,,,0.713269,0.0195312476716936,
,,,0.713301,0.0195312476716936,
,,,0.713333,0.0390624953433871,
,,,0.713365,-0.0214843724388629,
,,,0.713397,-0.0214843724388629,
,,,0.713429,0,
,,,0.713461,0.0195312476716936,
,,,0.713493,0.0195312476716936,
,,,0.713525,0,
,,,0.713557,0.0195312476716936,
,,,0.713589,0.0195312476716936,
,,,0.713621,0,
,,,0.713653,0.0195312476716936,
,,,0.713685,0,
,,,0.713717,-0.0214843724388629,
,,,0.713749,0.0195312476716936,
,,,0.713781,0,
,,,0.713813,0,
,,,0.713845,0.0195312476716936,
,,,0.713877,0,
,,,0.713909,0.0195312476716936,
,,,0.713941,0,
,,,0.713973,0.0195312476716936,
,,,0.714005,0.0195312476716936,
,,,0.714037,0,
,,,0.714069,0.0195312476716936,
,,,0.714101,0,
,,,0.714133,-0.0214843724388629,
,,,0.714165,0,
,,,0.714197,0.0195312476716936,
,,,0.714229,0.0195312476716936,
,,,0.714261,0,
,,,0.714293,0.0195312476716936,
,,,0.714325,0.0390624953433871,
,,,0.714357,0.0195312476716936,
,,,0.714389,0.0195312476716936,
,,,0.714421,0.0195312476716936,
,,,0.714453,0,
,,,0.714485,0,
,,,0.714517,0,
,,,0.714549,0.0195312476716936,
,,,0.714581,0.0195312476716936,
,,,0.714613,0.0195312476716936,
,,,0.714645,0,
,,,0.714677,0,
,,,0.714709,0.0195312476716936,
,,,0.714741,0,
,,,0.714773,0,
,,,0.714805,0.0195312476716936,
,,,0.714837,0,
,,,0.714869,0.0195312476716936,
,,,0.714901,0.0195312476716936,
,,,0.714933,0,
,,,0.714965,0.0195312476716936,
,,,0.714997,0.0195312476716936,
,,,0.715029,0,
,,,0.715061,0,
,,,0.715093,0.0195312476716936,
,,,0.715125,0.0195312476716936,
,,,0.715157,0.0195312476716936,
,,,0.715189,0.0195312476716936,
,,,0.715221,0.0195312476716936,
,,,0.715253,0,
,,,0.715285,0,
,,,0.715317,0.0195312476716936,
,,,0.715349,0,
,,,0.715381,0,
,,,0.715413,0.0195312476716936,
,,,0.715445,0,
,,,0.715477,0.0195312476716936,
,,,0.715509,0,
,,,0.715541,0,
,,,0.715573,0.0195312476716936,
,,,0.715605,0,
,,,0.715637,0,
,,,0.715669,0.0195312476716936,
,,,0.715701,0.0195312476716936,
,,,0.715733,0,
,,,0.715765,0.0195312476716936,
,,,0.715797,0.0195312476716936,
,,,0.715829,0.0195312476716936,
,,,0.715861,0.0195312476716936,
,,,0.715893,0.0195312476716936,
,,,0.715925,0.0195312476716936,
,,,0.715957,0.0195312476716936,
,,,0.715989,0.0195312476716936,
,,,0.716021,0.0195312476716936,
,,,0.716053,0,
,,,0.716085,0.0195312476716936,
,,,0.716117,0.0195312476716936,
,,,0.716149,0.0195312476716936,
,,,0.716181,0,
,,,0.716213,0.0195312476716936,
,,,0.716245,0.0195312476716936,
,,,0.716277,0.0195312476716936,
,,,0.716309,-0.0214843724388629,
,,,0.716341,0,
,,,0.716373,0.0195312476716936,
,,,0.716405,0.0195312476716936,
,,,0.716437,0,
,,,0.716469,0.0195312476716936,
,,,0.716501,0.0195312476716936,
,,,0.716533,0,
,,,0.716565,0.0195312476716936,
,,,0.716597,0.0195312476716936,
,,,0.716629,0.0195312476716936,
,,,0.716661,0.0390624953433871,
,,,0.716693,0,
,,,0.716725,0,
,,,0.716757,0.0195312476716936,
,,,0.716789,0,
,,,0.716821,0.0195312476716936,
,,,0.716853,0.0195312476716936,
,,,0.716885,0,
,,,0.716917,-0.0410156201105565,
,,,0.716949,0,
,,,0.716981,0.0195312476716936,
,,,0.717013,0,
,,,0.717045,0.0195312476716936,
,,,0.717077,0,
,,,0.717109,0.0195312476716936,
,,,0.717141,0.0195312476716936,
,,,0.717173,0.0390624953433871,
,,,0.717205,0.0195312476716936,
,,,0.717237,0,
,,,0.717269,0.0195312476716936,
,,,0.717301,0.0195312476716936,
,,,0.717333,0.0195312476716936,
,,,0.717365,0,
,,,0.717397,-0.0214843724388629,
,,,0.717429,0,
,,,0.717461,-0.0214843724388629,
,,,0.717493,0.0195312476716936,
,,,0.717525,0.0195312476716936,
,,,0.717557,-0.0214843724388629,
,,,0.717589,0,
,,,0.717621,0.0195312476716936,
,,,0.717653,0.0195312476716936,
,,,0.717685,0.0195312476716936,
,,,0.717717,-0.0214843724388629,
,,,0.717749,0,
,,,0.717781,0.0195312476716936,
,,,0.717813,0.0195312476716936,
,,,0.717845,0.0195312476716936,
,,,0.717877,0.0195312476716936,
,,,0.717909,0,
,,,0.717941,0,
,,,0.717973,0.0195312476716936,
,,,0.718005,0.0195312476716936,
,,,0.718037,0,
,,,0.718069,0,
,,,0.718101,0.0195312476716936,
,,,0.718133,-0.0214843724388629,
,,,0.718165,0,
,,,0.718197,0.0195312476716936,
,,,0.718229,0.0195312476716936,
,,,0.718261,0,
,,,0.718293,0,
,,,0.718325,-0.0214843724388629,
,,,0.718357,0.0195312476716936,
,,,0.718389,0,
,,,0.718421,0.0195312476716936,
,,,0.718453,-0.0214843724388629,
,,,0.718485,0.0390624953433871,
,,,0.718517,0.0195312476716936,
,,,0.718549,0.0195312476716936,
,,,0.718581,0.0195312476716936,
,,,0.718613,-0.0214843724388629,
,,,0.718645,0,
,,,0.718677,0.0195312476716936,
,,,0.718709,0.0195312476716936,
,,,0.718741,0.0195312476716936,
,,,0.718773,0,
,,,0.718805,0.0390624953433871,
,,,0.718837,0.0195312476716936,
,,,0.718869,0.0195312476716936,
,,,0.718901,0,
,,,0.718933,0.0195312476716936,
,,,0.718965,0,
,,,0.718997,0,
,,,0.719029,-0.0214843724388629,
,,,0.719061,0.0195312476716936,
,,,0.719093,0.0195312476716936,
,,,0.719125,0.0195312476716936,
,,,0.719157,0,
,,,0.719189,0,
,,,0.719221,0.0195312476716936,
,,,0.719253,0.0195312476716936,
,,,0.719285,0.0195312476716936,
,,,0.719317,0.0195312476716936,
,,,0.719349,0.0195312476716936,
,,,0.719381,0,
,,,0.719413,0,
,,,0.719445,0.0195312476716936,
,,,0.719477,-0.0214843724388629,
,,,0.719509,0,
,,,0.719541,0.0195312476716936,
,,,0.719573,0.0195312476716936,
,,,0.719605,0.0195312476716936,
,,,0.719637,0.0195312476716936,
,,,0.719669,0,
,,,0.719701,0.0195312476716936,
,,,0.719733,0.0195312476716936,
,,,0.719765,0,
,,,0.719797,0.0195312476716936,
,,,0.719829,0,
,,,0.719861,0.0390624953433871,
,,,0.719893,0.0195312476716936,
,,,0.719925,0,
,,,0.719957,0.0195312476716936,
,,,0.719989,0,
,,,0.720021,0.0390624953433871,
,,,0.720053,0,
,,,0.720085,0,
,,,0.720117,0.0585937430150807,
,,,0.720149,0,
,,,0.720181,0,
,,,0.720213,0,
,,,0.720245,0,
,,,0.720277,0.0195312476716936,
,,,0.720309,0.0195312476716936,
,,,0.720341,0.0195312476716936,
,,,0.720373,0.0195312476716936,
,,,0.720405,0.0195312476716936,
,,,0.720437,0,
,,,0.720469,0.0195312476716936,
,,,0.720501,0.0195312476716936,
,,,0.720533,0.0195312476716936,
,,,0.720565,0.0195312476716936,
,,,0.720597,0,
,,,0.720629,0,
,,,0.720661,0,
,,,0.720693,0.0195312476716936,
,,,0.720725,0.0195312476716936,
,,,0.720757,0.0195312476716936,
,,,0.720789,0,
,,,0.720821,0,
,,,0.720853,0,
,,,0.720885,0.0195312476716936,
,,,0.720917,-0.0214843724388629,
,,,0.720949,0.0195312476716936,
,,,0.720981,0.0195312476716936,
,,,0.721013,0.0195312476716936,
,,,0.721045,0.0195312476716936,
,,,0.721077,0,
,,,0.721109,0,
,,,0.721141,0.0195312476716936,
,,,0.721173,0,
,,,0.721205,0.0195312476716936,
,,,0.721237,0.0195312476716936,
,,,0.721269,0.0195312476716936,
,,,0.721301,0.0195312476716936,
,,,0.721333,0,
,,,0.721365,0,
,,,0.721397,0,
,,,0.721429,0,
,,,0.721461,0,
,,,0.721493,0.0195312476716936,
,,,0.721525,0.0195312476716936,
,,,0.721557,0,
,,,0.721589,0,
,,,0.721621,0.0195312476716936,
,,,0.721653,-0.0214843724388629,
,,,0.721685,0,
,,,0.721717,0.0195312476716936,
,,,0.721749,0,
,,,0.721781,0,
,,,0.721813,0,
,,,0.721845,0.0195312476716936,
,,,0.721877,0.0195312476716936,
,,,0.721909,0.0195312476716936,
,,,0.721941,0,
,,,0.721973,0.0195312476716936,
,,,0.722005,0.0195312476716936,
,,,0.722037,0,
,,,0.722069,0.0195312476716936,
,,,0.722101,-0.0214843724388629,
,,,0.722133,0,
,,,0.722165,0,
,,,0.722197,0.0195312476716936,
,,,0.722229,0.0390624953433871,
,,,0.722261,0,
,,,0.722293,0.0195312476716936,
,,,0.722325,0,
,,,0.722357,0,
,,,0.722389,-0.0214843724388629,
,,,0.722421,0,
,,,0.722453,0.0390624953433871,
,,,0.722485,0,
,,,0.722517,-0.0214843724388629,
,,,0.722549,0,
,,,0.722581,0,
,,,0.722613,0.0390624953433871,
,,,0.722645,0,
,,,0.722677,0,
,,,0.722709,0,
,,,0.722741,0.0195312476716936,
,,,0.722773,0,
,,,0.722805,-0.0214843724388629,
,,,0.722837,0,
,,,0.722869,0.0195312476716936,
,,,0.722901,-0.0214843724388629,
,,,0.722933,-0.0214843724388629,
,,,0.722965,0,
,,,0.722997,0.0195312476716936,
,,,0.723029,0,
,,,0.723061,0,
,,,0.723093,0,
,,,0.723125,0,
,,,0.723157,0,
,,,0.723189,0,
,,,0.723221,0,
,,,0.723253,0.0195312476716936,
,,,0.723285,-0.0214843724388629,
,,,0.723317,-0.0410156201105565,
,,,0.723349,0.0195312476716936,
,,,0.723381,0,
,,,0.723413,0,
,,,0.723445,0,
,,,0.723477,-0.0214843724388629,
,,,0.723509,0,
,,,0.723541,0,
,,,0.723573,0,
,,,0.723605,0,
,,,0.723637,0,
,,,0.723669,0,
,,,0.723701,0,
,,,0.723733,0.0195312476716936,
,,,0.723765,0,
,,,0.723797,0,
,,,0.723829,0,
,,,0.723861,0.0195312476716936,
,,,0.723893,0.0195312476716936,
,,,0.723925,-0.0214843724388629,
,,,0.723957,0,
,,,0.723989,0,
,,,0.724021,0,
,,,0.724053,0.0195312476716936,
,,,0.724085,0,
,,,0.724117,0,
,,,0.724149,0.0195312476716936,
,,,0.724181,0.0195312476716936,
,,,0.724213,0,
,,,0.724245,0,
,,,0.724277,-0.0214843724388629,
,,,0.724309,0.0195312476716936,
,,,0.724341,0.0195312476716936,
,,,0.724373,0,
,,,0.724405,0,
,,,0.724437,0,
,,,0.724469,-0.0214843724388629,
,,,0.724501,0,
,,,0.724533,0,
,,,0.724565,0.0195312476716936,
,,,0.724597,0.0195312476716936,
,,,0.724629,0.0195312476716936,
,,,0.724661,0,
,,,0.724693,0,
,,,0.724725,0.0195312476716936,
,,,0.724757,0,
,,,0.724789,0.0195312476716936,
,,,0.724821,0.0195312476716936,
,,,0.724853,0.0195312476716936,
,,,0.724885,0.0195312476716936,
,,,0.724917,0,
,,,0.724949,0,
,,,0.724981,0,
,,,0.725013,0.0195312476716936,
,,,0.725045,0.0195312476716936,
,,,0.725077,0,
,,,0.725109,0.0195312476716936,
,,,0.725141,-0.06054686778225,
,,,0.725173,0.0195312476716936,
,,,0.725205,0.0195312476716936,
,,,0.725237,-0.0410156201105565,
,,,0.725269,0.0195312476716936,
,,,0.725301,0.0195312476716936,
,,,0.725333,0.0195312476716936,
,,,0.725365,0.0195312476716936,
,,,0.725397,0.0195312476716936,
,,,0.725429,0.0195312476716936,
,,,0.725461,0.0195312476716936,
,,,0.725493,0,
,,,0.725525,0.0195312476716936,
,,,0.725557,0.0195312476716936,
,,,0.725589,0.0195312476716936,
,,,0.725621,0.0195312476716936,
,,,0.725653,0.0195312476716936,
,,,0.725685,0.0390624953433871,
,,,0.725717,0,
,,,0.725749,0,
,,,0.725781,0,
,,,0.725813,0,
,,,0.725845,0,
,,,0.725877,0.0195312476716936,
,,,0.725909,0,
,,,0.725941,0.0195312476716936,
,,,0.725973,0.0195312476716936,
,,,0.726005,0.0195312476716936,
,,,0.726037,0.0195312476716936,
,,,0.726069,0.0195312476716936,
,,,0.726101,0.0195312476716936,
,,,0.726133,0.0390624953433871,
,,,0.726165,-0.0410156201105565,
,,,0.726197,0.0195312476716936,
,,,0.726229,0.0195312476716936,
,,,0.726261,-0.0214843724388629,
,,,0.726293,0.0195312476716936,
,,,0.726325,0,
,,,0.726357,0.0195312476716936,
,,,0.726389,0.0195312476716936,
,,,0.726421,0.0195312476716936,
,,,0.726453,0.0195312476716936,
,,,0.726485,0.0195312476716936,
,,,0.726517,0,
,,,0.726549,0.0195312476716936,
,,,0.726581,0.0195312476716936,
,,,0.726613,0.0390624953433871,
,,,0.726645,-0.0214843724388629,
,,,0.726677,0.0195312476716936,
,,,0.726709,0.0195312476716936,
,,,0.726741,0.0195312476716936,
,,,0.726773,0.0195312476716936,
,,,0.726805,0.0195312476716936,
,,,0.726837,0,
,,,0.726869,0,
,,,0.726901,0,
,,,0.726933,0.0195312476716936,
,,,0.726965,0,
,,,0.726997,0,
,,,0.727029,0.0195312476716936,
,,,0.727061,0.0195312476716936,
,,,0.727093,0,
,,,0.727125,0,
,,,0.727157,0,
,,,0.727189,0,
,,,0.727221,-0.0214843724388629,
,,,0.727253,0,
,,,0.727285,0.0195312476716936,
,,,0.727317,0.0195312476716936,
,,,0.727349,0.0800781154539436,
,,,0.727381,0,
,,,0.727413,0.0195312476716936,
,,,0.727445,0,
,,,0.727477,0.0195312476716936,
,,,0.727509,0.0195312476716936,
,,,0.727541,0,
,,,0.727573,0.0390624953433871,
,,,0.727605,0.0195312476716936,
,,,0.727637,0.0195312476716936,
,,,0.727669,0.0195312476716936,
,,,0.727701,0.0195312476716936,
,,,0.727733,0.0195312476716936,
,,,0.727765,0,
,,,0.727797,0,
,,,0.727829,0,
,,,0.727861,0,
,,,0.727893,0,
,,,0.727925,-0.0214843724388629,
,,,0.727957,0,
,,,0.727989,0,
,,,0.728021,0.0195312476716936,
,,,0.728053,0,
,,,0.728085,0,
,,,0.728117,0,
,,,0.728149,0.0195312476716936,
,,,0.728181,0.0195312476716936,
,,,0.728213,0,
,,,0.728245,0.0195312476716936,
,,,0.728277,0,
,,,0.728309,0.0390624953433871,
,,,0.728341,0,
,,,0.728373,0,
,,,0.728405,0,
,,,0.728437,0,
,,,0.728469,0,
,,,0.728501,0,
,,,0.728533,0,
,,,0.728565,0,
,,,0.728597,0.0195312476716936,
,,,0.728629,0.0195312476716936,
,,,0.728661,0,
,,,0.728693,0,
,,,0.728725,-0.0214843724388629,
,,,0.728757,0,
,,,0.728789,0.0195312476716936,
,,,0.728821,0,
,,,0.728853,0,
,,,0.728885,0.0195312476716936,
,,,0.728917,0,
,,,0.728949,0,
,,,0.728981,-0.0214843724388629,
,,,0.729013,0.0195312476716936,
,,,0.729045,-0.0214843724388629,
,,,0.729077,0,
,,,0.729109,0,
,,,0.729141,0,
,,,0.729173,0.0195312476716936,
,,,0.729205,-0.0214843724388629,
,,,0.729237,0.0195312476716936,
,,,0.729269,0,
,,,0.729301,0,
,,,0.729333,0,
,,,0.729365,0,
,,,0.729397,0,
,,,0.729429,0.0195312476716936,
,,,0.729461,0.0195312476716936,
,,,0.729493,-0.0214843724388629,
,,,0.729525,-0.0214843724388629,
,,,0.729557,-0.0214843724388629,
,,,0.729589,0.0195312476716936,
,,,0.729621,0.0195312476716936,
,,,0.729653,-0.0214843724388629,
,,,0.729685,0,
,,,0.729717,0,
,,,0.729749,0.0195312476716936,
,,,0.729781,0,
,,,0.729813,0,
,,,0.729845,0,
,,,0.729877,0.0390624953433871,
,,,0.729909,0.0195312476716936,
,,,0.729941,0,
,,,0.729973,0.0195312476716936,
,,,0.730005,0,
,,,0.730037,0.0195312476716936,
,,,0.730069,0,
,,,0.730101,0,
,,,0.730133,0.0195312476716936,
,,,0.730165,-0.0214843724388629,
,,,0.730197,0.0195312476716936,
,,,0.730229,0,
,,,0.730261,0,
,,,0.730293,0.0195312476716936,
,,,0.730325,0.0195312476716936,
,,,0.730357,0,
,,,0.730389,0.0195312476716936,
,,,0.730421,0,
,,,0.730453,0,
,,,0.730485,0,
,,,0.730517,0,
,,,0.730549,0,
,,,0.730581,-0.0214843724388629,
,,,0.730613,0,
,,,0.730645,0.0195312476716936,
,,,0.730677,0.0195312476716936,
,,,0.730709,0,
,,,0.730741,0.0195312476716936,
,,,0.730773,0.0195312476716936,
,,,0.730805,0,
,,,0.730837,0,
,,,0.730869,0,
,,,0.730901,0.0195312476716936,
,,,0.730933,0,
,,,0.730965,0,
,,,0.730997,0,
,,,0.731029,0.0195312476716936,
,,,0.731061,0,
,,,0.731093,0,
,,,0.731125,0,
,,,0.731157,0.0195312476716936,
,,,0.731189,0.0195312476716936,
,,,0.731221,0,
,,,0.731253,0,
,,,0.731285,0,
,,,0.731317,0,
,,,0.731349,0.0195312476716936,
,,,0.731381,0,
,,,0.731413,0,
,,,0.731445,-0.0214843724388629,
,,,0.731477,-0.0214843724388629,
,,,0.731509,0.0195312476716936,
,,,0.731541,0.0195312476716936,
,,,0.731573,0.0195312476716936,
,,,0.731605,0,
,,,0.731637,0.0195312476716936,
,,,0.731669,0.0195312476716936,
,,,0.731701,0,
,,,0.731733,0,
,,,0.731765,0.0195312476716936,
,,,0.731797,0,
,,,0.731829,0.0195312476716936,
,,,0.731861,0,
,,,0.731893,0.0195312476716936,
,,,0.731925,-0.0214843724388629,
,,,0.731957,0.0195312476716936,
,,,0.731989,0.0195312476716936,
,,,0.732021,0.0195312476716936,
,,,0.732053,0.0195312476716936,
,,,0.732085,0,
,,,0.732117,0.0195312476716936,
,,,0.732149,-0.0214843724388629,
,,,0.732181,0,
,,,0.732213,0,
,,,0.732245,0,
,,,0.732277,0.0195312476716936,
,,,0.732309,0,
,,,0.732341,0,
,,,0.732373,0.0195312476716936,
,,,0.732405,0,
,,,0.732437,0,
,,,0.732469,0,
,,,0.732501,0,
,,,0.732533,0.0195312476716936,
,,,0.732565,-0.0410156201105565,
,,,0.732597,0.0195312476716936,
,,,0.732629,0,
,,,0.732661,0.0195312476716936,
,,,0.732693,0.0195312476716936,
,,,0.732725,0,
,,,0.732757,0.0195312476716936,
,,,0.732789,0,
,,,0.732821,0.0195312476716936,
,,,0.732853,0.0195312476716936,
,,,0.732885,0,
,,,0.732917,0.0195312476716936,
,,,0.732949,0,
,,,0.732981,0.0195312476716936,
,,,0.733013,0.0195312476716936,
,,,0.733045,0,
,,,0.733077,0.0195312476716936,
,,,0.733109,0.0195312476716936,
,,,0.733141,0.0195312476716936,
,,,0.733173,0.0195312476716936,
,,,0.733205,0,
,,,0.733237,0.0195312476716936,
,,,0.733269,0.0195312476716936,
,,,0.733301,0.0195312476716936,
,,,0.733333,0.0195312476716936,
,,,0.733365,0.0195312476716936,
,,,0.733397,0.0195312476716936,
,,,0.733429,0.0195312476716936,
,,,0.733461,0,
,,,0.733493,0,
,,,0.733525,0,
,,,0.733557,0,
,,,0.733589,0.0195312476716936,
,,,0.733621,0,
,,,0.733653,0.0195312476716936,
,,,0.733685,-0.0410156201105565,
,,,0.733717,0.0195312476716936,
,,,0.733749,0,
,,,0.733781,0.0195312476716936,
,,,0.733813,0.0195312476716936,
,,,0.733845,0.0195312476716936,
,,,0.733877,0.0195312476716936,
,,,0.733909,0,
,,,0.733941,0.0195312476716936,
,,,0.733973,0,
,,,0.734005,0.0195312476716936,
,,,0.734037,-0.0214843724388629,
,,,0.734069,0.0195312476716936,
,,,0.734101,0.0195312476716936,
,,,0.734133,-0.0214843724388629,
,,,0.734165,0,
,,,0.734197,0.0195312476716936,
,,,0.734229,-0.0214843724388629,
,,,0.734261,0,
,,,0.734293,0.0195312476716936,
,,,0.734325,0,
,,,0.734357,0,
,,,0.734389,0.0195312476716936,
,,,0.734421,0.0195312476716936,
,,,0.734453,0.0195312476716936,
,,,0.734485,0,
,,,0.734517,0.0195312476716936,
,,,0.734549,0,
,,,0.734581,0.0195312476716936,
,,,0.734613,0,
,,,0.734645,0.0195312476716936,
,,,0.734677,0,
,,,0.734709,0,
,,,0.734741,0.0195312476716936,
,,,0.734773,0.0195312476716936,
,,,0.734805,0.0195312476716936,
,,,0.734837,0.0390624953433871,
,,,0.734869,0.0195312476716936,
,,,0.734901,0.0195312476716936,
,,,0.734933,-0.0214843724388629,
,,,0.734965,0.0195312476716936,
,,,0.734997,-0.0214843724388629,
,,,0.735029,0.0195312476716936,
,,,0.735061,0.0195312476716936,
,,,0.735093,0,
,,,0.735125,-0.0410156201105565,
,,,0.735157,0.0195312476716936,
,,,0.735189,0,
,,,0.735221,0.0195312476716936,
,,,0.735253,0.0195312476716936,
,,,0.735285,0.0195312476716936,
,,,0.735317,0.0195312476716936,
,,,0.735349,-0.0214843724388629,
,,,0.735381,0.0195312476716936,
,,,0.735413,0,
,,,0.735445,0.0195312476716936,
,,,0.735477,0.0195312476716936,
,,,0.735509,0.0195312476716936,
,,,0.735541,0.0195312476716936,
,,,0.735573,0.0195312476716936,
,,,0.735605,0.0195312476716936,
,,,0.735637,-0.0214843724388629,
,,,0.735669,0.0585937430150807,
,,,0.735701,0,
,,,0.735733,0,
,,,0.735765,0.0585937430150807,
,,,0.735797,0.0195312476716936,
,,,0.735829,0.0390624953433871,
,,,0.735861,0.0195312476716936,
,,,0.735893,0,
,,,0.735925,-0.0214843724388629,
,,,0.735957,0.0195312476716936,
,,,0.735989,0.0195312476716936,
,,,0.736021,-0.0214843724388629,
,,,0.736053,0,
,,,0.736085,0.0195312476716936,
,,,0.736117,0.0585937430150807,
,,,0.736149,0.0195312476716936,
,,,0.736181,-0.0214843724388629,
,,,0.736213,0,
,,,0.736245,0.0195312476716936,
,,,0.736277,0,
,,,0.736309,0,
,,,0.736341,0.0195312476716936,
,,,0.736373,0,
,,,0.736405,0.0195312476716936,
,,,0.736437,0,
,,,0.736469,0.0390624953433871,
,,,0.736501,0,
,,,0.736533,0,
,,,0.736565,0.0195312476716936,
,,,0.736597,0.0195312476716936,
,,,0.736629,0,
,,,0.736661,0,
,,,0.736693,0.0390624953433871,
,,,0.736725,0,
,,,0.736757,0.0195312476716936,
,,,0.736789,0,
,,,0.736821,0,
,,,0.736853,0.0195312476716936,
,,,0.736885,0.0195312476716936,
,,,0.736917,0,
,,,0.736949,0,
,,,0.736981,0,
,,,0.737013,0.0195312476716936,
,,,0.737045,0,
,,,0.737077,0.0195312476716936,
,,,0.737109,-0.0214843724388629,
,,,0.737141,0,
,,,0.737173,0,
,,,0.737205,0.0390624953433871,
,,,0.737237,0,
,,,0.737269,0,
,,,0.737301,0,
,,,0.737333,0,
,,,0.737365,-0.0214843724388629,
,,,0.737397,0.0195312476716936,
,,,0.737429,0,
,,,0.737461,-0.0214843724388629,
,,,0.737493,0,
,,,0.737525,0,
,,,0.737557,0.0195312476716936,
,,,0.737589,0,
,,,0.737621,0,
,,,0.737653,0.0195312476716936,
,,,0.737685,0,
,,,0.737717,0.0195312476716936,
,,,0.737749,0.0195312476716936,
,,,0.737781,0,
,,,0.737813,0,
,,,0.737845,0.0195312476716936,
,,,0.737877,0.0195312476716936,
,,,0.737909,0,
,,,0.737941,0.0195312476716936,
,,,0.737973,0,
,,,0.738005,0,
,,,0.738037,0.0195312476716936,
,,,0.738069,0,
,,,0.738101,-0.0214843724388629,
,,,0.738133,0.0195312476716936,
,,,0.738165,0,
,,,0.738197,0.0195312476716936,
,,,0.738229,-0.0214843724388629,
,,,0.738261,0,
,,,0.738293,0.0195312476716936,
,,,0.738325,-0.0214843724388629,
,,,0.738357,0.0195312476716936,
,,,0.738389,0.0195312476716936,
,,,0.738421,0,
,,,0.738453,0,
,,,0.738485,0.0195312476716936,
,,,0.738517,-0.0214843724388629,
,,,0.738549,0,
,,,0.738581,0,
,,,0.738613,0,
,,,0.738645,0,
,,,0.738677,0.0390624953433871,
,,,0.738709,-0.0214843724388629,
,,,0.738741,0.0195312476716936,
,,,0.738773,0,
,,,0.738805,0,
,,,0.738837,0,
,,,0.738869,0.0195312476716936,
,,,0.738901,-0.0214843724388629,
,,,0.738933,0,
,,,0.738965,-0.0214843724388629,
,,,0.738997,0,
,,,0.739029,0.0195312476716936,
,,,0.739061,0.0195312476716936,
,,,0.739093,0,
,,,0.739125,0,
,,,0.739157,-0.0214843724388629,
,,,0.739189,0.0195312476716936,
,,,0.739221,0.0195312476716936,
,,,0.739253,0,
,,,0.739285,0,
,,,0.739317,0.0195312476716936,
,,,0.739349,0,
,,,0.739381,0,
,,,0.739413,0.0195312476716936,
,,,0.739445,0,
,,,0.739477,0.0195312476716936,
,,,0.739509,0,
,,,0.739541,0.0195312476716936,
,,,0.739573,0,
,,,0.739605,0,
,,,0.739637,0.0195312476716936,
,,,0.739669,0.0195312476716936,
,,,0.739701,0,
,,,0.739733,0.0195312476716936,
,,,0.739765,0.0195312476716936,
,,,0.739797,0,
,,,0.739829,0,
,,,0.739861,-0.0214843724388629,
,,,0.739893,0,
,,,0.739925,0,
,,,0.739957,0,
,,,0.739989,-0.0214843724388629,
,,,0.740021,-0.0214843724388629,
,,,0.740053,0,
,,,0.740085,0.0195312476716936,
,,,0.740117,0,
,,,0.740149,-0.0214843724388629,
,,,0.740181,0,
,,,0.740213,0,
,,,0.740245,0,
,,,0.740277,0.0195312476716936,
,,,0.740309,0.0195312476716936,
,,,0.740341,0.0195312476716936,
,,,0.740373,0,
,,,0.740405,0,
,,,0.740437,0.0390624953433871,
,,,0.740469,0,
,,,0.740501,0,
,,,0.740533,0,
,,,0.740565,0,
,,,0.740597,0.0195312476716936,
,,,0.740629,0,
,,,0.740661,0,
,,,0.740693,0.0195312476716936,
,,,0.740725,0,
,,,0.740757,0,
,,,0.740789,0,
,,,0.740821,0,
,,,0.740853,0.0195312476716936,
,,,0.740885,0.0195312476716936,
,,,0.740917,0.0195312476716936,
,,,0.740949,0,
,,,0.740981,0,
,,,0.741013,0.0195312476716936,
,,,0.741045,0.0195312476716936,
,,,0.741077,0,
,,,0.741109,0,
,,,0.741141,0,
,,,0.741173,0,
,,,0.741205,0,
,,,0.741237,0,
,,,0.741269,0,
,,,0.741301,0,
,,,0.741333,0.0195312476716936,
,,,0.741365,0,
,,,0.741397,-0.0214843724388629,
,,,0.741429,0.0195312476716936,
,,,0.741461,0,
,,,0.741493,0,
,,,0.741525,0.0195312476716936,
,,,0.741557,0.0195312476716936,
,,,0.741589,0.0195312476716936,
,,,0.741621,0.0390624953433871,
,,,0.741653,0,
,,,0.741685,0.0195312476716936,
,,,0.741717,0.0195312476716936,
,,,0.741749,0.0195312476716936,
,,,0.741781,0.0195312476716936,
,,,0.741813,0,
,,,0.741845,0.0195312476716936,
,,,0.741877,0.0195312476716936,
,,,0.741909,0.0195312476716936,
,,,0.741941,0.0195312476716936,
,,,0.741973,0,
,,,0.742005,0,
,,,0.742037,0.0195312476716936,
,,,0.742069,0.0195312476716936,
,,,0.742101,0.0195312476716936,
,,,0.742133,0.0195312476716936,
,,,0.742165,0.0195312476716936,
,,,0.742197,-0.0800781154539436,
,,,0.742229,0.0195312476716936,
,,,0.742261,0,
,,,0.742293,0,
,,,0.742325,-0.0214843724388629,
,,,0.742357,0,
,,,0.742389,0.0195312476716936,
,,,0.742421,0.0390624953433871,
,,,0.742453,0,
,,,0.742485,0.0390624953433871,
,,,0.742517,0,
,,,0.742549,0.0195312476716936,
,,,0.742581,0.0195312476716936,
,,,0.742613,0.0195312476716936,
,,,0.742645,0.0195312476716936,
,,,0.742677,0.0195312476716936,
,,,0.742709,0.0195312476716936,
,,,0.742741,0.0195312476716936,
,,,0.742773,0.0195312476716936,
,,,0.742805,0,
,,,0.742837,0,
,,,0.742869,0,
,,,0.742901,0,
,,,0.742933,0.0195312476716936,
,,,0.742965,0,
,,,0.742997,0,
,,,0.743029,0.0195312476716936,
,,,0.743061,-0.0214843724388629,
,,,0.743093,0,
,,,0.743125,0.0195312476716936,
,,,0.743157,0.0195312476716936,
,,,0.743189,0.0195312476716936,
,,,0.743221,-0.0410156201105565,
,,,0.743253,-0.0214843724388629,
,,,0.743285,0,
,,,0.743317,0.0195312476716936,
,,,0.743349,0,
,,,0.743381,0,
,,,0.743413,0.0195312476716936,
,,,0.743445,-0.0214843724388629,
,,,0.743477,0.0390624953433871,
,,,0.743509,0,
,,,0.743541,0.0195312476716936,
,,,0.743573,0,
,,,0.743605,0.0195312476716936,
,,,0.743637,0.0195312476716936,
,,,0.743669,0,
,,,0.743701,0,
,,,0.743733,0,
,,,0.743765,0.0195312476716936,
,,,0.743797,0.0195312476716936,
,,,0.743829,0.0195312476716936,
,,,0.743861,0,
,,,0.743893,0,
,,,0.743925,0,
,,,0.743957,0,
,,,0.743989,0.0195312476716936,
,,,0.744021,0.0195312476716936,
,,,0.744053,-0.0214843724388629,
,,,0.744085,0,
,,,0.744117,0.0195312476716936,
,,,0.744149,0.0195312476716936,
,,,0.744181,0.0390624953433871,
,,,0.744213,0,
,,,0.744245,0.0390624953433871,
,,,0.744277,0,
,,,0.744309,0.0195312476716936,
,,,0.744341,0.0195312476716936,
,,,0.744373,0.0195312476716936,
,,,0.744405,0.0390624953433871,
,,,0.744437,0,
,,,0.744469,0.0195312476716936,
,,,0.744501,0,
,,,0.744533,0,
,,,0.744565,0.0195312476716936,
,,,0.744597,0,
,,,0.744629,0,
,,,0.744661,0.0195312476716936,
,,,0.744693,0,
,,,0.744725,0,
,,,0.744757,0,
,,,0.744789,0,
,,,0.744821,0.0195312476716936,
,,,0.744853,0.0390624953433871,
,,,0.744885,-0.0214843724388629,
,,,0.744917,0,
,,,0.744949,0,
,,,0.744981,0.0195312476716936,
,,,0.745013,-0.0214843724388629,
,,,0.745045,0.0195312476716936,
,,,0.745077,0,
,,,0.745109,0.0195312476716936,
,,,0.745141,0,
,,,0.745173,0.0195312476716936,
,,,0.745205,0,
,,,0.745237,0.0195312476716936,
,,,0.745269,0.0195312476716936,
,,,0.745301,0,
,,,0.745333,0,
,,,0.745365,-0.0214843724388629,
,,,0.745397,0,
,,,0.745429,0.0195312476716936,
,,,0.745461,0.0195312476716936,
,,,0.745493,0,
,,,0.745525,0,
,,,0.745557,0,
,,,0.745589,0.0195312476716936,
,,,0.745621,0.0195312476716936,
,,,0.745653,0.0195312476716936,
,,,0.745685,-0.0214843724388629,
,,,0.745717,0,
,,,0.745749,0,
,,,0.745781,0.0195312476716936,
,,,0.745813,0,
,,,0.745845,0.0390624953433871,
,,,0.745877,0.0195312476716936,
,,,0.745909,0.0390624953433871,
,,,0.745941,0,
,,,0.745973,0.0195312476716936,
,,,0.746005,0.0195312476716936,
,,,0.746037,0.0195312476716936,
,,,0.746069,0,
,,,0.746101,0,
,,,0.746133,0.0195312476716936,
,,,0.746165,0,
,,,0.746197,0,
,,,0.746229,0.0195312476716936,
,,,0.746261,0.0195312476716936,
,,,0.746293,0,
,,,0.746325,0,
,,,0.746357,0.0195312476716936,
,,,0.746389,0.0195312476716936,
,,,0.746421,0,
,,,0.746453,0.0195312476716936,
,,,0.746485,0,
,,,0.746517,0.0195312476716936,
,,,0.746549,0.0390624953433871,
,,,0.746581,0,
,,,0.746613,0.0195312476716936,
,,,0.746645,0.0195312476716936,
,,,0.746677,0.0195312476716936,
,,,0.746709,0.0390624953433871,
,,,0.746741,0.0390624953433871,
,,,0.746773,0.0195312476716936,
,,,0.746805,0.0195312476716936,
,,,0.746837,0.0195312476716936,
,,,0.746869,0.0195312476716936,
,,,0.746901,0,
,,,0.746933,0,
,,,0.746965,0.0195312476716936,
,,,0.746997,0.0195312476716936,
,,,0.747029,0,
,,,0.747061,0,
,,,0.747093,0.0195312476716936,
,,,0.747125,0.0195312476716936,
,,,0.747157,0.0195312476716936,
,,,0.747189,0.0195312476716936,
,,,0.747221,0.0195312476716936,
,,,0.747253,0.0195312476716936,
,,,0.747285,0.0195312476716936,
,,,0.747317,0.0195312476716936,
,,,0.747349,0,
,,,0.747381,0.0195312476716936,
,,,0.747413,0.0195312476716936,
,,,0.747445,0.0195312476716936,
,,,0.747477,0.0195312476716936,
,,,0.747509,0.0195312476716936,
,,,0.747541,0.0195312476716936,
,,,0.747573,0,
,,,0.747605,0,
,,,0.747637,0.0195312476716936,
,,,0.747669,0,
,,,0.747701,0.0195312476716936,
,,,0.747733,0,
,,,0.747765,0,
,,,0.747797,0.0195312476716936,
,,,0.747829,0,
,,,0.747861,0.0195312476716936,
,,,0.747893,0.0195312476716936,
,,,0.747925,0,
,,,0.747957,0.0195312476716936,
,,,0.747989,0,
,,,0.748021,0.0195312476716936,
,,,0.748053,0,
,,,0.748085,0.0195312476716936,
,,,0.748117,0,
,,,0.748149,0.0195312476716936,
,,,0.748181,0.0195312476716936,
,,,0.748213,0.0195312476716936,
,,,0.748245,0.0195312476716936,
,,,0.748277,0.0195312476716936,
,,,0.748309,0.0195312476716936,
,,,0.748341,0,
,,,0.748373,0,
,,,0.748405,0.0195312476716936,
,,,0.748437,0,
,,,0.748469,0,
,,,0.748501,0.0195312476716936,
,,,0.748533,0.0195312476716936,
,,,0.748565,0.0195312476716936,
,,,0.748597,0,
,,,0.748629,0.0195312476716936,
,,,0.748661,0.0195312476716936,
,,,0.748693,-0.0214843724388629,
,,,0.748725,0.0195312476716936,
,,,0.748757,0,
,,,0.748789,0,
,,,0.748821,0,
,,,0.748853,0,
,,,0.748885,0.0195312476716936,
,,,0.748917,0.0195312476716936,
,,,0.748949,0.0195312476716936,
,,,0.748981,0,
,,,0.749013,0.0390624953433871,
,,,0.749045,0.0195312476716936,
,,,0.749077,0.0195312476716936,
,,,0.749109,0,
,,,0.749141,0.0195312476716936,
,,,0.749173,0.0195312476716936,
,,,0.749205,0,
,,,0.749237,0.0195312476716936,
,,,0.749269,0.0195312476716936,
,,,0.749301,0,
,,,0.749333,0.0195312476716936,
,,,0.749365,0,
,,,0.749397,0.0195312476716936,
,,,0.749429,0.0195312476716936,
,,,0.749461,0,
,,,0.749493,0.0195312476716936,
,,,0.749525,0,
,,,0.749557,-0.0410156201105565,
,,,0.749589,0.0390624953433871,
,,,0.749621,0,
,,,0.749653,0.0195312476716936,
,,,0.749685,-0.0214843724388629,
,,,0.749717,0,
,,,0.749749,0,
,,,0.749781,0.0195312476716936,
,,,0.749813,0.0195312476716936,
,,,0.749845,0.0195312476716936,
,,,0.749877,-0.06054686778225,
,,,0.749909,0.0390624953433871,
,,,0.749941,-0.0214843724388629,
,,,0.749973,0,
,,,0.750005,0,
,,,0.750037,0,
,,,0.750069,0.0195312476716936,
,,,0.750101,0,
,,,0.750133,0,
,,,0.750165,0.0390624953433871,
,,,0.750197,0.0195312476716936,
,,,0.750229,0.0195312476716936,
,,,0.750261,0.0195312476716936,
,,,0.750293,0.0195312476716936,
,,,0.750325,0.0390624953433871,
,,,0.750357,0,
,,,0.750389,0,
,,,0.750421,-0.0214843724388629,
,,,0.750453,0,
,,,0.750485,0,
,,,0.750517,0.0195312476716936,
,,,0.750549,0,
,,,0.750581,-0.0214843724388629,
,,,0.750613,0.0195312476716936,
,,,0.750645,0.0195312476716936,
,,,0.750677,0.0195312476716936,
,,,0.750709,0,
,,,0.750741,0.0195312476716936,
,,,0.750773,0,
,,,0.750805,0.0195312476716936,
,,,0.750837,0,
,,,0.750869,0.0195312476716936,
,,,0.750901,0.0195312476716936,
,,,0.750933,0.0195312476716936,
,,,0.750965,0.0195312476716936,
,,,0.750997,0,
,,,0.751029,0.0195312476716936,
,,,0.751061,0.0195312476716936,
,,,0.751093,0,
,,,0.751125,0,
,,,0.751157,0,
,,,0.751189,0.0195312476716936,
,,,0.751221,0,
,,,0.751253,0,
,,,0.751285,0,
,,,0.751317,0,
,,,0.751349,-0.0410156201105565,
,,,0.751381,0,
,,,0.751413,0.0195312476716936,
,,,0.751445,0.0390624953433871,
,,,0.751477,0,
,,,0.751509,0,
,,,0.751541,0.0195312476716936,
,,,0.751573,0,
,,,0.751605,0.0195312476716936,
,,,0.751637,0.0195312476716936,
,,,0.751669,0.0195312476716936,
,,,0.751701,0,
,,,0.751733,0.0195312476716936,
,,,0.751765,0.0195312476716936,
,,,0.751797,0.0195312476716936,
,,,0.751829,0.0195312476716936,
,,,0.751861,0,
,,,0.751893,-0.06054686778225,
,,,0.751925,0.0195312476716936,
,,,0.751957,0.0195312476716936,
,,,0.751989,0.0195312476716936,
,,,0.752021,0.0195312476716936,
,,,0.752053,0.0195312476716936,
,,,0.752085,0,
,,,0.752117,0.0195312476716936,
,,,0.752149,0,
,,,0.752181,0.0195312476716936,
,,,0.752213,0.0195312476716936,
,,,0.752245,0,
,,,0.752277,0.0195312476716936,
,,,0.752309,0.0800781154539436,
,,,0.752341,0,
,,,0.752373,0,
,,,0.752405,0.0585937430150807,
,,,0.752437,0,
,,,0.752469,0.0195312476716936,
,,,0.752501,0,
,,,0.752533,-0.0800781154539436,
,,,0.752565,0.0195312476716936,
,,,0.752597,0.0195312476716936,
,,,0.752629,0,
,,,0.752661,0,
,,,0.752693,0,
,,,0.752725,0.0585937430150807,
,,,0.752757,0.0390624953433871,
,,,0.752789,0,
,,,0.752821,0.0195312476716936,
,,,0.752853,0.0195312476716936,
,,,0.752885,0,
,,,0.752917,0,
,,,0.752949,0.0195312476716936,
,,,0.752981,0.0390624953433871,
,,,0.753013,0,
,,,0.753045,0.0195312476716936,
,,,0.753077,0,
,,,0.753109,0.0195312476716936,
,,,0.753141,0.0195312476716936,
,,,0.753173,0,
,,,0.753205,0.0195312476716936,
,,,0.753237,0.0195312476716936,
,,,0.753269,0.0195312476716936,
,,,0.753301,0.0585937430150807,
,,,0.753333,0,
,,,0.753365,0.0195312476716936,
,,,0.753397,0,
,,,0.753429,0,
,,,0.753461,0.0195312476716936,
,,,0.753493,0.0195312476716936,
,,,0.753525,0.0195312476716936,
,,,0.753557,0,
,,,0.753589,0.0195312476716936,
,,,0.753621,0.0195312476716936,
,,,0.753653,0.0390624953433871,
,,,0.753685,0.0195312476716936,
,,,0.753717,-0.0214843724388629,
,,,0.753749,0.0195312476716936,
,,,0.753781,0,
,,,0.753813,0,
,,,0.753845,0,
,,,0.753877,0,
,,,0.753909,0.0195312476716936,
,,,0.753941,0.0195312476716936,
,,,0.753973,0,
,,,0.754005,0.0195312476716936,
,,,0.754037,0,
,,,0.754069,0.0195312476716936,
,,,0.754101,0,
,,,0.754133,0.0195312476716936,
,,,0.754165,0.0390624953433871,
,,,0.754197,-0.0214843724388629,
,,,0.754229,-0.0214843724388629,
,,,0.754261,0.0195312476716936,
,,,0.754293,0,
,,,0.754325,0.0195312476716936,
,,,0.754357,0.0195312476716936,
,,,0.754389,0,
,,,0.754421,0,
,,,0.754453,0.0195312476716936,
,,,0.754485,0,
,,,0.754517,0.0195312476716936,
,,,0.754549,0.0195312476716936,
,,,0.754581,0.0195312476716936,
,,,0.754613,0,
,,,0.754645,0.0195312476716936,
,,,0.754677,0.0195312476716936,
,,,0.754709,0.0390624953433871,
,,,0.754741,0.0195312476716936,
,,,0.754773,0,
,,,0.754805,0.0390624953433871,
,,,0.754837,0,
,,,0.754869,0,
,,,0.754901,0.0195312476716936,
,,,0.754933,0,
,,,0.754965,0,
,,,0.754997,0.0195312476716936,
,,,0.755029,0.0195312476716936,
,,,0.755061,0.0195312476716936,
,,,0.755093,0.0195312476716936,
,,,0.755125,0,
,,,0.755157,0.0195312476716936,
,,,0.755189,0.0195312476716936,
,,,0.755221,0,
,,,0.755253,0,
,,,0.755285,0.0195312476716936,
,,,0.755317,0,
,,,0.755349,0.0195312476716936,
,,,0.755381,0.0195312476716936,
,,,0.755413,0.0390624953433871,
,,,0.755445,0,
,,,0.755477,0.0195312476716936,
,,,0.755509,0,
,,,0.755541,0,
,,,0.755573,0.0195312476716936,
,,,0.755605,0.0195312476716936,
,,,0.755637,0.0195312476716936,
,,,0.755669,0.0195312476716936,
,,,0.755701,0,
,,,0.755733,0.0195312476716936,
,,,0.755765,0,
,,,0.755797,0,
,,,0.755829,0,
,,,0.755861,0.0195312476716936,
,,,0.755893,0,
,,,0.755925,0,
,,,0.755957,0,
,,,0.755989,0.0195312476716936,
,,,0.756021,0.0195312476716936,
,,,0.756053,-0.0214843724388629,
,,,0.756085,0.0195312476716936,
,,,0.756117,-0.0214843724388629,
,,,0.756149,0,
,,,0.756181,0.0195312476716936,
,,,0.756213,0,
,,,0.756245,0.0195312476716936,
,,,0.756277,0,
,,,0.756309,0.0195312476716936,
,,,0.756341,-0.0214843724388629,
,,,0.756373,0,
,,,0.756405,0,
,,,0.756437,0,
,,,0.756469,0,
,,,0.756501,-0.0214843724388629,
,,,0.756533,0,
,,,0.756565,0,
,,,0.756597,0,
,,,0.756629,0,
,,,0.756661,0,
,,,0.756693,0.0195312476716936,
,,,0.756725,0,
,,,0.756757,0.0195312476716936,
,,,0.756789,0,
,,,0.756821,0,
,,,0.756853,0.0195312476716936,
,,,0.756885,0,
,,,0.756917,0,
,,,0.756949,0,
,,,0.756981,0.0195312476716936,
,,,0.757013,0,
,,,0.757045,0,
,,,0.757077,0,
,,,0.757109,0,
,,,0.757141,0.0195312476716936,
,,,0.757173,0,
,,,0.757205,0.0195312476716936,
,,,0.757237,0.0195312476716936,
,,,0.757269,-0.0214843724388629,
,,,0.757301,0,
,,,0.757333,0.0195312476716936,
,,,0.757365,0.0195312476716936,
,,,0.757397,0,
,,,0.757429,0.0195312476716936,
,,,0.757461,-0.0214843724388629,
,,,0.757493,0,
,,,0.757525,-0.0214843724388629,
,,,0.757557,0.0195312476716936,
,,,0.757589,0,
,,,0.757621,0.0195312476716936,
,,,0.757653,0.0195312476716936,
,,,0.757685,0.0195312476716936,
,,,0.757717,0,
,,,0.757749,0,
,,,0.757781,0,
,,,0.757813,0.0195312476716936,
,,,0.757845,0.0195312476716936,
,,,0.757877,0.0195312476716936,
,,,0.757909,0.0195312476716936,
,,,0.757941,0.0195312476716936,
,,,0.757973,0.0195312476716936,
,,,0.758005,0.0195312476716936,
,,,0.758037,0.0195312476716936,
,,,0.758069,0,
,,,0.758101,0.0195312476716936,
,,,0.758133,0.0195312476716936,
,,,0.758165,0.0195312476716936,
,,,0.758197,0.0195312476716936,
,,,0.758229,0,
,,,0.758261,0.0195312476716936,
,,,0.758293,-0.0214843724388629,
,,,0.758325,0,
,,,0.758357,0,
,,,0.758389,0,
,,,0.758421,-0.0214843724388629,
,,,0.758453,0.0195312476716936,
,,,0.758485,0.0195312476716936,
,,,0.758517,0.0195312476716936,
,,,0.758549,0.0195312476716936,
,,,0.758581,0,
,,,0.758613,-0.0410156201105565,
,,,0.758645,0,
,,,0.758677,0,
,,,0.758709,0.0195312476716936,
,,,0.758741,0.0195312476716936,
,,,0.758773,0.0195312476716936,
,,,0.758805,0.0195312476716936,
,,,0.758837,0.0195312476716936,
,,,0.758869,0.0195312476716936,
,,,0.758901,0,
,,,0.758933,0.0195312476716936,
,,,0.758965,0,
,,,0.758997,0,
,,,0.759029,0.0195312476716936,
,,,0.759061,0.0195312476716936,
,,,0.759093,0.0195312476716936,
,,,0.759125,0,
,,,0.759157,0.0195312476716936,
,,,0.759189,0.0585937430150807,
,,,0.759221,0,
,,,0.759253,0,
,,,0.759285,-0.0214843724388629,
,,,0.759317,0.0195312476716936,
,,,0.759349,0.0195312476716936,
,,,0.759381,0.0195312476716936,
,,,0.759413,0,
,,,0.759445,0.0195312476716936,
,,,0.759477,0.0195312476716936,
,,,0.759509,0.0195312476716936,
,,,0.759541,0.0195312476716936,
,,,0.759573,0.0195312476716936,
,,,0.759605,0.0195312476716936,
,,,0.759637,0,
,,,0.759669,0.0195312476716936,
,,,0.759701,0,
,,,0.759733,0.0195312476716936,
,,,0.759765,0.0195312476716936,
,,,0.759797,0.0195312476716936,
,,,0.759829,0.0195312476716936,
,,,0.759861,0,
,,,0.759893,0,
,,,0.759925,0,
,,,0.759957,0.0585937430150807,
,,,0.759989,0.0195312476716936,
,,,0.760021,0.0195312476716936,
,,,0.760053,0,
,,,0.760085,0.0195312476716936,
,,,0.760117,0,
,,,0.760149,0,
,,,0.760181,0.0195312476716936,
,,,0.760213,0.0195312476716936,
,,,0.760245,0.0195312476716936,
,,,0.760277,0.0195312476716936,
,,,0.760309,0,
,,,0.760341,0.0195312476716936,
,,,0.760373,0,
,,,0.760405,0,
,,,0.760437,0.0195312476716936,
,,,0.760469,0,
,,,0.760501,0,
,,,0.760533,0.0195312476716936,
,,,0.760565,0,
,,,0.760597,0.0195312476716936,
,,,0.760629,0,
,,,0.760661,0.0195312476716936,
,,,0.760693,0,
,,,0.760725,0.0195312476716936,
,,,0.760757,0,
,,,0.760789,0,
,,,0.760821,0.0195312476716936,
,,,0.760853,0,
,,,0.760885,-0.0214843724388629,
,,,0.760917,-0.0800781154539436,
,,,0.760949,0,
,,,0.760981,0.0195312476716936,
,,,0.761013,0.0195312476716936,
,,,0.761045,0.0390624953433871,
,,,0.761077,0,
,,,0.761109,0,
,,,0.761141,0.0195312476716936,
,,,0.761173,0.0195312476716936,
,,,0.761205,0,
,,,0.761237,-0.0214843724388629,
,,,0.761269,0.0195312476716936,
,,,0.761301,0,
,,,0.761333,-0.0214843724388629,
,,,0.761365,0.0195312476716936,
,,,0.761397,0.0195312476716936,
,,,0.761429,0.0390624953433871,
,,,0.761461,0,
,,,0.761493,0,
,,,0.761525,0,
,,,0.761557,0,
,,,0.761589,0,
,,,0.761621,0,
,,,0.761653,0,
,,,0.761685,0,
,,,0.761717,0,
,,,0.761749,0,
,,,0.761781,0.0195312476716936,
,,,0.761813,0,
,,,0.761845,0,
,,,0.761877,0,
,,,0.761909,0.0390624953433871,
,,,0.761941,0,
,,,0.761973,0,
,,,0.762005,0,
,,,0.762037,0,
,,,0.762069,0,
,,,0.762101,0,
,,,0.762133,0.0390624953433871,
,,,0.762165,0,
,,,0.762197,-0.0214843724388629,
,,,0.762229,0,
,,,0.762261,-0.0214843724388629,
,,,0.762293,0,
,,,0.762325,0,
,,,0.762357,0.0195312476716936,
,,,0.762389,0,
,,,0.762421,-0.0214843724388629,
,,,0.762453,0,
,,,0.762485,0,
,,,0.762517,0.0195312476716936,
,,,0.762549,0.0195312476716936,
,,,0.762581,0,
,,,0.762613,0.0195312476716936,
,,,0.762645,0.0195312476716936,
,,,0.762677,0.0195312476716936,
,,,0.762709,0.0195312476716936,
,,,0.762741,0,
,,,0.762773,0.0195312476716936,
,,,0.762805,0,
,,,0.762837,0,
,,,0.762869,-0.0214843724388629,
,,,0.762901,0,
,,,0.762933,0,
,,,0.762965,0,
,,,0.762997,0.0390624953433871,
,,,0.763029,0.0195312476716936,
,,,0.763061,0,
,,,0.763093,0.0390624953433871,
,,,0.763125,0,
,,,0.763157,0.0195312476716936,
,,,0.763189,0,
,,,0.763221,0,
,,,0.763253,0.0195312476716936,
,,,0.763285,0.0390624953433871,
,,,0.763317,0.0390624953433871,
,,,0.763349,0.0195312476716936,
,,,0.763381,0.0195312476716936,
,,,0.763413,0.0195312476716936,
,,,0.763445,0,
,,,0.763477,0,
,,,0.763509,0,
,,,0.763541,0.0195312476716936,
,,,0.763573,0,
,,,0.763605,0,
,,,0.763637,0,
,,,0.763669,0.0195312476716936,
,,,0.763701,0.0195312476716936,
,,,0.763733,0.0195312476716936,
,,,0.763765,0,
,,,0.763797,0,
,,,0.763829,0.0195312476716936,
,,,0.763861,0,
,,,0.763893,0.0195312476716936,
,,,0.763925,0,
,,,0.763957,0.0195312476716936,
,,,0.763989,0.0195312476716936,
,,,0.764021,0,
,,,0.764053,-0.0214843724388629,
,,,0.764085,0,
,,,0.764117,0,
,,,0.764149,0.0195312476716936,
,,,0.764181,0,
,,,0.764213,0.0195312476716936,
,,,0.764245,0.0195312476716936,
,,,0.764277,0.0195312476716936,
,,,0.764309,0.0195312476716936,
,,,0.764341,0,
,,,0.764373,0,
,,,0.764405,0,
,,,0.764437,0.0195312476716936,
,,,0.764469,0.0195312476716936,
,,,0.764501,0.0195312476716936,
,,,0.764533,0.0195312476716936,
,,,0.764565,0.0195312476716936,
,,,0.764597,0,
,,,0.764629,0.0195312476716936,
,,,0.764661,0,
,,,0.764693,0,
,,,0.764725,0.0195312476716936,
,,,0.764757,0,
,,,0.764789,0,
,,,0.764821,0,
,,,0.764853,0,
,,,0.764885,0,
,,,0.764917,0,
,,,0.764949,0,
,,,0.764981,0.0195312476716936,
,,,0.765013,0,
,,,0.765045,0.0195312476716936,
,,,0.765077,-0.0214843724388629,
,,,0.765109,0,
,,,0.765141,0,
,,,0.765173,0,
,,,0.765205,0.0195312476716936,
,,,0.765237,0,
,,,0.765269,-0.0214843724388629,
,,,0.765301,0,
,,,0.765333,0,
,,,0.765365,0.0195312476716936,
,,,0.765397,0.0195312476716936,
,,,0.765429,0,
,,,0.765461,0,
,,,0.765493,0.0195312476716936,
,,,0.765525,0,
,,,0.765557,0.0195312476716936,
,,,0.765589,0,
,,,0.765621,0,
,,,0.765653,0.0195312476716936,
,,,0.765685,0,
,,,0.765717,0.0195312476716936,
,,,0.765749,0.0195312476716936,
,,,0.765781,0.0195312476716936,
,,,0.765813,0.0195312476716936,
,,,0.765845,0,
,,,0.765877,0,
,,,0.765909,0.0195312476716936,
,,,0.765941,0.0195312476716936,
,,,0.765973,0.0195312476716936,
,,,0.766005,-0.0410156201105565,
,,,0.766037,0,
,,,0.766069,0.0195312476716936,
,,,0.766101,0,
,,,0.766133,0.0195312476716936,
,,,0.766165,0,
,,,0.766197,0,
,,,0.766229,0.0195312476716936,
,,,0.766261,0.0195312476716936,
,,,0.766293,0.0390624953433871,
,,,0.766325,0,
,,,0.766357,0.0195312476716936,
,,,0.766389,0.0195312476716936,
,,,0.766421,0.0195312476716936,
,,,0.766453,0.0195312476716936,
,,,0.766485,0.0195312476716936,
,,,0.766517,0.0195312476716936,
,,,0.766549,0.0195312476716936,
,,,0.766581,0.0195312476716936,
,,,0.766613,0,
,,,0.766645,0.0195312476716936,
,,,0.766677,0,
,,,0.766709,0.0195312476716936,
,,,0.766741,0.0390624953433871,
,,,0.766773,0.0195312476716936,
,,,0.766805,0.0195312476716936,
,,,0.766837,0.0195312476716936,
,,,0.766869,0,
,,,0.766901,0.0390624953433871,
,,,0.766933,0,
,,,0.766965,0,
,,,0.766997,0,
,,,0.767029,0,
,,,0.767061,0,
,,,0.767093,0,
,,,0.767125,0,
,,,0.767157,-0.0214843724388629,
,,,0.767189,0.0390624953433871,
,,,0.767221,0,
,,,0.767253,-0.0214843724388629,
,,,0.767285,0.0195312476716936,
,,,0.767317,0,
,,,0.767349,0,
,,,0.767381,-0.0410156201105565,
,,,0.767413,0,
,,,0.767445,-0.0214843724388629,
,,,0.767477,0.0195312476716936,
,,,0.767509,0.0195312476716936,
,,,0.767541,0.0195312476716936,
,,,0.767573,0,
,,,0.767605,0.0195312476716936,
,,,0.767637,0.0195312476716936,
,,,0.767669,0.0195312476716936,
,,,0.767701,0.0195312476716936,
,,,0.767733,0.0390624953433871,
,,,0.767765,0.0195312476716936,
,,,0.767797,0.0195312476716936,
,,,0.767829,0.0195312476716936,
,,,0.767861,0.0195312476716936,
,,,0.767893,0,
,,,0.767925,0.0195312476716936,
,,,0.767957,0.0195312476716936,
,,,0.767989,0.0195312476716936,
,,,0.768021,0.0195312476716936,
,,,0.768053,0.0195312476716936,
,,,0.768085,0.0585937430150807,
,,,0.768117,0,
,,,0.768149,0.0195312476716936,
,,,0.768181,0.0195312476716936,
,,,0.768213,-0.0214843724388629,
,,,0.768245,0,
,,,0.768277,0,
,,,0.768309,0,
,,,0.768341,0,
,,,0.768373,0.0195312476716936,
,,,0.768405,0,
,,,0.768437,0,
,,,0.768469,0.0195312476716936,
,,,0.768501,0.0195312476716936,
,,,0.768533,0,
,,,0.768565,0,
,,,0.768597,0.0195312476716936,
,,,0.768629,0.0195312476716936,
,,,0.768661,0,
,,,0.768693,0.0195312476716936,
,,,0.768725,0.0195312476716936,
,,,0.768757,0.0195312476716936,
,,,0.768789,0,
,,,0.768821,0.0800781154539436,
,,,0.768853,0,
,,,0.768885,0.0195312476716936,
,,,0.768917,0.0195312476716936,
,,,0.768949,0.0195312476716936,
,,,0.768981,0.0195312476716936,
,,,0.769013,0,
,,,0.769045,0,
,,,0.769077,0.0195312476716936,
,,,0.769109,0.0195312476716936,
,,,0.769141,0.0390624953433871,
,,,0.769173,0.0195312476716936,
,,,0.769205,-0.0214843724388629,
,,,0.769237,-0.0214843724388629,
,,,0.769269,0,
,,,0.769301,0.0195312476716936,
,,,0.769333,0.0195312476716936,
,,,0.769365,0,
,,,0.769397,0.0390624953433871,
,,,0.769429,0.0195312476716936,
,,,0.769461,0.0195312476716936,
,,,0.769493,0.0195312476716936,
,,,0.769525,-0.0214843724388629,
,,,0.769557,0.0195312476716936,
,,,0.769589,0,
,,,0.769621,-0.0214843724388629,
,,,0.769653,0,
,,,0.769685,0.0195312476716936,
,,,0.769717,0.0390624953433871,
,,,0.769749,0.0195312476716936,
,,,0.769781,0.0195312476716936,
,,,0.769813,-0.06054686778225,
,,,0.769845,0.0195312476716936,
,,,0.769877,0.0195312476716936,
,,,0.769909,0.0195312476716936,
,,,0.769941,0.0195312476716936,
,,,0.769973,0.0195312476716936,
,,,0.770005,0.0195312476716936,
,,,0.770037,0.0195312476716936,
,,,0.770069,0.0390624953433871,
,,,0.770101,0.0195312476716936,
,,,0.770133,0.0195312476716936,
,,,0.770165,0,
,,,0.770197,0.0195312476716936,
,,,0.770229,0.0195312476716936,
,,,0.770261,0.0195312476716936,
,,,0.770293,0,
,,,0.770325,0.0390624953433871,
,,,0.770357,0,
,,,0.770389,0.0195312476716936,
,,,0.770421,0.0390624953433871,
,,,0.770453,0.0195312476716936,
,,,0.770485,0.0390624953433871,
,,,0.770517,0.0195312476716936,
,,,0.770549,0,
,,,0.770581,0,
,,,0.770613,0,
,,,0.770645,0,
,,,0.770677,0,
,,,0.770709,-0.0214843724388629,
,,,0.770741,0,
,,,0.770773,0.0195312476716936,
,,,0.770805,0.0390624953433871,
,,,0.770837,0,
,,,0.770869,0.0195312476716936,
,,,0.770901,0.0195312476716936,
,,,0.770933,0,
,,,0.770965,0.0195312476716936,
,,,0.770997,0,
,,,0.771029,0,
,,,0.771061,0.0195312476716936,
,,,0.771093,0,
,,,0.771125,0.0195312476716936,
,,,0.771157,0,
,,,0.771189,0,
,,,0.771221,0.0195312476716936,
,,,0.771253,0,
,,,0.771285,0.0390624953433871,
,,,0.771317,0.0195312476716936,
,,,0.771349,0.0195312476716936,
,,,0.771381,0.0195312476716936,
,,,0.771413,-0.0214843724388629,
,,,0.771445,0.0195312476716936,
,,,0.771477,-0.0214843724388629,
,,,0.771509,-0.0214843724388629,
,,,0.771541,-0.0214843724388629,
,,,0.771573,0,
,,,0.771605,-0.0410156201105565,
,,,0.771637,0.0195312476716936,
,,,0.771669,0,
,,,0.771701,0,
,,,0.771733,0.0390624953433871,
,,,0.771765,0.0195312476716936,
,,,0.771797,0.0195312476716936,
,,,0.771829,0,
,,,0.771861,0.0195312476716936,
,,,0.771893,0,
,,,0.771925,0.0195312476716936,
,,,0.771957,0,
,,,0.771989,0,
,,,0.772021,0.0195312476716936,
,,,0.772053,0,
,,,0.772085,0,
,,,0.772117,-0.0214843724388629,
,,,0.772149,0,
,,,0.772181,0.0195312476716936,
,,,0.772213,0,
,,,0.772245,0,
,,,0.772277,0,
,,,0.772309,0.0390624953433871,
,,,0.772341,0.0195312476716936,
,,,0.772373,0,
,,,0.772405,0,
,,,0.772437,0.0195312476716936,
,,,0.772469,0,
,,,0.772501,0,
,,,0.772533,0,
,,,0.772565,0,
,,,0.772597,-0.0214843724388629,
,,,0.772629,-0.0214843724388629,
,,,0.772661,0,
,,,0.772693,0.0195312476716936,
,,,0.772725,0.0195312476716936,
,,,0.772757,0,
,,,0.772789,0,
,,,0.772821,0.0195312476716936,
,,,0.772853,0.0390624953433871,
,,,0.772885,0,
,,,0.772917,0,
,,,0.772949,0.0195312476716936,
,,,0.772981,-0.0214843724388629,
,,,0.773013,0.0195312476716936,
,,,0.773045,0,
,,,0.773077,0,
,,,0.773109,0,
,,,0.773141,0.0195312476716936,
,,,0.773173,0,
,,,0.773205,0.0195312476716936,
,,,0.773237,0,
,,,0.773269,0.0195312476716936,
,,,0.773301,0,
,,,0.773333,0,
,,,0.773365,0,
,,,0.773397,0,
,,,0.773429,0,
,,,0.773461,0,
,,,0.773493,0.0195312476716936,
,,,0.773525,0,
,,,0.773557,0,
,,,0.773589,-0.0214843724388629,
,,,0.773621,0,
,,,0.773653,0,
,,,0.773685,0,
,,,0.773717,-0.0214843724388629,
,,,0.773749,0,
,,,0.773781,0.0195312476716936,
,,,0.773813,0.0195312476716936,
,,,0.773845,0.0195312476716936,
,,,0.773877,0,
,,,0.773909,0.0390624953433871,
,,,0.773941,0.0195312476716936,
,,,0.773973,0,
,,,0.774005,0.0195312476716936,
,,,0.774037,0,
,,,0.774069,0,
,,,0.774101,-0.0214843724388629,
,,,0.774133,0.0195312476716936,
,,,0.774165,0.0195312476716936,
,,,0.774197,0,
,,,0.774229,0,
,,,0.774261,0.0195312476716936,
,,,0.774293,0,
,,,0.774325,0.0195312476716936,
,,,0.774357,0,
,,,0.774389,0.0195312476716936,
,,,0.774421,0,
,,,0.774453,0,
,,,0.774485,0.0195312476716936,
,,,0.774517,0.0195312476716936,
,,,0.774549,0.0195312476716936,
,,,0.774581,0,
,,,0.774613,0.0390624953433871,
,,,0.774645,0.0195312476716936,
,,,0.774677,0.0195312476716936,
,,,0.774709,0,
,,,0.774741,0.0195312476716936,
,,,0.774773,0.0195312476716936,
,,,0.774805,0.0195312476716936,
,,,0.774837,-0.0214843724388629,
,,,0.774869,-0.0214843724388629,
,,,0.774901,0.0195312476716936,
,,,0.774933,0,
,,,0.774965,0.0195312476716936,
,,,0.774997,0.0195312476716936,
,,,0.775029,0.0390624953433871,
,,,0.775061,0,
,,,0.775093,0,
,,,0.775125,-0.0214843724388629,
,,,0.775157,0,
,,,0.775189,0.0195312476716936,
,,,0.775221,0.0195312476716936,
,,,0.775253,0,
,,,0.775285,0,
,,,0.775317,0.0195312476716936,
,,,0.775349,0,
,,,0.775381,0.0195312476716936,
,,,0.775413,0.0195312476716936,
,,,0.775445,0.0195312476716936,
,,,0.775477,0.0195312476716936,
,,,0.775509,0.0195312476716936,
,,,0.775541,0.0390624953433871,
,,,0.775573,0.0195312476716936,
,,,0.775605,-0.0214843724388629,
,,,0.775637,0.0195312476716936,
,,,0.775669,0.0195312476716936,
,,,0.775701,0.0195312476716936,
,,,0.775733,0.0195312476716936,
,,,0.775765,-0.0214843724388629,
,,,0.775797,0,
,,,0.775829,0,
,,,0.775861,0.0195312476716936,
,,,0.775893,0.0195312476716936,
,,,0.775925,0.0195312476716936,
,,,0.775957,0,
,,,0.775989,0.0195312476716936,
,,,0.776021,0,
,,,0.776053,0.0195312476716936,
,,,0.776085,0.0195312476716936,
,,,0.776117,0,
,,,0.776149,0,
,,,0.776181,0.0195312476716936,
,,,0.776213,0.0195312476716936,
,,,0.776245,0,
,,,0.776277,0.0390624953433871,
,,,0.776309,0,
,,,0.776341,0.0195312476716936,
,,,0.776373,0.0195312476716936,
,,,0.776405,0,
,,,0.776437,0.0195312476716936,
,,,0.776469,0.0195312476716936,
,,,0.776501,0.0195312476716936,
,,,0.776533,0,
,,,0.776565,0.0195312476716936,
,,,0.776597,0,
,,,0.776629,0,
,,,0.776661,0.0195312476716936,
,,,0.776693,0.0195312476716936,
,,,0.776725,0,
,,,0.776757,0,
,,,0.776789,-0.0214843724388629,
,,,0.776821,0,
,,,0.776853,0.0195312476716936,
,,,0.776885,0,
,,,0.776917,0.0195312476716936,
,,,0.776949,0,
,,,0.776981,0,
,,,0.777013,0,
,,,0.777045,0,
,,,0.777077,0,
,,,0.777109,0.0195312476716936,
,,,0.777141,0.0195312476716936,
,,,0.777173,0,
,,,0.777205,0,
,,,0.777237,0.0195312476716936,
,,,0.777269,0.0195312476716936,
,,,0.777301,0.0195312476716936,
,,,0.777333,0,
,,,0.777365,0,
,,,0.777397,0.0195312476716936,
,,,0.777429,0,
,,,0.777461,0,
,,,0.777493,0.0390624953433871,
,,,0.777525,-0.0214843724388629,
,,,0.777557,0,
,,,0.777589,0,
,,,0.777621,0.0195312476716936,
,,,0.777653,0.0195312476716936,
,,,0.777685,0.0195312476716936,
,,,0.777717,0,
,,,0.777749,0,
,,,0.777781,0,
,,,0.777813,0,
,,,0.777845,0,
,,,0.777877,0.0390624953433871,
,,,0.777909,-0.0214843724388629,
,,,0.777941,0,
,,,0.777973,0,
,,,0.778005,0.0195312476716936,
,,,0.778037,0.0195312476716936,
,,,0.778069,0.0195312476716936,
,,,0.778101,0,
,,,0.778133,-0.0214843724388629,
,,,0.778165,0.0195312476716936,
,,,0.778197,0.0195312476716936,
,,,0.778229,0.0195312476716936,
,,,0.778261,0.0195312476716936,
,,,0.778293,-0.0214843724388629,
,,,0.778325,-0.0214843724388629,
,,,0.778357,0,
,,,0.778389,0.0195312476716936,
,,,0.778421,0,
,,,0.778453,0,
,,,0.778485,0,
,,,0.778517,0,
,,,0.778549,0,
,,,0.778581,0,
,,,0.778613,0,
,,,0.778645,0,
,,,0.778677,0,
,,,0.778709,0,
,,,0.778741,0,
,,,0.778773,0,
,,,0.778805,0,
,,,0.778837,0,
,,,0.778869,0,
,,,0.778901,0.0195312476716936,
,,,0.778933,0,
,,,0.778965,0,
,,,0.778997,0,
,,,0.779029,0,
,,,0.779061,0.0195312476716936,
,,,0.779093,0,
,,,0.779125,-0.0214843724388629,
,,,0.779157,0.0195312476716936,
,,,0.779189,0,
,,,0.779221,0.0195312476716936,
,,,0.779253,0.0195312476716936,
,,,0.779285,-0.0214843724388629,
,,,0.779317,0,
,,,0.779349,0.0390624953433871,
,,,0.779381,0,
,,,0.779413,0,
,,,0.779445,-0.0214843724388629,
,,,0.779477,0.0195312476716936,
,,,0.779509,0.0195312476716936,
,,,0.779541,0,
,,,0.779573,0,
,,,0.779605,0.0195312476716936,
,,,0.779637,0,
,,,0.779669,0.0195312476716936,
,,,0.779701,0.0195312476716936,
,,,0.779733,0.0195312476716936,
,,,0.779765,0.0195312476716936,
,,,0.779797,0,
,,,0.779829,0,
,,,0.779861,0,
,,,0.779893,-0.0214843724388629,
,,,0.779925,0,
,,,0.779957,0.0195312476716936,
,,,0.779989,0,
,,,0.780021,0,
,,,0.780053,0,
,,,0.780085,0.0195312476716936,
,,,0.780117,0.0195312476716936,
,,,0.780149,0.0195312476716936,
,,,0.780181,0,
,,,0.780213,0.0195312476716936,
,,,0.780245,0.0390624953433871,
,,,0.780277,0,
,,,0.780309,0,
,,,0.780341,0.0195312476716936,
,,,0.780373,0.0195312476716936,
,,,0.780405,0.0195312476716936,
,,,0.780437,0.0195312476716936,
,,,0.780469,0.0195312476716936,
,,,0.780501,0,
,,,0.780533,0,
,,,0.780565,0,
,,,0.780597,0.0195312476716936,
,,,0.780629,0.0195312476716936,
,,,0.780661,0.0195312476716936,
,,,0.780693,0,
,,,0.780725,-0.0214843724388629,
,,,0.780757,0.0195312476716936,
,,,0.780789,0,
,,,0.780821,-0.0214843724388629,
,,,0.780853,0.0195312476716936,
,,,0.780885,0.0195312476716936,
,,,0.780917,0.0195312476716936,
,,,0.780949,0,
,,,0.780981,0.0195312476716936,
,,,0.781013,0,
,,,0.781045,0,
,,,0.781077,0.0195312476716936,
,,,0.781109,0.0195312476716936,
,,,0.781141,0.0195312476716936,
,,,0.781173,0.0195312476716936,
,,,0.781205,0,
,,,0.781237,0,
,,,0.781269,0.0195312476716936,
,,,0.781301,0.0195312476716936,
,,,0.781333,0.0195312476716936,
,,,0.781365,0.0195312476716936,
,,,0.781397,0,
,,,0.781429,0,
,,,0.781461,0.0195312476716936,
,,,0.781493,0.0195312476716936,
,,,0.781525,0.0195312476716936,
,,,0.781557,0,
,,,0.781589,0.0195312476716936,
,,,0.781621,0.0195312476716936,
,,,0.781653,0.0195312476716936,
,,,0.781685,0,
,,,0.781717,0.0195312476716936,
,,,0.781749,0,
,,,0.781781,0.0195312476716936,
,,,0.781813,0.0195312476716936,
,,,0.781845,0,
,,,0.781877,0,
,,,0.781909,0,
,,,0.781941,0,
,,,0.781973,0.0195312476716936,
,,,0.782005,0.0195312476716936,
,,,0.782037,0.0195312476716936,
,,,0.782069,0.0195312476716936,
,,,0.782101,0,
,,,0.782133,0,
,,,0.782165,0.0195312476716936,
,,,0.782197,0,
,,,0.782229,0.0195312476716936,
,,,0.782261,0,
,,,0.782293,-0.0214843724388629,
,,,0.782325,0.0195312476716936,
,,,0.782357,0.0195312476716936,
,,,0.782389,0,
,,,0.782421,0,
,,,0.782453,0,
,,,0.782485,0,
,,,0.782517,0.0195312476716936,
,,,0.782549,0,
,,,0.782581,0,
,,,0.782613,0,
,,,0.782645,0,
,,,0.782677,0,
,,,0.782709,0.0195312476716936,
,,,0.782741,0.0195312476716936,
,,,0.782773,0.0195312476716936,
,,,0.782805,0,
,,,0.782837,0.0195312476716936,
,,,0.782869,-0.0214843724388629,
,,,0.782901,0,
,,,0.782933,0.0195312476716936,
,,,0.782965,0,
,,,0.782997,0.0195312476716936,
,,,0.783029,0.0195312476716936,
,,,0.783061,0.0195312476716936,
,,,0.783093,0.0195312476716936,
,,,0.783125,0,
,,,0.783157,0.0195312476716936,
,,,0.783189,0,
,,,0.783221,0,
,,,0.783253,0.0195312476716936,
,,,0.783285,-0.0214843724388629,
,,,0.783317,0.0195312476716936,
,,,0.783349,0,
,,,0.783381,0.0195312476716936,
,,,0.783413,0,
,,,0.783445,0.0195312476716936,
,,,0.783477,0.0195312476716936,
,,,0.783509,0,
,,,0.783541,0.0195312476716936,
,,,0.783573,0.0195312476716936,
,,,0.783605,0,
,,,0.783637,0,
,,,0.783669,-0.0214843724388629,
,,,0.783701,0.0195312476716936,
,,,0.783733,-0.0214843724388629,
,,,0.783765,0.0195312476716936,
,,,0.783797,0,
,,,0.783829,0,
,,,0.783861,0.0195312476716936,
,,,0.783893,0.0195312476716936,
,,,0.783925,0.0195312476716936,
,,,0.783957,0.0195312476716936,
,,,0.783989,0.0390624953433871,
,,,0.784021,0.0195312476716936,
,,,0.784053,0,
,,,0.784085,0,
,,,0.784117,0.0195312476716936,
,,,0.784149,0,
,,,0.784181,-0.0214843724388629,
,,,0.784213,0.0195312476716936,
,,,0.784245,0.0195312476716936,
,,,0.784277,0.0195312476716936,
,,,0.784309,-0.0214843724388629,
,,,0.784341,0.0195312476716936,
,,,0.784373,0.0195312476716936,
,,,0.784405,-0.0214843724388629,
,,,0.784437,0.0195312476716936,
,,,0.784469,0,
,,,0.784501,0.0195312476716936,
,,,0.784533,0.0195312476716936,
,,,0.784565,0,
,,,0.784597,0.0195312476716936,
,,,0.784629,0,
,,,0.784661,0,
,,,0.784693,0.0195312476716936,
,,,0.784725,0,
,,,0.784757,-0.0800781154539436,
,,,0.784789,0.0195312476716936,
,,,0.784821,0,
,,,0.784853,0.0195312476716936,
,,,0.784885,0.0390624953433871,
,,,0.784917,0.0195312476716936,
,,,0.784949,-0.0410156201105565,
,,,0.784981,0,
,,,0.785013,0,
,,,0.785045,0.0195312476716936,
,,,0.785077,0.0195312476716936,
,,,0.785109,0.0195312476716936,
,,,0.785141,-0.06054686778225,
,,,0.785173,0.0195312476716936,
,,,0.785205,-0.0214843724388629,
,,,0.785237,0.0390624953433871,
,,,0.785269,-0.0214843724388629,
,,,0.785301,0.0390624953433871,
,,,0.785333,0.0195312476716936,
,,,0.785365,0,
,,,0.785397,0,
,,,0.785429,0.0195312476716936,
,,,0.785461,0,
,,,0.785493,0.0195312476716936,
,,,0.785525,0.0195312476716936,
,,,0.785557,0.0195312476716936,
,,,0.785589,0.0390624953433871,
,,,0.785621,0.0390624953433871,
,,,0.785653,0.0195312476716936,
,,,0.785685,0.0195312476716936,
,,,0.785717,0,
,,,0.785749,0.0195312476716936,
,,,0.785781,0.0195312476716936,
,,,0.785813,0.0195312476716936,
,,,0.785845,0,
,,,0.785877,0,
,,,0.785909,0,
,,,0.785941,0.0195312476716936,
,,,0.785973,0,
,,,0.786005,0.0195312476716936,
,,,0.786037,0.0195312476716936,
,,,0.786069,0.0195312476716936,
,,,0.786101,0,
,,,0.786133,0,
,,,0.786165,0.0195312476716936,
,,,0.786197,0.0585937430150807,
,,,0.786229,0.0195312476716936,
,,,0.786261,0.0195312476716936,
,,,0.786293,0.0195312476716936,
,,,0.786325,0.0195312476716936,
,,,0.786357,-0.0214843724388629,
,,,0.786389,0,
,,,0.786421,0.0195312476716936,
,,,0.786453,0,
,,,0.786485,-0.0800781154539436,
,,,0.786517,-0.0214843724388629,
,,,0.786549,0.0195312476716936,
,,,0.786581,0.0195312476716936,
,,,0.786613,0.0195312476716936,
,,,0.786645,0,
,,,0.786677,0,
,,,0.786709,0.0195312476716936,
,,,0.786741,0.0390624953433871,
,,,0.786773,0,
,,,0.786805,0,
,,,0.786837,0.0195312476716936,
,,,0.786869,0.0195312476716936,
,,,0.786901,0.0195312476716936,
,,,0.786933,0.0195312476716936,
,,,0.786965,0.0195312476716936,
,,,0.786997,0.0195312476716936,
,,,0.787029,0.0195312476716936,
,,,0.787061,0.0195312476716936,
,,,0.787093,0,
,,,0.787125,0,
,,,0.787157,0.0195312476716936,
,,,0.787189,0.0195312476716936,
,,,0.787221,0.0195312476716936,
,,,0.787253,-0.0214843724388629,
,,,0.787285,0,
,,,0.787317,0,
,,,0.787349,0,
,,,0.787381,0.0195312476716936,
,,,0.787413,0,
,,,0.787445,0.0195312476716936,
,,,0.787477,-0.0214843724388629,
,,,0.787509,0,
,,,0.787541,0,
,,,0.787573,0.0195312476716936,
,,,0.787605,0,
,,,0.787637,-0.0214843724388629,
,,,0.787669,0.0390624953433871,
,,,0.787701,0,
,,,0.787733,0.0195312476716936,
,,,0.787765,0,
,,,0.787797,0.0195312476716936,
,,,0.787829,0.0195312476716936,
,,,0.787861,0.0195312476716936,
,,,0.787893,0.0195312476716936,
,,,0.787925,0.0195312476716936,
,,,0.787957,0.0195312476716936,
,,,0.787989,0.0195312476716936,
,,,0.788021,0,
,,,0.788053,0.0195312476716936,
,,,0.788085,0.0195312476716936,
,,,0.788117,0.0195312476716936,
,,,0.788149,0,
,,,0.788181,0,
,,,0.788213,0.0390624953433871,
,,,0.788245,0,
,,,0.788277,0.0195312476716936,
,,,0.788309,-0.0214843724388629,
,,,0.788341,-0.0214843724388629,
,,,0.788373,0.0195312476716936,
,,,0.788405,0,
,,,0.788437,0,
,,,0.788469,0.0195312476716936,
,,,0.788501,0,
,,,0.788533,-0.0214843724388629,
,,,0.788565,0.0195312476716936,
,,,0.788597,-0.0214843724388629,
,,,0.788629,0.0195312476716936,
,,,0.788661,0,
,,,0.788693,0,
,,,0.788725,0,
,,,0.788757,0,
,,,0.788789,0,
,,,0.788821,0.0195312476716936,
,,,0.788853,0,
,,,0.788885,0.0390624953433871,
,,,0.788917,0.0195312476716936,
,,,0.788949,0,
,,,0.788981,0,
,,,0.789013,0.0390624953433871,
,,,0.789045,0.0195312476716936,
,,,0.789077,0,
,,,0.789109,0,
,,,0.789141,0,
,,,0.789173,0,
,,,0.789205,0,
,,,0.789237,0.0195312476716936,
,,,0.789269,0,
,,,0.789301,0.0195312476716936,
,,,0.789333,0,
,,,0.789365,0.0195312476716936,
,,,0.789397,0.0195312476716936,
,,,0.789429,-0.0214843724388629,
,,,0.789461,0.0195312476716936,
,,,0.789493,0.0195312476716936,
,,,0.789525,0.0195312476716936,
,,,0.789557,0,
,,,0.789589,0,
,,,0.789621,0,
,,,0.789653,-0.0214843724388629,
,,,0.789685,0.0195312476716936,
,,,0.789717,0,
,,,0.789749,0,
,,,0.789781,0.0195312476716936,
,,,0.789813,0,
,,,0.789845,0.0195312476716936,
,,,0.789877,0,
,,,0.789909,0,
,,,0.789941,0,
,,,0.789973,0,
,,,0.790005,0,
,,,0.790037,-0.0214843724388629,
,,,0.790069,0,
,,,0.790101,0,
,,,0.790133,0,
,,,0.790165,0,
,,,0.790197,0.0195312476716936,
,,,0.790229,0,
,,,0.790261,0.0195312476716936,
,,,0.790293,0.0195312476716936,
,,,0.790325,0,
,,,0.790357,0,
,,,0.790389,0,
,,,0.790421,-0.0214843724388629,
,,,0.790453,0,
,,,0.790485,0.0195312476716936,
,,,0.790517,0,
,,,0.790549,0,
,,,0.790581,0,
,,,0.790613,0,
,,,0.790645,0.0195312476716936,
,,,0.790677,0.0195312476716936,
,,,0.790709,0,
,,,0.790741,0.0195312476716936,
,,,0.790773,-0.0214843724388629,
,,,0.790805,0.0195312476716936,
,,,0.790837,-0.0410156201105565,
,,,0.790869,0.0195312476716936,
,,,0.790901,0,
,,,0.790933,0,
,,,0.790965,0.0195312476716936,
,,,0.790997,0.0195312476716936,
,,,0.791029,0.0195312476716936,
,,,0.791061,0,
,,,0.791093,0,
,,,0.791125,0.0195312476716936,
,,,0.791157,0.0195312476716936,
,,,0.791189,0.0195312476716936,
,,,0.791221,0,
,,,0.791253,0.0195312476716936,
,,,0.791285,0.0195312476716936,
,,,0.791317,0,
,,,0.791349,0,
,,,0.791381,0.0195312476716936,
,,,0.791413,0,
,,,0.791445,0,
,,,0.791477,0.0195312476716936,
,,,0.791509,-0.0214843724388629,
,,,0.791541,0,
,,,0.791573,0,
,,,0.791605,0,
,,,0.791637,0.0195312476716936,
,,,0.791669,0,
,,,0.791701,0,
,,,0.791733,0,
,,,0.791765,0.0195312476716936,
,,,0.791797,0.0195312476716936,
,,,0.791829,0.0195312476716936,
,,,0.791861,0.0195312476716936,
,,,0.791893,0,
,,,0.791925,-0.0410156201105565,
,,,0.791957,0.0195312476716936,
,,,0.791989,0,
,,,0.792021,0,
,,,0.792053,0.0195312476716936,
,,,0.792085,0.0195312476716936,
,,,0.792117,0.0195312476716936,
,,,0.792149,0.0195312476716936,
,,,0.792181,0,
,,,0.792213,0,
,,,0.792245,0.0195312476716936,
,,,0.792277,0.0195312476716936,
,,,0.792309,0.0195312476716936,
,,,0.792341,0.0195312476716936,
,,,0.792373,0.0195312476716936,
,,,0.792405,0.0195312476716936,
,,,0.792437,0.0195312476716936,
,,,0.792469,0.0195312476716936,
,,,0.792501,-0.0214843724388629,
,,,0.792533,0.0195312476716936,
,,,0.792565,0,
,,,0.792597,-0.0214843724388629,
,,,0.792629,0,
,,,0.792661,0.0390624953433871,
,,,0.792693,0.0195312476716936,
,,,0.792725,0.0195312476716936,
,,,0.792757,0.0195312476716936,
,,,0.792789,0.0195312476716936,
,,,0.792821,0.0195312476716936,
,,,0.792853,0.0195312476716936,
,,,0.792885,0,
,,,0.792917,0,
,,,0.792949,0,
,,,0.792981,0.0195312476716936,
,,,0.793013,0,
,,,0.793045,0,
,,,0.793077,-0.0410156201105565,
,,,0.793109,0,
,,,0.793141,0,
,,,0.793173,0,
,,,0.793205,0.0195312476716936,
,,,0.793237,0,
,,,0.793269,0,
,,,0.793301,0.0195312476716936,
,,,0.793333,0,
,,,0.793365,0,
,,,0.793397,-0.0214843724388629,
,,,0.793429,0,
,,,0.793461,0,
,,,0.793493,0,
,,,0.793525,0.0195312476716936,
,,,0.793557,0.0195312476716936,
,,,0.793589,0.0195312476716936,
,,,0.793621,0,
,,,0.793653,0,
,,,0.793685,0,
,,,0.793717,-0.0214843724388629,
,,,0.793749,0.0195312476716936,
,,,0.793781,0.0195312476716936,
,,,0.793813,0.0195312476716936,
,,,0.793845,0.0195312476716936,
,,,0.793877,-0.0214843724388629,
,,,0.793909,0,
,,,0.793941,0,
,,,0.793973,0.0195312476716936,
,,,0.794005,0.0195312476716936,
,,,0.794037,0,
,,,0.794069,0.0195312476716936,
,,,0.794101,0.0195312476716936,
,,,0.794133,0,
,,,0.794165,0,
,,,0.794197,0.0195312476716936,
,,,0.794229,0.0195312476716936,
,,,0.794261,0,
,,,0.794293,0,
,,,0.794325,-0.0800781154539436,
,,,0.794357,0.0195312476716936,
,,,0.794389,0.0195312476716936,
,,,0.794421,0.0390624953433871,
,,,0.794453,0.0195312476716936,
,,,0.794485,0,
,,,0.794517,0,
,,,0.794549,0,
,,,0.794581,0.0195312476716936,
,,,0.794613,0,
,,,0.794645,0,
,,,0.794677,0,
,,,0.794709,0,
,,,0.794741,0.0195312476716936,
,,,0.794773,0.0390624953433871,
,,,0.794805,0.0195312476716936,
,,,0.794837,0,
,,,0.794869,0.0390624953433871,
,,,0.794901,0.0195312476716936,
,,,0.794933,0,
,,,0.794965,0.0195312476716936,
,,,0.794997,0,
,,,0.795029,0,
,,,0.795061,-0.0410156201105565,
,,,0.795093,0,
,,,0.795125,0,
,,,0.795157,-0.06054686778225,
,,,0.795189,0,
,,,0.795221,0.0195312476716936,
,,,0.795253,0,
,,,0.795285,0,
,,,0.795317,0.0195312476716936,
,,,0.795349,0.0195312476716936,
,,,0.795381,0.0195312476716936,
,,,0.795413,0,
,,,0.795445,0,
,,,0.795477,0.0195312476716936,
,,,0.795509,0.0195312476716936,
,,,0.795541,0.0195312476716936,
,,,0.795573,0.0195312476716936,
,,,0.795605,0,
,,,0.795637,-0.0214843724388629,
,,,0.795669,0,
,,,0.795701,-0.0214843724388629,
,,,0.795733,0,
,,,0.795765,0.0195312476716936,
,,,0.795797,0.0195312476716936,
,,,0.795829,0,
,,,0.795861,0,
,,,0.795893,0.0195312476716936,
,,,0.795925,0.0195312476716936,
,,,0.795957,0,
,,,0.795989,0,
,,,0.796021,-0.0214843724388629,
,,,0.796053,0,
,,,0.796085,0,
,,,0.796117,0.0195312476716936,
,,,0.796149,0.0195312476716936,
,,,0.796181,0.0195312476716936,
,,,0.796213,0,
,,,0.796245,0.0195312476716936,
,,,0.796277,0,
,,,0.796309,0.0195312476716936,
,,,0.796341,0,
,,,0.796373,0,
,,,0.796405,-0.0214843724388629,
,,,0.796437,0.0195312476716936,
,,,0.796469,0,
,,,0.796501,0,
,,,0.796533,0,
,,,0.796565,0.0195312476716936,
,,,0.796597,0.0195312476716936,
,,,0.796629,-0.0214843724388629,
,,,0.796661,0.0195312476716936,
,,,0.796693,0.0195312476716936,
,,,0.796725,-0.0214843724388629,
,,,0.796757,0,
,,,0.796789,0.0195312476716936,
,,,0.796821,0.0195312476716936,
,,,0.796853,0.0195312476716936,
,,,0.796885,0.0195312476716936,
,,,0.796917,0,
,,,0.796949,0,
,,,0.796981,0.0195312476716936,
,,,0.797013,0.0195312476716936,
,,,0.797045,0.0195312476716936,
,,,0.797077,0.0195312476716936,
,,,0.797109,0.0390624953433871,
,,,0.797141,0.0195312476716936,
,,,0.797173,0,
,,,0.797205,0.0195312476716936,
,,,0.797237,0,
,,,0.797269,0.0195312476716936,
,,,0.797301,0.0195312476716936,
,,,0.797333,0.0195312476716936,
,,,0.797365,-0.0214843724388629,
,,,0.797397,0,
,,,0.797429,0,
,,,0.797461,0.0195312476716936,
,,,0.797493,0.0195312476716936,
,,,0.797525,0.0195312476716936,
,,,0.797557,0.0195312476716936,
,,,0.797589,-0.0214843724388629,
,,,0.797621,0.0195312476716936,
,,,0.797653,0.0195312476716936,
,,,0.797685,0.0195312476716936,
,,,0.797717,0.0195312476716936,
,,,0.797749,0.0195312476716936,
,,,0.797781,0,
,,,0.797813,-0.0214843724388629,
,,,0.797845,-0.0214843724388629,
,,,0.797877,0.0195312476716936,
,,,0.797909,0,
,,,0.797941,0.0195312476716936,
,,,0.797973,0.0195312476716936,
,,,0.798005,0.0195312476716936,
,,,0.798037,0,
,,,0.798069,0,
,,,0.798101,0.0195312476716936,
,,,0.798133,0,
,,,0.798165,0,
,,,0.798197,0.0195312476716936,
,,,0.798229,-0.0214843724388629,
,,,0.798261,0.0195312476716936,
,,,0.798293,-0.0214843724388629,
,,,0.798325,0.0195312476716936,
,,,0.798357,0,
,,,0.798389,0.0195312476716936,
,,,0.798421,0.0195312476716936,
,,,0.798453,0,
,,,0.798485,0.0195312476716936,
,,,0.798517,0.0195312476716936,
,,,0.798549,0.0195312476716936,
,,,0.798581,0,
,,,0.798613,0,
,,,0.798645,0,
,,,0.798677,0,
,,,0.798709,0,
,,,0.798741,0,
,,,0.798773,0.0195312476716936,
,,,0.798805,0,
,,,0.798837,0.0195312476716936,
,,,0.798869,0,
,,,0.798901,0.0195312476716936,
,,,0.798933,0.0195312476716936,
,,,0.798965,0.0195312476716936,
,,,0.798997,0.0195312476716936,
,,,0.799029,0,
,,,0.799061,0.0390624953433871,
,,,0.799093,0,
,,,0.799125,0.0195312476716936,
,,,0.799157,0,
,,,0.799189,0.0195312476716936,
,,,0.799221,0.0195312476716936,
,,,0.799253,0,
,,,0.799285,0.0195312476716936,
,,,0.799317,0.0195312476716936,
,,,0.799349,0.0195312476716936,
,,,0.799381,0,
,,,0.799413,0,
,,,0.799445,0.0195312476716936,
,,,0.799477,0,
,,,0.799509,0.0195312476716936,
,,,0.799541,0.0195312476716936,
,,,0.799573,0.0195312476716936,
,,,0.799605,0,
,,,0.799637,0.0195312476716936,
,,,0.799669,0.0195312476716936,
,,,0.799701,0.0195312476716936,
,,,0.799733,0,
,,,0.799765,0,
,,,0.799797,0.0195312476716936,
,,,0.799829,0.0195312476716936,
,,,0.799861,0.0195312476716936,
,,,0.799893,0.0195312476716936,
,,,0.799925,0.0195312476716936,
,,,0.799957,-0.0214843724388629,
,,,0.799989,0.0195312476716936,
,,,0.800021,0.0195312476716936,
,,,0.800053,0.0195312476716936,
,,,0.800085,0.0195312476716936,
,,,0.800117,0,
,,,0.800149,0,
,,,0.800181,0.0195312476716936,
,,,0.800213,0.0195312476716936,
,,,0.800245,0.0195312476716936,
,,,0.800277,0.0195312476716936,
,,,0.800309,0,
,,,0.800341,0,
,,,0.800373,0,
,,,0.800405,0,
,,,0.800437,0.0195312476716936,
,,,0.800469,0,
,,,0.800501,0.0195312476716936,
,,,0.800533,0.0195312476716936,
,,,0.800565,0,
,,,0.800597,0.0195312476716936,
,,,0.800629,0.0195312476716936,
,,,0.800661,-0.0214843724388629,
,,,0.800693,0.0195312476716936,
,,,0.800725,0.0195312476716936,
,,,0.800757,0.0195312476716936,
,,,0.800789,0.0195312476716936,
,,,0.800821,0.0390624953433871,
,,,0.800853,0,
,,,0.800885,0,
,,,0.800917,0.0195312476716936,
,,,0.800949,0.0195312476716936,
,,,0.800981,0,
,,,0.801013,0.0390624953433871,
,,,0.801045,0.0195312476716936,
,,,0.801077,0.0195312476716936,
,,,0.801109,0.0390624953433871,
,,,0.801141,-0.0214843724388629,
,,,0.801173,0.0390624953433871,
,,,0.801205,0,
,,,0.801237,0.0195312476716936,
,,,0.801269,0,
,,,0.801301,0.0195312476716936,
,,,0.801333,0,
,,,0.801365,0,
,,,0.801397,0.0390624953433871,
,,,0.801429,0,
,,,0.801461,0.0195312476716936,
,,,0.801493,0.0195312476716936,
,,,0.801525,0,
,,,0.801557,0.0195312476716936,
,,,0.801589,0,
,,,0.801621,0.0195312476716936,
,,,0.801653,0,
,,,0.801685,0.0195312476716936,
,,,0.801717,0,
,,,0.801749,0.0390624953433871,
,,,0.801781,0,
,,,0.801813,0,
,,,0.801845,0,
,,,0.801877,0.0195312476716936,
,,,0.801909,0.0195312476716936,
,,,0.801941,0.0195312476716936,
,,,0.801973,0.0195312476716936,
,,,0.802005,0,
,,,0.802037,0.0195312476716936,
,,,0.802069,0,
,,,0.802101,0.0195312476716936,
,,,0.802133,0.0195312476716936,
,,,0.802165,0.0195312476716936,
,,,0.802197,0.0195312476716936,
,,,0.802229,0.0195312476716936,
,,,0.802261,0.0195312476716936,
,,,0.802293,-0.0214843724388629,
,,,0.802325,0.0390624953433871,
,,,0.802357,0.0195312476716936,
,,,0.802389,0,
,,,0.802421,0.0195312476716936,
,,,0.802453,0.0195312476716936,
,,,0.802485,0.0195312476716936,
,,,0.802517,0,
,,,0.802549,0.0195312476716936,
,,,0.802581,0.0195312476716936,
,,,0.802613,0.0195312476716936,
,,,0.802645,0.0195312476716936,
,,,0.802677,0.0195312476716936,
,,,0.802709,0.0195312476716936,
,,,0.802741,0.0195312476716936,
,,,0.802773,0.0195312476716936,
,,,0.802805,0.0195312476716936,
,,,0.802837,-0.0214843724388629,
,,,0.802869,0.0195312476716936,
,,,0.802901,0,
,,,0.802933,0,
,,,0.802965,0,
,,,0.802997,0.0195312476716936,
,,,0.803029,0,
,,,0.803061,0.0195312476716936,
,,,0.803093,0,
,,,0.803125,0.0195312476716936,
,,,0.803157,0.0195312476716936,
,,,0.803189,0.0195312476716936,
,,,0.803221,0.0195312476716936,
,,,0.803253,-0.0214843724388629,
,,,0.803285,0.0195312476716936,
,,,0.803317,0.0195312476716936,
,,,0.803349,0.0195312476716936,
,,,0.803381,0.0390624953433871,
,,,0.803413,0,
,,,0.803445,0.0195312476716936,
,,,0.803477,0,
,,,0.803509,0.0195312476716936,
,,,0.803541,-0.0214843724388629,
,,,0.803573,0.0195312476716936,
,,,0.803605,0,
,,,0.803637,0.0195312476716936,
,,,0.803669,0.0390624953433871,
,,,0.803701,0.0195312476716936,
,,,0.803733,0.0195312476716936,
,,,0.803765,0.0195312476716936,
,,,0.803797,0,
,,,0.803829,0.0195312476716936,
,,,0.803861,0,
,,,0.803893,0.0195312476716936,
,,,0.803925,0,
,,,0.803957,0.0195312476716936,
,,,0.803989,0.0195312476716936,
,,,0.804021,0.0195312476716936,
,,,0.804053,0,
,,,0.804085,0,
,,,0.804117,0.0195312476716936,
,,,0.804149,0,
,,,0.804181,0,
,,,0.804213,0,
,,,0.804245,0,
,,,0.804277,-0.06054686778225,
,,,0.804309,-0.0214843724388629,
,,,0.804341,0,
,,,0.804373,0,
,,,0.804405,0,
,,,0.804437,-0.0214843724388629,
,,,0.804469,0.0195312476716936,
,,,0.804501,0,
,,,0.804533,0.0195312476716936,
,,,0.804565,0,
,,,0.804597,0,
,,,0.804629,0,
,,,0.804661,0.0195312476716936,
,,,0.804693,0.0195312476716936,
,,,0.804725,0,
,,,0.804757,0,
,,,0.804789,-0.0214843724388629,
,,,0.804821,-0.0214843724388629,
,,,0.804853,0,
,,,0.804885,0,
,,,0.804917,0.0195312476716936,
,,,0.804949,0,
,,,0.804981,0,
,,,0.805013,0,
,,,0.805045,0,
,,,0.805077,0,
,,,0.805109,0.0195312476716936,
,,,0.805141,0,
,,,0.805173,0.0195312476716936,
,,,0.805205,0,
,,,0.805237,0,
,,,0.805269,0,
,,,0.805301,-0.0410156201105565,
,,,0.805333,0,
,,,0.805365,0.0195312476716936,
,,,0.805397,0,
,,,0.805429,0,
,,,0.805461,-0.0214843724388629,
,,,0.805493,0,
,,,0.805525,0,
,,,0.805557,0.0195312476716936,
,,,0.805589,0.0195312476716936,
,,,0.805621,0.0195312476716936,
,,,0.805653,0,
,,,0.805685,0,
,,,0.805717,0,
,,,0.805749,0,
,,,0.805781,0,
,,,0.805813,0,
,,,0.805845,0,
,,,0.805877,0.0195312476716936,
,,,0.805909,0,
,,,0.805941,0,
,,,0.805973,0,
,,,0.806005,0.0195312476716936,
,,,0.806037,0,
,,,0.806069,0,
,,,0.806101,0,
,,,0.806133,0.0390624953433871,
,,,0.806165,0.0195312476716936,
,,,0.806197,0.0195312476716936,
,,,0.806229,0,
,,,0.806261,0,
,,,0.806293,0,
,,,0.806325,0,
,,,0.806357,-0.0214843724388629,
,,,0.806389,0,
,,,0.806421,0,
,,,0.806453,-0.0214843724388629,
,,,0.806485,0,
,,,0.806517,0.0195312476716936,
,,,0.806549,0,
,,,0.806581,0.0195312476716936,
,,,0.806613,-0.0214843724388629,
,,,0.806645,0.0195312476716936,
,,,0.806677,0,
,,,0.806709,0,
,,,0.806741,0,
,,,0.806773,0,
,,,0.806805,0.0195312476716936,
,,,0.806837,0,
,,,0.806869,0.0195312476716936,
,,,0.806901,0,
,,,0.806933,0,
,,,0.806965,0.0195312476716936,
,,,0.806997,0.0195312476716936,
,,,0.807029,0,
,,,0.807061,0,
,,,0.807093,0,
,,,0.807125,0,
,,,0.807157,0.0195312476716936,
,,,0.807189,0.0195312476716936,
,,,0.807221,0,
,,,0.807253,0,
,,,0.807285,0,
,,,0.807317,0,
,,,0.807349,0.0195312476716936,
,,,0.807381,-0.0214843724388629,
,,,0.807413,0,
,,,0.807445,0,
,,,0.807477,0.0195312476716936,
,,,0.807509,0,
,,,0.807541,0,
,,,0.807573,0.0195312476716936,
,,,0.807605,0.0195312476716936,
,,,0.807637,0,
,,,0.807669,0.0195312476716936,
,,,0.807701,0.0195312476716936,
,,,0.807733,-0.0214843724388629,
,,,0.807765,0.0195312476716936,
,,,0.807797,0.0390624953433871,
,,,0.807829,0.0195312476716936,
,,,0.807861,0,
,,,0.807893,0,
,,,0.807925,0.0195312476716936,
,,,0.807957,0,
,,,0.807989,0,
,,,0.808021,0,
,,,0.808053,0.0195312476716936,
,,,0.808085,0.0195312476716936,
,,,0.808117,0,
,,,0.808149,0.0195312476716936,
,,,0.808181,0.0195312476716936,
,,,0.808213,0.0195312476716936,
,,,0.808245,0,
,,,0.808277,0.0195312476716936,
,,,0.808309,0,
,,,0.808341,-0.0410156201105565,
,,,0.808373,-0.0410156201105565,
,,,0.808405,0,
,,,0.808437,0.0195312476716936,
,,,0.808469,0.0195312476716936,
,,,0.808501,0.0195312476716936,
,,,0.808533,0.0195312476716936,
,,,0.808565,0.0195312476716936,
,,,0.808597,0.0195312476716936,
,,,0.808629,0.0195312476716936,
,,,0.808661,0.0195312476716936,
,,,0.808693,-0.0214843724388629,
,,,0.808725,0.0195312476716936,
,,,0.808757,0.0195312476716936,
,,,0.808789,0,
,,,0.808821,0.0195312476716936,
,,,0.808853,0,
,,,0.808885,0.0195312476716936,
,,,0.808917,0,
,,,0.808949,0.0390624953433871,
,,,0.808981,0.0195312476716936,
,,,0.809013,0.0195312476716936,
,,,0.809045,0.0195312476716936,
,,,0.809077,0.0195312476716936,
,,,0.809109,0.0195312476716936,
,,,0.809141,0.0195312476716936,
,,,0.809173,0.0195312476716936,
,,,0.809205,0.0195312476716936,
,,,0.809237,0.0390624953433871,
,,,0.809269,0.0195312476716936,
,,,0.809301,0,
,,,0.809333,0,
,,,0.809365,0,
,,,0.809397,-0.0214843724388629,
,,,0.809429,0.0195312476716936,
,,,0.809461,0.0195312476716936,
,,,0.809493,0.0195312476716936,
,,,0.809525,0.0195312476716936,
,,,0.809557,0,
,,,0.809589,0,
,,,0.809621,0,
,,,0.809653,0.0195312476716936,
,,,0.809685,0.0195312476716936,
,,,0.809717,0.0195312476716936,
,,,0.809749,0.0195312476716936,
,,,0.809781,0.0195312476716936,
,,,0.809813,0.0195312476716936,
,,,0.809845,0.0195312476716936,
,,,0.809877,0.0195312476716936,
,,,0.809909,0,
,,,0.809941,0,
,,,0.809973,0,
,,,0.810005,0.0195312476716936,
,,,0.810037,-0.0214843724388629,
,,,0.810069,0,
,,,0.810101,0,
,,,0.810133,0.0390624953433871,
,,,0.810165,0,
,,,0.810197,0,
,,,0.810229,0.0195312476716936,
,,,0.810261,0.0390624953433871,
,,,0.810293,0,
,,,0.810325,0.0585937430150807,
,,,0.810357,-0.0214843724388629,
,,,0.810389,0.0195312476716936,
,,,0.810421,0,
,,,0.810453,0.0195312476716936,
,,,0.810485,0.0390624953433871,
,,,0.810517,0.0195312476716936,
,,,0.810549,0.0195312476716936,
,,,0.810581,-0.0214843724388629,
,,,0.810613,0.0195312476716936,
,,,0.810645,0,
,,,0.810677,-0.101562487892807,
,,,0.810709,0.0195312476716936,
,,,0.810741,0.0390624953433871,
,,,0.810773,0,
,,,0.810805,0,
,,,0.810837,0,
,,,0.810869,0,
,,,0.810901,0.0195312476716936,
,,,0.810933,0,
,,,0.810965,0,
,,,0.810997,0,
,,,0.811029,0.0195312476716936,
,,,0.811061,0.0195312476716936,
,,,0.811093,0.0195312476716936,
,,,0.811125,-0.0214843724388629,
,,,0.811157,0,
,,,0.811189,0,
,,,0.811221,0,
,,,0.811253,0.0195312476716936,
,,,0.811285,0,
,,,0.811317,0,
,,,0.811349,0.0195312476716936,
,,,0.811381,0.0195312476716936,
,,,0.811413,0,
,,,0.811445,0,
,,,0.811477,0,
,,,0.811509,0,
,,,0.811541,0,
,,,0.811573,0,
,,,0.811605,0,
,,,0.811637,-0.0214843724388629,
,,,0.811669,0.0390624953433871,
,,,0.811701,0,
,,,0.811733,0,
,,,0.811765,0,
,,,0.811797,0.0195312476716936,
,,,0.811829,0,
,,,0.811861,0,
,,,0.811893,-0.0214843724388629,
,,,0.811925,0,
,,,0.811957,0.0390624953433871,
,,,0.811989,0,
,,,0.812021,0,
,,,0.812053,-0.0214843724388629,
,,,0.812085,0.0195312476716936,
,,,0.812117,0,
,,,0.812149,0,
,,,0.812181,-0.0800781154539436,
,,,0.812213,-0.0214843724388629,
,,,0.812245,0,
,,,0.812277,0.0195312476716936,
,,,0.812309,0,
,,,0.812341,0,
,,,0.812373,0,
,,,0.812405,0,
,,,0.812437,0,
,,,0.812469,0.0195312476716936,
,,,0.812501,-0.0214843724388629,
,,,0.812533,0.0195312476716936,
,,,0.812565,0,
,,,0.812597,0.0195312476716936,
,,,0.812629,0,
,,,0.812661,-0.0214843724388629,
,,,0.812693,0.0195312476716936,
,,,0.812725,0.0195312476716936,
,,,0.812757,0.0195312476716936,
,,,0.812789,0,
,,,0.812821,0.0195312476716936,
,,,0.812853,0.0195312476716936,
,,,0.812885,0,
,,,0.812917,0.0195312476716936,
,,,0.812949,-0.0214843724388629,
,,,0.812981,0,
,,,0.813013,0.0195312476716936,
,,,0.813045,-0.0214843724388629,
,,,0.813077,0.0195312476716936,
,,,0.813109,-0.0214843724388629,
,,,0.813141,0.0195312476716936,
,,,0.813173,-0.0214843724388629,
,,,0.813205,-0.0214843724388629,
,,,0.813237,0.0195312476716936,
,,,0.813269,0.0390624953433871,
,,,0.813301,0.0195312476716936,
,,,0.813333,0.0195312476716936,
,,,0.813365,0,
,,,0.813397,0,
,,,0.813429,-0.0214843724388629,
,,,0.813461,0.0195312476716936,
,,,0.813493,0,
,,,0.813525,0,
,,,0.813557,0.0195312476716936,
,,,0.813589,0.0195312476716936,
,,,0.813621,0.0195312476716936,
,,,0.813653,0.0195312476716936,
,,,0.813685,0,
,,,0.813717,0.0195312476716936,
,,,0.813749,0.0195312476716936,
,,,0.813781,0.0195312476716936,
,,,0.813813,0.0195312476716936,
,,,0.813845,0,
,,,0.813877,0,
,,,0.813909,0.0195312476716936,
,,,0.813941,-0.0214843724388629,
,,,0.813973,0.0195312476716936,
,,,0.814005,0.0390624953433871,
,,,0.814037,0,
,,,0.814069,0.0195312476716936,
,,,0.814101,0.0195312476716936,
,,,0.814133,0,
,,,0.814165,0,
,,,0.814197,0.0195312476716936,
,,,0.814229,0.0195312476716936,
,,,0.814261,-0.0214843724388629,
,,,0.814293,0.0195312476716936,
,,,0.814325,0.0390624953433871,
,,,0.814357,0.0390624953433871,
,,,0.814389,0.0195312476716936,
,,,0.814421,0.0195312476716936,
,,,0.814453,0.0195312476716936,
,,,0.814485,0.0195312476716936,
,,,0.814517,0.0195312476716936,
,,,0.814549,0,
,,,0.814581,0.0195312476716936,
,,,0.814613,0.0195312476716936,
,,,0.814645,0.0195312476716936,
,,,0.814677,0.0195312476716936,
,,,0.814709,0.0195312476716936,
,,,0.814741,0.0195312476716936,
,,,0.814773,0.0195312476716936,
,,,0.814805,0,
,,,0.814837,0,
,,,0.814869,0.0390624953433871,
,,,0.814901,0.0195312476716936,
,,,0.814933,0.0195312476716936,
,,,0.814965,0.0390624953433871,
,,,0.814997,0.0195312476716936,
,,,0.815029,0.0195312476716936,
,,,0.815061,0.0195312476716936,
,,,0.815093,0,
,,,0.815125,0.0195312476716936,
,,,0.815157,0,
,,,0.815189,0.0195312476716936,
,,,0.815221,0.0195312476716936,
,,,0.815253,0,
,,,0.815285,0,
,,,0.815317,0.0195312476716936,
,,,0.815349,0,
,,,0.815381,0.0195312476716936,
,,,0.815413,0.0195312476716936,
,,,0.815445,0,
,,,0.815477,0,
,,,0.815509,0.0195312476716936,
,,,0.815541,0.0195312476716936,
,,,0.815573,-0.0214843724388629,
,,,0.815605,0.0195312476716936,
,,,0.815637,0,
,,,0.815669,0.0195312476716936,
,,,0.815701,0,
,,,0.815733,0,
,,,0.815765,-0.0214843724388629,
,,,0.815797,0,
,,,0.815829,0.0195312476716936,
,,,0.815861,0,
,,,0.815893,0.0195312476716936,
,,,0.815925,0,
,,,0.815957,0.0195312476716936,
,,,0.815989,0.0195312476716936,
,,,0.816021,0,
,,,0.816053,0.0195312476716936,
,,,0.816085,0.0195312476716936,
,,,0.816117,0,
,,,0.816149,0,
,,,0.816181,0,
,,,0.816213,0.0195312476716936,
,,,0.816245,0,
,,,0.816277,0.0195312476716936,
,,,0.816309,0,
,,,0.816341,0.0195312476716936,
,,,0.816373,-0.0214843724388629,
,,,0.816405,0,
,,,0.816437,-0.0214843724388629,
,,,0.816469,0.0195312476716936,
,,,0.816501,0,
,,,0.816533,0.0195312476716936,
,,,0.816565,0.0195312476716936,
,,,0.816597,0.0195312476716936,
,,,0.816629,0.0195312476716936,
,,,0.816661,0.0195312476716936,
,,,0.816693,0.0195312476716936,
,,,0.816725,0,
,,,0.816757,0,
,,,0.816789,0.0195312476716936,
,,,0.816821,0,
,,,0.816853,0.0195312476716936,
,,,0.816885,0.0195312476716936,
,,,0.816917,0,
,,,0.816949,0,
,,,0.816981,0,
,,,0.817013,0,
,,,0.817045,0.0195312476716936,
,,,0.817077,0.0195312476716936,
,,,0.817109,0.0195312476716936,
,,,0.817141,0.0195312476716936,
,,,0.817173,0,
,,,0.817205,0.0585937430150807,
,,,0.817237,0.0195312476716936,
,,,0.817269,0.0195312476716936,
,,,0.817301,0.0195312476716936,
,,,0.817333,0,
,,,0.817365,0.0195312476716936,
,,,0.817397,0,
,,,0.817429,0,
,,,0.817461,0.0195312476716936,
,,,0.817493,0,
,,,0.817525,0,
,,,0.817557,0.0195312476716936,
,,,0.817589,0.0195312476716936,
,,,0.817621,0.0195312476716936,
,,,0.817653,0,
,,,0.817685,0,
,,,0.817717,0.0195312476716936,
,,,0.817749,0,
,,,0.817781,0,
,,,0.817813,0.0195312476716936,
,,,0.817845,0,
,,,0.817877,0.0195312476716936,
,,,0.817909,0,
,,,0.817941,0.0195312476716936,
,,,0.817973,0,
,,,0.818005,-0.0214843724388629,
,,,0.818037,0.0195312476716936,
,,,0.818069,0.0195312476716936,
,,,0.818101,0,
,,,0.818133,0,
,,,0.818165,0,
,,,0.818197,0.0195312476716936,
,,,0.818229,0.0585937430150807,
,,,0.818261,0.0195312476716936,
,,,0.818293,0.0195312476716936,
,,,0.818325,0,
,,,0.818357,0,
,,,0.818389,0.0195312476716936,
,,,0.818421,0,
,,,0.818453,-0.0800781154539436,
,,,0.818485,0.0195312476716936,
,,,0.818517,0.0195312476716936,
,,,0.818549,0.0195312476716936,
,,,0.818581,0.0195312476716936,
,,,0.818613,0.0195312476716936,
,,,0.818645,0,
,,,0.818677,0.0195312476716936,
,,,0.818709,0.0195312476716936,
,,,0.818741,0.0390624953433871,
,,,0.818773,0,
,,,0.818805,0.0195312476716936,
,,,0.818837,0.0195312476716936,
,,,0.818869,0.0195312476716936,
,,,0.818901,0.0195312476716936,
,,,0.818933,0,
,,,0.818965,0.0195312476716936,
,,,0.818997,0.0390624953433871,
,,,0.819029,0,
,,,0.819061,-0.0410156201105565,
,,,0.819093,0.0390624953433871,
,,,0.819125,0.0195312476716936,
,,,0.819157,0.0195312476716936,
,,,0.819189,0.0195312476716936,
,,,0.819221,0.0195312476716936,
,,,0.819253,0.0195312476716936,
,,,0.819285,0,
,,,0.819317,0,
,,,0.819349,0.0195312476716936,
,,,0.819381,0.0195312476716936,
,,,0.819413,-0.0214843724388629,
,,,0.819445,0.0195312476716936,
,,,0.819477,0,
,,,0.819509,0,
,,,0.819541,0,
,,,0.819573,0,
,,,0.819605,0.0195312476716936,
,,,0.819637,0,
,,,0.819669,0,
,,,0.819701,0,
,,,0.819733,0,
,,,0.819765,0,
,,,0.819797,-0.0410156201105565,
,,,0.819829,0,
,,,0.819861,0.0195312476716936,
,,,0.819893,0.0195312476716936,
,,,0.819925,0.0195312476716936,
,,,0.819957,0,
,,,0.819989,-0.0410156201105565,
,,,0.820021,0.0195312476716936,
,,,0.820053,-0.0214843724388629,
,,,0.820085,0,
,,,0.820117,0,
,,,0.820149,-0.0214843724388629,
,,,0.820181,0,
,,,0.820213,0,
,,,0.820245,0,
,,,0.820277,0,
,,,0.820309,0,
,,,0.820341,0,
,,,0.820373,0.0195312476716936,
,,,0.820405,0.0195312476716936,
,,,0.820437,0,
,,,0.820469,0.0195312476716936,
,,,0.820501,0,
,,,0.820533,0.0195312476716936,
,,,0.820565,0,
,,,0.820597,-0.0214843724388629,
,,,0.820629,0,
,,,0.820661,0.0195312476716936,
,,,0.820693,0,
,,,0.820725,0,
,,,0.820757,0,
,,,0.820789,0,
,,,0.820821,0.0195312476716936,
,,,0.820853,0.0195312476716936,
,,,0.820885,0,
,,,0.820917,0,
,,,0.820949,0,
,,,0.820981,0.0195312476716936,
,,,0.821013,0,
,,,0.821045,0.0195312476716936,
,,,0.821077,0.0195312476716936,
,,,0.821109,0.0195312476716936,
,,,0.821141,0,
,,,0.821173,0.0195312476716936,
,,,0.821205,0.0195312476716936,
,,,0.821237,0.0195312476716936,
,,,0.821269,0,
,,,0.821301,0,
,,,0.821333,0.0390624953433871,
,,,0.821365,-0.0214843724388629,
,,,0.821397,-0.0214843724388629,
,,,0.821429,0.0195312476716936,
,,,0.821461,0.0195312476716936,
,,,0.821493,0,
,,,0.821525,0,
,,,0.821557,0,
,,,0.821589,-0.0214843724388629,
,,,0.821621,0,
,,,0.821653,0,
,,,0.821685,0,
,,,0.821717,0.0195312476716936,
,,,0.821749,0,
,,,0.821781,0,
,,,0.821813,-0.0214843724388629,
,,,0.821845,0.0195312476716936,
,,,0.821877,0,
,,,0.821909,0,
,,,0.821941,0,
,,,0.821973,0.0195312476716936,
,,,0.822005,0,
,,,0.822037,0,
,,,0.822069,0.0390624953433871,
,,,0.822101,0,
,,,0.822133,0.0195312476716936,
,,,0.822165,0.0195312476716936,
,,,0.822197,0,
,,,0.822229,0,
,,,0.822261,0.0195312476716936,
,,,0.822293,0,
,,,0.822325,0,
,,,0.822357,0.0195312476716936,
,,,0.822389,0.0195312476716936,
,,,0.822421,-0.0214843724388629,
,,,0.822453,0.0195312476716936,
,,,0.822485,0,
,,,0.822517,0,
,,,0.822549,0,
,,,0.822581,0,
,,,0.822613,0,
,,,0.822645,0.0195312476716936,
,,,0.822677,0,
,,,0.822709,0.0195312476716936,
,,,0.822741,0,
,,,0.822773,0.0195312476716936,
,,,0.822805,0,
,,,0.822837,0,
,,,0.822869,0,
,,,0.822901,0,
,,,0.822933,0.0390624953433871,
,,,0.822965,0.0195312476716936,
,,,0.822997,-0.0410156201105565,
,,,0.823029,0,
,,,0.823061,0,
,,,0.823093,0,
,,,0.823125,0,
,,,0.823157,0.0195312476716936,
,,,0.823189,0,
,,,0.823221,0,
,,,0.823253,-0.0214843724388629,
,,,0.823285,0,
,,,0.823317,0,
,,,0.823349,0,
,,,0.823381,-0.0214843724388629,
,,,0.823413,0,
,,,0.823445,-0.0214843724388629,
,,,0.823477,0.0195312476716936,
,,,0.823509,0,
,,,0.823541,0.0195312476716936,
,,,0.823573,0.0195312476716936,
,,,0.823605,0.0195312476716936,
,,,0.823637,0,
,,,0.823669,0.0195312476716936,
,,,0.823701,0.0195312476716936,
,,,0.823733,0,
,,,0.823765,0.0195312476716936,
,,,0.823797,-0.0214843724388629,
,,,0.823829,-0.0214843724388629,
,,,0.823861,0.0195312476716936,
,,,0.823893,0.0195312476716936,
,,,0.823925,0,
,,,0.823957,0.0195312476716936,
,,,0.823989,0,
,,,0.824021,0.0195312476716936,
,,,0.824053,0.0195312476716936,
,,,0.824085,0.0195312476716936,
,,,0.824117,-0.0214843724388629,
,,,0.824149,0,
,,,0.824181,0.0195312476716936,
,,,0.824213,-0.0214843724388629,
,,,0.824245,0,
,,,0.824277,0,
,,,0.824309,0,
,,,0.824341,0,
,,,0.824373,0,
,,,0.824405,0,
,,,0.824437,0,
,,,0.824469,0.0195312476716936,
,,,0.824501,0,
,,,0.824533,0.0195312476716936,
,,,0.824565,0,
,,,0.824597,-0.0410156201105565,
,,,0.824629,0.0195312476716936,
,,,0.824661,0,
,,,0.824693,-0.0214843724388629,
,,,0.824725,0,
,,,0.824757,0,
,,,0.824789,0,
,,,0.824821,0,
,,,0.824853,0,
,,,0.824885,0.0390624953433871,
,,,0.824917,0,
,,,0.824949,0.0195312476716936,
,,,0.824981,0.0390624953433871,
,,,0.825013,0.0195312476716936,
,,,0.825045,0,
,,,0.825077,0.0195312476716936,
,,,0.825109,0.0195312476716936,
,,,0.825141,0,
,,,0.825173,0.0195312476716936,
,,,0.825205,0.0195312476716936,
,,,0.825237,-0.0214843724388629,
,,,0.825269,0.0195312476716936,
,,,0.825301,0.0195312476716936,
,,,0.825333,-0.0214843724388629,
,,,0.825365,-0.0214843724388629,
,,,0.825397,0.0195312476716936,
,,,0.825429,0.0195312476716936,
,,,0.825461,0.0195312476716936,
,,,0.825493,0.0195312476716936,
,,,0.825525,0.0195312476716936,
,,,0.825557,0.0195312476716936,
,,,0.825589,-0.0214843724388629,
,,,0.825621,0,
,,,0.825653,0,
,,,0.825685,0.0195312476716936,
,,,0.825717,0,
,,,0.825749,0,
,,,0.825781,-0.0214843724388629,
,,,0.825813,0.0585937430150807,
,,,0.825845,0,
,,,0.825877,0.0195312476716936,
,,,0.825909,0.0390624953433871,
,,,0.825941,-0.0214843724388629,
,,,0.825973,0.0195312476716936,
,,,0.826005,0.0585937430150807,
,,,0.826037,-0.0214843724388629,
,,,0.826069,0,
,,,0.826101,0.0195312476716936,
,,,0.826133,0.0195312476716936,
,,,0.826165,0,
,,,0.826197,0.0195312476716936,
,,,0.826229,0.0195312476716936,
,,,0.826261,0.0195312476716936,
,,,0.826293,0,
,,,0.826325,0.0195312476716936,
,,,0.826357,0.0195312476716936,
,,,0.826389,0.0195312476716936,
,,,0.826421,0.0195312476716936,
,,,0.826453,0.0195312476716936,
,,,0.826485,0.0195312476716936,
,,,0.826517,0.0195312476716936,
,,,0.826549,0.0195312476716936,
,,,0.826581,0.0195312476716936,
,,,0.826613,0.0195312476716936,
,,,0.826645,0,
,,,0.826677,0,
,,,0.826709,-0.0410156201105565,
,,,0.826741,0,
,,,0.826773,0,
,,,0.826805,0,
,,,0.826837,0,
,,,0.826869,0.0195312476716936,
,,,0.826901,0,
,,,0.826933,0,
,,,0.826965,0.0195312476716936,
,,,0.826997,0.0195312476716936,
,,,0.827029,0.0195312476716936,
,,,0.827061,0.0195312476716936,
,,,0.827093,0,
,,,0.827125,0.0195312476716936,
,,,0.827157,0.0195312476716936,
,,,0.827189,0,
,,,0.827221,0,
,,,0.827253,0,
,,,0.827285,0.0195312476716936,
,,,0.827317,0,
,,,0.827349,0,
,,,0.827381,0.0195312476716936,
,,,0.827413,0.0195312476716936,
,,,0.827445,0.0195312476716936,
,,,0.827477,0.0195312476716936,
,,,0.827509,0,
,,,0.827541,0.0585937430150807,
,,,0.827573,0,
,,,0.827605,0.0195312476716936,
,,,0.827637,0,
,,,0.827669,-0.0214843724388629,
,,,0.827701,0.0195312476716936,
,,,0.827733,0,
,,,0.827765,0.0195312476716936,
,,,0.827797,-0.0214843724388629,
,,,0.827829,0.0195312476716936,
,,,0.827861,0.0195312476716936,
,,,0.827893,0,
,,,0.827925,0,
,,,0.827957,0.0195312476716936,
,,,0.827989,-0.0214843724388629,
,,,0.828021,0,
,,,0.828053,0.0195312476716936,
,,,0.828085,-0.0214843724388629,
,,,0.828117,0,
,,,0.828149,0.0195312476716936,
,,,0.828181,0,
,,,0.828213,0.0195312476716936,
,,,0.828245,0.0195312476716936,
,,,0.828277,0,
,,,0.828309,0,
,,,0.828341,0,
,,,0.828373,-0.0214843724388629,
,,,0.828405,0,
,,,0.828437,0,
,,,0.828469,0,
,,,0.828501,0,
,,,0.828533,0,
,,,0.828565,-0.0800781154539436,
,,,0.828597,0,
,,,0.828629,0,
,,,0.828661,0,
,,,0.828693,0,
,,,0.828725,0,
,,,0.828757,0,
,,,0.828789,0,
,,,0.828821,0.0195312476716936,
,,,0.828853,0,
,,,0.828885,0,
,,,0.828917,0,
,,,0.828949,0,
,,,0.828981,0,
,,,0.829013,-0.0214843724388629,
,,,0.829045,0.0195312476716936,
,,,0.829077,0,
,,,0.829109,0.0195312476716936,
,,,0.829141,0,
,,,0.829173,0.0195312476716936,
,,,0.829205,0.0195312476716936,
,,,0.829237,0,
,,,0.829269,0.0195312476716936,
,,,0.829301,0.0195312476716936,
,,,0.829333,0,
,,,0.829365,0.0195312476716936,
,,,0.829397,-0.0214843724388629,
,,,0.829429,0,
,,,0.829461,0,
,,,0.829493,0.0390624953433871,
,,,0.829525,0.0195312476716936,
,,,0.829557,0.0195312476716936,
,,,0.829589,0,
,,,0.829621,-0.0214843724388629,
,,,0.829653,0,
,,,0.829685,-0.0214843724388629,
,,,0.829717,0,
,,,0.829749,0,
,,,0.829781,0,
,,,0.829813,0.0195312476716936,
,,,0.829845,0,
,,,0.829877,0,
,,,0.829909,0,
,,,0.829941,0.0195312476716936,
,,,0.829973,0,
,,,0.830005,0.0195312476716936,
,,,0.830037,-0.0214843724388629,
,,,0.830069,0.0195312476716936,
,,,0.830101,0.0195312476716936,
,,,0.830133,0,
,,,0.830165,0.0195312476716936,
,,,0.830197,0,
,,,0.830229,0.0195312476716936,
,,,0.830261,0,
,,,0.830293,0.0195312476716936,
,,,0.830325,0,
,,,0.830357,0.0195312476716936,
,,,0.830389,0.0195312476716936,
,,,0.830421,0.0195312476716936,
,,,0.830453,0.0195312476716936,
,,,0.830485,0,
,,,0.830517,0,
,,,0.830549,0.0195312476716936,
,,,0.830581,0,
,,,0.830613,0.0195312476716936,
,,,0.830645,0.0195312476716936,
,,,0.830677,0.0195312476716936,
,,,0.830709,0,
,,,0.830741,0,
,,,0.830773,0.0195312476716936,
,,,0.830805,0.0195312476716936,
,,,0.830837,0,
,,,0.830869,-0.0214843724388629,
,,,0.830901,0,
,,,0.830933,0.0195312476716936,
,,,0.830965,0.0195312476716936,
,,,0.830997,0,
,,,0.831029,0.0195312476716936,
,,,0.831061,0.0195312476716936,
,,,0.831093,0.0195312476716936,
,,,0.831125,0.0390624953433871,
,,,0.831157,0.0195312476716936,
,,,0.831189,0.0390624953433871,
,,,0.831221,0.0195312476716936,
,,,0.831253,0,
,,,0.831285,0.0195312476716936,
,,,0.831317,0.0195312476716936,
,,,0.831349,0.0195312476716936,
,,,0.831381,0.0195312476716936,
,,,0.831413,0.0195312476716936,
,,,0.831445,0,
,,,0.831477,0.0195312476716936,
,,,0.831509,0,
,,,0.831541,0.0195312476716936,
,,,0.831573,0,
,,,0.831605,0.0195312476716936,
,,,0.831637,0.0195312476716936,
,,,0.831669,0,
,,,0.831701,0.0195312476716936,
,,,0.831733,0,
,,,0.831765,0.0195312476716936,
,,,0.831797,0,
,,,0.831829,0.0195312476716936,
,,,0.831861,0,
,,,0.831893,0,
,,,0.831925,0.0195312476716936,
,,,0.831957,0.0195312476716936,
,,,0.831989,0.0195312476716936,
,,,0.832021,0.0195312476716936,
,,,0.832053,0.0195312476716936,
,,,0.832085,0.0195312476716936,
,,,0.832117,0.0195312476716936,
,,,0.832149,0,
,,,0.832181,0.0195312476716936,
,,,0.832213,0,
,,,0.832245,0,
,,,0.832277,0,
,,,0.832309,0,
,,,0.832341,0,
,,,0.832373,0,
,,,0.832405,0.0390624953433871,
,,,0.832437,0,
,,,0.832469,0,
,,,0.832501,0,
,,,0.832533,0,
,,,0.832565,0,
,,,0.832597,0.0195312476716936,
,,,0.832629,0.0195312476716936,
,,,0.832661,0.0195312476716936,
,,,0.832693,0,
,,,0.832725,0,
,,,0.832757,0,
,,,0.832789,0.0195312476716936,
,,,0.832821,0.0195312476716936,
,,,0.832853,0,
,,,0.832885,0.0195312476716936,
,,,0.832917,0,
,,,0.832949,0,
,,,0.832981,0.0195312476716936,
,,,0.833013,0,
,,,0.833045,0,
,,,0.833077,0.0195312476716936,
,,,0.833109,0.0195312476716936,
,,,0.833141,0.0195312476716936,
,,,0.833173,0.0195312476716936,
,,,0.833205,0.0195312476716936,
,,,0.833237,0,
,,,0.833269,0.0195312476716936,
,,,0.833301,0.0390624953433871,
,,,0.833333,0,
,,,0.833365,0.0195312476716936,
,,,0.833397,0,
,,,0.833429,0,
,,,0.833461,0,
,,,0.833493,0,
,,,0.833525,0.0195312476716936,
,,,0.833557,0.0195312476716936,
,,,0.833589,0,
,,,0.833621,-0.0214843724388629,
,,,0.833653,-0.0214843724388629,
,,,0.833685,0.0195312476716936,
,,,0.833717,0.0195312476716936,
,,,0.833749,-0.0214843724388629,
,,,0.833781,0,
,,,0.833813,0.0195312476716936,
,,,0.833845,0,
,,,0.833877,0.0195312476716936,
,,,0.833909,0.0195312476716936,
,,,0.833941,0,
,,,0.833973,0,
,,,0.834005,0,
,,,0.834037,0.0195312476716936,
,,,0.834069,0.0195312476716936,
,,,0.834101,-0.0214843724388629,
,,,0.834133,0.0195312476716936,
,,,0.834165,0.0195312476716936,
,,,0.834197,0,
,,,0.834229,0,
,,,0.834261,0,
,,,0.834293,0.0195312476716936,
,,,0.834325,-0.0214843724388629,
,,,0.834357,0,
,,,0.834389,0.0585937430150807,
,,,0.834421,0.0585937430150807,
,,,0.834453,0,
,,,0.834485,0.0390624953433871,
,,,0.834517,0.0195312476716936,
,,,0.834549,0.0195312476716936,
,,,0.834581,0.0390624953433871,
,,,0.834613,0.0195312476716936,
,,,0.834645,0,
,,,0.834677,0.0195312476716936,
,,,0.834709,0.0195312476716936,
,,,0.834741,0.0195312476716936,
,,,0.834773,0.0195312476716936,
,,,0.834805,0,
,,,0.834837,0.0195312476716936,
,,,0.834869,0,
,,,0.834901,0.0195312476716936,
,,,0.834933,0.0195312476716936,
,,,0.834965,0.0195312476716936,
,,,0.834997,0.0390624953433871,
,,,0.835029,0.0195312476716936,
,,,0.835061,0.0195312476716936,
,,,0.835093,-0.0214843724388629,
,,,0.835125,0,
,,,0.835157,0.0195312476716936,
,,,0.835189,0,
,,,0.835221,0.0195312476716936,
,,,0.835253,0,
,,,0.835285,0.0195312476716936,
,,,0.835317,0.0195312476716936,
,,,0.835349,0.0195312476716936,
,,,0.835381,0.0195312476716936,
,,,0.835413,0,
,,,0.835445,0,
,,,0.835477,0,
,,,0.835509,0,
,,,0.835541,0.0195312476716936,
,,,0.835573,0.0195312476716936,
,,,0.835605,-0.0410156201105565,
,,,0.835637,0,
,,,0.835669,0.0195312476716936,
,,,0.835701,0.0195312476716936,
,,,0.835733,0.0195312476716936,
,,,0.835765,0.0195312476716936,
,,,0.835797,0.0195312476716936,
,,,0.835829,0.0195312476716936,
,,,0.835861,0.0195312476716936,
,,,0.835893,0.0195312476716936,
,,,0.835925,0,
,,,0.835957,0,
,,,0.835989,0.0585937430150807,
,,,0.836021,0.0195312476716936,
,,,0.836053,0.0390624953433871,
,,,0.836085,0.0195312476716936,
,,,0.836117,0.0195312476716936,
,,,0.836149,-0.0214843724388629,
,,,0.836181,0.0390624953433871,
,,,0.836213,0,
,,,0.836245,0.0195312476716936,
,,,0.836277,0.0195312476716936,
,,,0.836309,0.0195312476716936,
,,,0.836341,0.0195312476716936,
,,,0.836373,0.0390624953433871,
,,,0.836405,0.0195312476716936,
,,,0.836437,0.0195312476716936,
,,,0.836469,0,
,,,0.836501,0,
,,,0.836533,0.0195312476716936,
,,,0.836565,0.0195312476716936,
,,,0.836597,0.0195312476716936,
,,,0.836629,0,
,,,0.836661,0,
,,,0.836693,0.0195312476716936,
,,,0.836725,-0.0214843724388629,
,,,0.836757,0.0195312476716936,
,,,0.836789,0.0195312476716936,
,,,0.836821,-0.0214843724388629,
,,,0.836853,0.0195312476716936,
,,,0.836885,0,
,,,0.836917,0.0195312476716936,
,,,0.836949,0,
,,,0.836981,0,
,,,0.837013,0.0195312476716936,
,,,0.837045,0.0195312476716936,
,,,0.837077,0.0195312476716936,
,,,0.837109,0,
,,,0.837141,0.0195312476716936,
,,,0.837173,0.0195312476716936,
,,,0.837205,0,
,,,0.837237,0.0195312476716936,
,,,0.837269,-0.0214843724388629,
,,,0.837301,-0.0214843724388629,
,,,0.837333,0,
,,,0.837365,0.0195312476716936,
,,,0.837397,0,
,,,0.837429,0.0195312476716936,
,,,0.837461,-0.0214843724388629,
,,,0.837493,0.0390624953433871,
,,,0.837525,0,
,,,0.837557,0,
,,,0.837589,-0.0214843724388629,
,,,0.837621,0.0195312476716936,
,,,0.837653,0.0195312476716936,
,,,0.837685,0.0195312476716936,
,,,0.837717,0.0195312476716936,
,,,0.837749,0,
,,,0.837781,-0.0214843724388629,
,,,0.837813,0,
,,,0.837845,0.0195312476716936,
,,,0.837877,0.0195312476716936,
,,,0.837909,0.0195312476716936,
,,,0.837941,0.0195312476716936,
,,,0.837973,-0.0214843724388629,
,,,0.838005,0.0195312476716936,
,,,0.838037,-0.0214843724388629,
,,,0.838069,-0.0214843724388629,
,,,0.838101,0,
,,,0.838133,0.0390624953433871,
,,,0.838165,-0.0214843724388629,
,,,0.838197,0,
,,,0.838229,0,
,,,0.838261,0.0195312476716936,
,,,0.838293,0,
,,,0.838325,0.0195312476716936,
,,,0.838357,0.0195312476716936,
,,,0.838389,0.0195312476716936,
,,,0.838421,-0.0214843724388629,
,,,0.838453,-0.0214843724388629,
,,,0.838485,0,
,,,0.838517,0.0195312476716936,
,,,0.838549,0,
,,,0.838581,0,
,,,0.838613,-0.0214843724388629,
,,,0.838645,0.0195312476716936,
,,,0.838677,0,
,,,0.838709,0.0195312476716936,
,,,0.838741,0,
,,,0.838773,0,
,,,0.838805,0.0195312476716936,
,,,0.838837,0.0195312476716936,
,,,0.838869,-0.0214843724388629,
,,,0.838901,0,
,,,0.838933,0.0195312476716936,
,,,0.838965,0.0195312476716936,
,,,0.838997,0,
,,,0.839029,-0.0214843724388629,
,,,0.839061,0,
,,,0.839093,0,
,,,0.839125,-0.0214843724388629,
,,,0.839157,0,
,,,0.839189,0,
,,,0.839221,0,
,,,0.839253,-0.0214843724388629,
,,,0.839285,0,
,,,0.839317,0.0195312476716936,
,,,0.839349,0.0195312476716936,
,,,0.839381,0.0195312476716936,
,,,0.839413,0.0195312476716936,
,,,0.839445,0,
,,,0.839477,0,
,,,0.839509,0,
,,,0.839541,0,
,,,0.839573,0.0195312476716936,
,,,0.839605,0,
,,,0.839637,0.0195312476716936,
,,,0.839669,-0.0214843724388629,
,,,0.839701,0,
,,,0.839733,0,
,,,0.839765,0,
,,,0.839797,0,
,,,0.839829,0,
,,,0.839861,0,
,,,0.839893,0,
,,,0.839925,0,
,,,0.839957,-0.0214843724388629,
,,,0.839989,0,
,,,0.840021,0.0195312476716936,
,,,0.840053,0,
,,,0.840085,0.0195312476716936,
,,,0.840117,0,
,,,0.840149,0,
,,,0.840181,0.0195312476716936,
,,,0.840213,0.0390624953433871,
,,,0.840245,0,
,,,0.840277,0,
,,,0.840309,0,
,,,0.840341,0,
,,,0.840373,0,
,,,0.840405,0.0195312476716936,
,,,0.840437,0,
,,,0.840469,0,
,,,0.840501,0,
,,,0.840533,0,
,,,0.840565,0.0195312476716936,
,,,0.840597,0.0195312476716936,
,,,0.840629,0.0195312476716936,
,,,0.840661,0.0195312476716936,
,,,0.840693,0,
,,,0.840725,0.0195312476716936,
,,,0.840757,0,
,,,0.840789,0.0195312476716936,
,,,0.840821,0,
,,,0.840853,0.0195312476716936,
,,,0.840885,0,
,,,0.840917,0,
,,,0.840949,0,
,,,0.840981,0.0195312476716936,
,,,0.841013,0,
,,,0.841045,0.0195312476716936,
,,,0.841077,0.0195312476716936,
,,,0.841109,0,
,,,0.841141,0.0195312476716936,
,,,0.841173,0.0195312476716936,
,,,0.841205,0.0195312476716936,
,,,0.841237,0.0195312476716936,
,,,0.841269,0.0195312476716936,
,,,0.841301,0.0195312476716936,
,,,0.841333,0,
,,,0.841365,0.0195312476716936,
,,,0.841397,0,
,,,0.841429,0.0195312476716936,
,,,0.841461,0.0195312476716936,
,,,0.841493,0.0195312476716936,
,,,0.841525,-0.0214843724388629,
,,,0.841557,0,
,,,0.841589,0,
,,,0.841621,0.0195312476716936,
,,,0.841653,0,
,,,0.841685,0.0195312476716936,
,,,0.841717,0,
,,,0.841749,0.0195312476716936,
,,,0.841781,0.0195312476716936,
,,,0.841813,0,
,,,0.841845,0,
,,,0.841877,0.0195312476716936,
,,,0.841909,0.0195312476716936,
,,,0.841941,0.0195312476716936,
,,,0.841973,0,
,,,0.842005,0.0195312476716936,
,,,0.842037,-0.0214843724388629,
,,,0.842069,0,
,,,0.842101,0.0195312476716936,
,,,0.842133,0,
,,,0.842165,0.0195312476716936,
,,,0.842197,0,
,,,0.842229,0,
,,,0.842261,0.0195312476716936,
,,,0.842293,0,
,,,0.842325,0.0195312476716936,
,,,0.842357,0.0195312476716936,
,,,0.842389,-0.0214843724388629,
,,,0.842421,0.0195312476716936,
,,,0.842453,0.0195312476716936,
,,,0.842485,0.0195312476716936,
,,,0.842517,0.0195312476716936,
,,,0.842549,0.0390624953433871,
,,,0.842581,0.0195312476716936,
,,,0.842613,0.0390624953433871,
,,,0.842645,0,
,,,0.842677,0,
,,,0.842709,-0.0214843724388629,
,,,0.842741,0,
,,,0.842773,0.0195312476716936,
,,,0.842805,0,
,,,0.842837,0.0195312476716936,
,,,0.842869,0,
,,,0.842901,0.0195312476716936,
,,,0.842933,0.0195312476716936,
,,,0.842965,0.0195312476716936,
,,,0.842997,0.0195312476716936,
,,,0.843029,0.0195312476716936,
,,,0.843061,0.0195312476716936,
,,,0.843093,0,
,,,0.843125,0,
,,,0.843157,0.0195312476716936,
,,,0.843189,0.0390624953433871,
,,,0.843221,0.0390624953433871,
,,,0.843253,-0.0214843724388629,
,,,0.843285,0,
,,,0.843317,0.0195312476716936,
,,,0.843349,0.0195312476716936,
,,,0.843381,0,
,,,0.843413,0.0195312476716936,
,,,0.843445,0.0195312476716936,
,,,0.843477,0,
,,,0.843509,0,
,,,0.843541,0.0195312476716936,
,,,0.843573,0.0195312476716936,
,,,0.843605,0,
,,,0.843637,0.0195312476716936,
,,,0.843669,0,
,,,0.843701,0,
,,,0.843733,-0.0214843724388629,
,,,0.843765,0,
,,,0.843797,-0.0214843724388629,
,,,0.843829,0,
,,,0.843861,0.0195312476716936,
,,,0.843893,-0.0214843724388629,
,,,0.843925,0,
,,,0.843957,0.0195312476716936,
,,,0.843989,0.0195312476716936,
,,,0.844021,0,
,,,0.844053,0.0390624953433871,
,,,0.844085,0,
,,,0.844117,0.0195312476716936,
,,,0.844149,0.0195312476716936,
,,,0.844181,0,
,,,0.844213,0,
,,,0.844245,0.0195312476716936,
,,,0.844277,0.0195312476716936,
,,,0.844309,0,
,,,0.844341,0,
,,,0.844373,0,
,,,0.844405,-0.0214843724388629,
,,,0.844437,0,
,,,0.844469,0.0195312476716936,
,,,0.844501,0,
,,,0.844533,0,
,,,0.844565,0.0195312476716936,
,,,0.844597,0.0195312476716936,
,,,0.844629,0,
,,,0.844661,-0.0214843724388629,
,,,0.844693,0.0195312476716936,
,,,0.844725,0,
,,,0.844757,0.0195312476716936,
,,,0.844789,0,
,,,0.844821,0,
,,,0.844853,0.0390624953433871,
,,,0.844885,0,
,,,0.844917,0,
,,,0.844949,0,
,,,0.844981,0,
,,,0.845013,0,
,,,0.845045,0,
,,,0.845077,0.0195312476716936,
,,,0.845109,0.0390624953433871,
,,,0.845141,0.0195312476716936,
,,,0.845173,0,
,,,0.845205,0.0195312476716936,
,,,0.845237,0,
,,,0.845269,0,
,,,0.845301,0,
,,,0.845333,0,
,,,0.845365,0,
,,,0.845397,-0.0214843724388629,
,,,0.845429,0.0195312476716936,
,,,0.845461,0,
,,,0.845493,0,
,,,0.845525,0,
,,,0.845557,0,
,,,0.845589,0,
,,,0.845621,0,
,,,0.845653,0.0195312476716936,
,,,0.845685,0,
,,,0.845717,0,
,,,0.845749,0,
,,,0.845781,0.0195312476716936,
,,,0.845813,0,
,,,0.845845,0.0195312476716936,
,,,0.845877,0,
,,,0.845909,0,
,,,0.845941,0.0195312476716936,
,,,0.845973,0,
,,,0.846005,0,
,,,0.846037,0.0195312476716936,
,,,0.846069,0.0195312476716936,
,,,0.846101,0,
,,,0.846133,-0.0214843724388629,
,,,0.846165,0.0195312476716936,
,,,0.846197,0,
,,,0.846229,0,
,,,0.846261,0,
,,,0.846293,0.0195312476716936,
,,,0.846325,0,
,,,0.846357,0.0195312476716936,
,,,0.846389,0,
,,,0.846421,0.0195312476716936,
,,,0.846453,0,
,,,0.846485,0.0195312476716936,
,,,0.846517,0,
,,,0.846549,0,
,,,0.846581,0,
,,,0.846613,0.0195312476716936,
,,,0.846645,0.0195312476716936,
,,,0.846677,0,
,,,0.846709,-0.0214843724388629,
,,,0.846741,0,
,,,0.846773,0,
,,,0.846805,-0.0214843724388629,
,,,0.846837,0.0195312476716936,
,,,0.846869,0,
,,,0.846901,0.0195312476716936,
,,,0.846933,0.0195312476716936,
,,,0.846965,0,
,,,0.846997,-0.0214843724388629,
,,,0.847029,0,
,,,0.847061,0.0195312476716936,
,,,0.847093,0.0195312476716936,
,,,0.847125,0,
,,,0.847157,0.0195312476716936,
,,,0.847189,0.0390624953433871,
,,,0.847221,-0.0214843724388629,
,,,0.847253,0.0195312476716936,
,,,0.847285,0.0390624953433871,
,,,0.847317,0.0195312476716936,
,,,0.847349,0.0195312476716936,
,,,0.847381,0,
,,,0.847413,0.0195312476716936,
,,,0.847445,0.0390624953433871,
,,,0.847477,0.0195312476716936,
,,,0.847509,0.0195312476716936,
,,,0.847541,0.0195312476716936,
,,,0.847573,0.0195312476716936,
,,,0.847605,0.0195312476716936,
,,,0.847637,0,
,,,0.847669,0.0195312476716936,
,,,0.847701,0.0195312476716936,
,,,0.847733,0,
,,,0.847765,0.0195312476716936,
,,,0.847797,0,
,,,0.847829,0,
,,,0.847861,0,
,,,0.847893,0.0195312476716936,
,,,0.847925,0.0390624953433871,
,,,0.847957,0,
,,,0.847989,0.0195312476716936,
,,,0.848021,0.0195312476716936,
,,,0.848053,0,
,,,0.848085,0,
,,,0.848117,0,
,,,0.848149,0.0195312476716936,
,,,0.848181,0.0195312476716936,
,,,0.848213,0.0195312476716936,
,,,0.848245,0.0195312476716936,
,,,0.848277,0.0195312476716936,
,,,0.848309,0.0195312476716936,
,,,0.848341,0,
,,,0.848373,0,
,,,0.848405,0.0195312476716936,
,,,0.848437,0,
,,,0.848469,0,
,,,0.848501,0.0390624953433871,
,,,0.848533,0,
,,,0.848565,0.0195312476716936,
,,,0.848597,0,
,,,0.848629,-0.0214843724388629,
,,,0.848661,0,
,,,0.848693,0,
,,,0.848725,0.0195312476716936,
,,,0.848757,0,
,,,0.848789,0,
,,,0.848821,0.0195312476716936,
,,,0.848853,0.0195312476716936,
,,,0.848885,0.0195312476716936,
,,,0.848917,0.0195312476716936,
,,,0.848949,0.0195312476716936,
,,,0.848981,0,
,,,0.849013,0.0195312476716936,
,,,0.849045,0,
,,,0.849077,0.0195312476716936,
,,,0.849109,0.0195312476716936,
,,,0.849141,-0.0410156201105565,
,,,0.849173,0,
,,,0.849205,0,
,,,0.849237,0,
,,,0.849269,0.0195312476716936,
,,,0.849301,0.0195312476716936,
,,,0.849333,0.0195312476716936,
,,,0.849365,0,
,,,0.849397,-0.0214843724388629,
,,,0.849429,0,
,,,0.849461,0.0195312476716936,
,,,0.849493,0,
,,,0.849525,0.0390624953433871,
,,,0.849557,0.0195312476716936,
,,,0.849589,0.0195312476716936,
,,,0.849621,0.0195312476716936,
,,,0.849653,0,
,,,0.849685,0,
,,,0.849717,0.0195312476716936,
,,,0.849749,0,
,,,0.849781,0,
,,,0.849813,0.0195312476716936,
,,,0.849845,0,
,,,0.849877,0.0195312476716936,
,,,0.849909,0.0195312476716936,
,,,0.849941,0.0195312476716936,
,,,0.849973,0,
,,,0.850005,0,
,,,0.850037,0,
,,,0.850069,0.0195312476716936,
,,,0.850101,0,
,,,0.850133,0.0195312476716936,
,,,0.850165,0.0195312476716936,
,,,0.850197,0,
,,,0.850229,0.0195312476716936,
,,,0.850261,0.0195312476716936,
,,,0.850293,0.0390624953433871,
,,,0.850325,0.0195312476716936,
,,,0.850357,0.0195312476716936,
,,,0.850389,0.0195312476716936,
,,,0.850421,0,
,,,0.850453,0,
,,,0.850485,0.0195312476716936,
,,,0.850517,0.0195312476716936,
,,,0.850549,0,
,,,0.850581,0.0195312476716936,
,,,0.850613,-0.0214843724388629,
,,,0.850645,0,
,,,0.850677,0.0195312476716936,
,,,0.850709,0,
,,,0.850741,0.0195312476716936,
,,,0.850773,0.0195312476716936,
,,,0.850805,0.0195312476716936,
,,,0.850837,0,
,,,0.850869,0.0390624953433871,
,,,0.850901,0,
,,,0.850933,0,
,,,0.850965,0.0195312476716936,
,,,0.850997,-0.0214843724388629,
,,,0.851029,0,
,,,0.851061,0.0195312476716936,
,,,0.851093,0.0195312476716936,
,,,0.851125,0.0195312476716936,
,,,0.851157,0,
,,,0.851189,0.0390624953433871,
,,,0.851221,0.0195312476716936,
,,,0.851253,0.0195312476716936,
,,,0.851285,0,
,,,0.851317,0,
,,,0.851349,0.0195312476716936,
,,,0.851381,0.0195312476716936,
,,,0.851413,0.0195312476716936,
,,,0.851445,0,
,,,0.851477,0.0195312476716936,
,,,0.851509,0.0195312476716936,
,,,0.851541,0.0390624953433871,
,,,0.851573,0.0195312476716936,
,,,0.851605,0,
,,,0.851637,0.0195312476716936,
,,,0.851669,0.0195312476716936,
,,,0.851701,0.0195312476716936,
,,,0.851733,0,
,,,0.851765,0,
,,,0.851797,0.0195312476716936,
,,,0.851829,0.0195312476716936,
,,,0.851861,0.0195312476716936,
,,,0.851893,0,
,,,0.851925,-0.0214843724388629,
,,,0.851957,0.0390624953433871,
,,,0.851989,-0.101562487892807,
,,,0.852021,0.0195312476716936,
,,,0.852053,0.0195312476716936,
,,,0.852085,0.0390624953433871,
,,,0.852117,-0.0214843724388629,
,,,0.852149,0,
,,,0.852181,-0.0410156201105565,
,,,0.852213,0.0195312476716936,
,,,0.852245,0,
,,,0.852277,0.0195312476716936,
,,,0.852309,0,
,,,0.852341,0,
,,,0.852373,0,
,,,0.852405,0,
,,,0.852437,0.0195312476716936,
,,,0.852469,-0.0214843724388629,
,,,0.852501,0.0390624953433871,
,,,0.852533,0.0195312476716936,
,,,0.852565,0.0195312476716936,
,,,0.852597,0,
,,,0.852629,0,
,,,0.852661,0.0195312476716936,
,,,0.852693,0,
,,,0.852725,0.0195312476716936,
,,,0.852757,0.0195312476716936,
,,,0.852789,0,
,,,0.852821,0,
,,,0.852853,0,
,,,0.852885,0.0195312476716936,
,,,0.852917,0.0195312476716936,
,,,0.852949,0,
,,,0.852981,0.0195312476716936,
,,,0.853013,0.0195312476716936,
,,,0.853045,0.0195312476716936,
,,,0.853077,0.0195312476716936,
,,,0.853109,0,
,,,0.853141,0,
,,,0.853173,0,
,,,0.853205,0.0390624953433871,
,,,0.853237,0.0195312476716936,
,,,0.853269,0,
,,,0.853301,-0.0214843724388629,
,,,0.853333,0,
,,,0.853365,0.0195312476716936,
,,,0.853397,0.0195312476716936,
,,,0.853429,0.0195312476716936,
,,,0.853461,0,
,,,0.853493,0.0195312476716936,
,,,0.853525,0,
,,,0.853557,0.0195312476716936,
,,,0.853589,0.0195312476716936,
,,,0.853621,0.0195312476716936,
,,,0.853653,0.0195312476716936,
,,,0.853685,0,
,,,0.853717,0,
,,,0.853749,0.0195312476716936,
,,,0.853781,0.0195312476716936,
,,,0.853813,0,
,,,0.853845,0.0195312476716936,
,,,0.853877,0.0195312476716936,
,,,0.853909,0,
,,,0.853941,-0.0410156201105565,
,,,0.853973,0,
,,,0.854005,0.0195312476716936,
,,,0.854037,0.0195312476716936,
,,,0.854069,0,
,,,0.854101,0,
,,,0.854133,0.0195312476716936,
,,,0.854165,0,
,,,0.854197,0,
,,,0.854229,0,
,,,0.854261,0.0195312476716936,
,,,0.854293,0.0195312476716936,
,,,0.854325,0.0195312476716936,
,,,0.854357,0,
,,,0.854389,0,
,,,0.854421,0.0195312476716936,
,,,0.854453,0,
,,,0.854485,0.0195312476716936,
,,,0.854517,-0.0214843724388629,
,,,0.854549,0,
,,,0.854581,0.0195312476716936,
,,,0.854613,0.0195312476716936,
,,,0.854645,0.0195312476716936,
,,,0.854677,0.0195312476716936,
,,,0.854709,0,
,,,0.854741,0,
,,,0.854773,0.0195312476716936,
,,,0.854805,0,
,,,0.854837,0,
,,,0.854869,0.0195312476716936,
,,,0.854901,0,
,,,0.854933,0.0195312476716936,
,,,0.854965,0,
,,,0.854997,0.0195312476716936,
,,,0.855029,0,
,,,0.855061,0.0195312476716936,
,,,0.855093,0.0195312476716936,
,,,0.855125,0.0195312476716936,
,,,0.855157,-0.0214843724388629,
,,,0.855189,0,
,,,0.855221,0,
,,,0.855253,0.0195312476716936,
,,,0.855285,0,
,,,0.855317,0.0195312476716936,
,,,0.855349,0,
,,,0.855381,0,
,,,0.855413,0.0195312476716936,
,,,0.855445,0.0195312476716936,
,,,0.855477,0,
,,,0.855509,0,
,,,0.855541,0,
,,,0.855573,0,
,,,0.855605,0,
,,,0.855637,0.0195312476716936,
,,,0.855669,-0.0214843724388629,
,,,0.855701,0.0195312476716936,
,,,0.855733,0,
,,,0.855765,0,
,,,0.855797,0,
,,,0.855829,0,
,,,0.855861,0,
,,,0.855893,0,
,,,0.855925,0,
,,,0.855957,0,
,,,0.855989,0,
,,,0.856021,0,
,,,0.856053,0,
,,,0.856085,0,
,,,0.856117,0,
,,,0.856149,-0.0214843724388629,
,,,0.856181,0,
,,,0.856213,0.0195312476716936,
,,,0.856245,0,
,,,0.856277,0,
,,,0.856309,0,
,,,0.856341,0,
,,,0.856373,0,
,,,0.856405,0.0195312476716936,
,,,0.856437,0,
,,,0.856469,0,
,,,0.856501,0,
,,,0.856533,0,
,,,0.856565,-0.0214843724388629,
,,,0.856597,0,
,,,0.856629,0,
,,,0.856661,0,
,,,0.856693,0,
,,,0.856725,0.0195312476716936,
,,,0.856757,0,
,,,0.856789,0,
,,,0.856821,0.0195312476716936,
,,,0.856853,0,
,,,0.856885,0.0195312476716936,
,,,0.856917,0,
,,,0.856949,0,
,,,0.856981,0,
,,,0.857013,0,
,,,0.857045,0,
,,,0.857077,0.0195312476716936,
,,,0.857109,0,
,,,0.857141,0,
,,,0.857173,0.0195312476716936,
,,,0.857205,0.0195312476716936,
,,,0.857237,0,
,,,0.857269,0.0390624953433871,
,,,0.857301,0,
,,,0.857333,0.0195312476716936,
,,,0.857365,0.0195312476716936,
,,,0.857397,0,
,,,0.857429,0,
,,,0.857461,0,
,,,0.857493,0.0195312476716936,
,,,0.857525,0.0195312476716936,
,,,0.857557,0.0195312476716936,
,,,0.857589,0.0195312476716936,
,,,0.857621,0,
,,,0.857653,0.0195312476716936,
,,,0.857685,0,
,,,0.857717,0,
,,,0.857749,0.0195312476716936,
,,,0.857781,0,
,,,0.857813,0,
,,,0.857845,0,
,,,0.857877,0.0195312476716936,
,,,0.857909,0,
,,,0.857941,0.0195312476716936,
,,,0.857973,0.0195312476716936,
,,,0.858005,0,
,,,0.858037,0,
,,,0.858069,0,
,,,0.858101,0.0195312476716936,
,,,0.858133,0.0195312476716936,
,,,0.858165,0,
,,,0.858197,-0.0214843724388629,
,,,0.858229,0.0195312476716936,
,,,0.858261,0,
,,,0.858293,0,
,,,0.858325,-0.0214843724388629,
,,,0.858357,0,
,,,0.858389,0.0195312476716936,
,,,0.858421,0,
,,,0.858453,0,
,,,0.858485,0,
,,,0.858517,0.0195312476716936,
,,,0.858549,0.0195312476716936,
,,,0.858581,0,
,,,0.858613,0.0390624953433871,
,,,0.858645,0.0390624953433871,
,,,0.858677,0,
,,,0.858709,-0.0214843724388629,
,,,0.858741,0.0195312476716936,
,,,0.858773,0.0195312476716936,
,,,0.858805,-0.0214843724388629,
,,,0.858837,0,
,,,0.858869,-0.0214843724388629,
,,,0.858901,0.0585937430150807,
,,,0.858933,0,
,,,0.858965,0.0195312476716936,
,,,0.858997,0.0195312476716936,
,,,0.859029,0,
,,,0.859061,0.0195312476716936,
,,,0.859093,0.0195312476716936,
,,,0.859125,0.0195312476716936,
,,,0.859157,0,
,,,0.859189,0,
,,,0.859221,0.0195312476716936,
,,,0.859253,0,
,,,0.859285,0.0195312476716936,
,,,0.859317,0.0195312476716936,
,,,0.859349,0,
,,,0.859381,0,
,,,0.859413,0.0195312476716936,
,,,0.859445,0,
,,,0.859477,0.0195312476716936,
,,,0.859509,0.0195312476716936,
,,,0.859541,0.0195312476716936,
,,,0.859573,-0.06054686778225,
,,,0.859605,0.0195312476716936,
,,,0.859637,0,
,,,0.859669,0.0195312476716936,
,,,0.859701,0,
,,,0.859733,-0.0214843724388629,
,,,0.859765,0,
,,,0.859797,0.0390624953433871,
,,,0.859829,0.0195312476716936,
,,,0.859861,0,
,,,0.859893,0.0195312476716936,
,,,0.859925,0.0195312476716936,
,,,0.859957,0,
,,,0.859989,0.0195312476716936,
,,,0.860021,0.0195312476716936,
,,,0.860053,0.0195312476716936,
,,,0.860085,0.0195312476716936,
,,,0.860117,0,
,,,0.860149,0,
,,,0.860181,0.0195312476716936,
,,,0.860213,0,
,,,0.860245,0.0195312476716936,
,,,0.860277,-0.06054686778225,
,,,0.860309,0.0195312476716936,
,,,0.860341,0,
,,,0.860373,0.0195312476716936,
,,,0.860405,0,
,,,0.860437,0,
,,,0.860469,0,
,,,0.860501,0.0390624953433871,
,,,0.860533,0.0195312476716936,
,,,0.860565,0,
,,,0.860597,0,
,,,0.860629,0.0195312476716936,
,,,0.860661,0,
,,,0.860693,0.0195312476716936,
,,,0.860725,0,
,,,0.860757,0,
,,,0.860789,0,
,,,0.860821,0.0195312476716936,
,,,0.860853,0,
,,,0.860885,0.0195312476716936,
,,,0.860917,0,
,,,0.860949,0,
,,,0.860981,-0.0214843724388629,
,,,0.861013,0,
,,,0.861045,-0.0214843724388629,
,,,0.861077,0.0195312476716936,
,,,0.861109,0,
,,,0.861141,0.0195312476716936,
,,,0.861173,0.0390624953433871,
,,,0.861205,0.0195312476716936,
,,,0.861237,-0.0214843724388629,
,,,0.861269,0,
,,,0.861301,-0.0214843724388629,
,,,0.861333,0.0390624953433871,
,,,0.861365,-0.0214843724388629,
,,,0.861397,0,
,,,0.861429,0,
,,,0.861461,0,
,,,0.861493,0,
,,,0.861525,0.0195312476716936,
,,,0.861557,0,
,,,0.861589,0,
,,,0.861621,0,
,,,0.861653,0,
,,,0.861685,0,
,,,0.861717,0,
,,,0.861749,0,
,,,0.861781,0,
,,,0.861813,0,
,,,0.861845,0.0195312476716936,
,,,0.861877,-0.0214843724388629,
,,,0.861909,0,
,,,0.861941,-0.0214843724388629,
,,,0.861973,0,
,,,0.862005,0.0195312476716936,
,,,0.862037,0,
,,,0.862069,0,
,,,0.862101,0,
,,,0.862133,0,
,,,0.862165,0.0195312476716936,
,,,0.862197,-0.0214843724388629,
,,,0.862229,0,
,,,0.862261,0,
,,,0.862293,0.0195312476716936,
,,,0.862325,0,
,,,0.862357,0,
,,,0.862389,0,
,,,0.862421,0,
,,,0.862453,0,
,,,0.862485,0.0195312476716936,
,,,0.862517,0,
,,,0.862549,0,
,,,0.862581,0.0195312476716936,
,,,0.862613,0.0195312476716936,
,,,0.862645,0,
,,,0.862677,0.0195312476716936,
,,,0.862709,0,
,,,0.862741,0,
,,,0.862773,0.0390624953433871,
,,,0.862805,0,
,,,0.862837,0.0195312476716936,
,,,0.862869,0,
,,,0.862901,0,
,,,0.862933,0.0195312476716936,
,,,0.862965,0,
,,,0.862997,0,
,,,0.863029,0,
,,,0.863061,0.0195312476716936,
,,,0.863093,0,
,,,0.863125,0.0195312476716936,
,,,0.863157,0,
,,,0.863189,0,
,,,0.863221,0,
,,,0.863253,0.0195312476716936,
,,,0.863285,0,
,,,0.863317,0,
,,,0.863349,0,
,,,0.863381,0.0195312476716936,
,,,0.863413,0.0195312476716936,
,,,0.863445,0,
,,,0.863477,0.0195312476716936,
,,,0.863509,-0.0214843724388629,
,,,0.863541,0.0195312476716936,
,,,0.863573,0.0195312476716936,
,,,0.863605,0.0195312476716936,
,,,0.863637,0.0195312476716936,
,,,0.863669,0,
,,,0.863701,0,
,,,0.863733,0,
,,,0.863765,-0.0214843724388629,
,,,0.863797,0,
,,,0.863829,0.0195312476716936,
,,,0.863861,0.0195312476716936,
,,,0.863893,0,
,,,0.863925,0.0195312476716936,
,,,0.863957,0,
,,,0.863989,0.0195312476716936,
,,,0.864021,0.0195312476716936,
,,,0.864053,0.0195312476716936,
,,,0.864085,-0.0214843724388629,
,,,0.864117,0.0195312476716936,
,,,0.864149,0,
,,,0.864181,0.0195312476716936,
,,,0.864213,0,
,,,0.864245,0.0195312476716936,
,,,0.864277,0.0195312476716936,
,,,0.864309,0.0195312476716936,
,,,0.864341,0.0195312476716936,
,,,0.864373,0,
,,,0.864405,0,
,,,0.864437,0,
,,,0.864469,0.0195312476716936,
,,,0.864501,0,
,,,0.864533,0,
,,,0.864565,0.0195312476716936,
,,,0.864597,0.0195312476716936,
,,,0.864629,0,
,,,0.864661,0,
,,,0.864693,0.0195312476716936,
,,,0.864725,0.0195312476716936,
,,,0.864757,0.0195312476716936,
,,,0.864789,-0.0214843724388629,
,,,0.864821,0.0195312476716936,
,,,0.864853,0.0195312476716936,
,,,0.864885,0.0195312476716936,
,,,0.864917,0,
,,,0.864949,0,
,,,0.864981,0.0195312476716936,
,,,0.865013,0,
,,,0.865045,0.0195312476716936,
,,,0.865077,0,
,,,0.865109,0.0195312476716936,
,,,0.865141,0.0195312476716936,
,,,0.865173,0.0195312476716936,
,,,0.865205,0,
,,,0.865237,0,
,,,0.865269,0,
,,,0.865301,0,
,,,0.865333,0.0195312476716936,
,,,0.865365,0.0195312476716936,
,,,0.865397,-0.0214843724388629,
,,,0.865429,0.0195312476716936,
,,,0.865461,0.0195312476716936,
,,,0.865493,0,
,,,0.865525,0.0195312476716936,
,,,0.865557,0,
,,,0.865589,0,
,,,0.865621,-0.0214843724388629,
,,,0.865653,0.0195312476716936,
,,,0.865685,0,
,,,0.865717,0,
,,,0.865749,-0.0214843724388629,
,,,0.865781,0.0195312476716936,
,,,0.865813,0.0195312476716936,
,,,0.865845,0,
,,,0.865877,0,
,,,0.865909,0.0195312476716936,
,,,0.865941,0.0195312476716936,
,,,0.865973,0,
,,,0.866005,0,
,,,0.866037,0.0195312476716936,
,,,0.866069,0,
,,,0.866101,0,
,,,0.866133,0,
,,,0.866165,0,
,,,0.866197,0,
,,,0.866229,0.0195312476716936,
,,,0.866261,0.0195312476716936,
,,,0.866293,0,
,,,0.866325,0,
,,,0.866357,0,
,,,0.866389,0.0195312476716936,
,,,0.866421,0,
,,,0.866453,0.0195312476716936,
,,,0.866485,0.0195312476716936,
,,,0.866517,0,
,,,0.866549,0.0195312476716936,
,,,0.866581,0,
,,,0.866613,0.0195312476716936,
,,,0.866645,0.0195312476716936,
,,,0.866677,0,
,,,0.866709,0.0390624953433871,
,,,0.866741,0,
,,,0.866773,0.0195312476716936,
,,,0.866805,0,
,,,0.866837,0,
,,,0.866869,0,
,,,0.866901,0.0195312476716936,
,,,0.866933,0,
,,,0.866965,0.0195312476716936,
,,,0.866997,0.0195312476716936,
,,,0.867029,0.0195312476716936,
,,,0.867061,0.0195312476716936,
,,,0.867093,-0.0214843724388629,
,,,0.867125,0,
,,,0.867157,0,
,,,0.867189,0,
,,,0.867221,0.0195312476716936,
,,,0.867253,0,
,,,0.867285,-0.0214843724388629,
,,,0.867317,0.0195312476716936,
,,,0.867349,0.0195312476716936,
,,,0.867381,0,
,,,0.867413,0.0195312476716936,
,,,0.867445,0,
,,,0.867477,0,
,,,0.867509,0.0195312476716936,
,,,0.867541,0,
,,,0.867573,0.0195312476716936,
,,,0.867605,0.0195312476716936,
,,,0.867637,0.0195312476716936,
,,,0.867669,0.0195312476716936,
,,,0.867701,0.0195312476716936,
,,,0.867733,-0.0410156201105565,
,,,0.867765,0.0195312476716936,
,,,0.867797,-0.0214843724388629,
,,,0.867829,0.0195312476716936,
,,,0.867861,0,
,,,0.867893,0,
,,,0.867925,0,
,,,0.867957,-0.0800781154539436,
,,,0.867989,0.0195312476716936,
,,,0.868021,0,
,,,0.868053,-0.0214843724388629,
,,,0.868085,0,
,,,0.868117,0.0195312476716936,
,,,0.868149,0.0195312476716936,
,,,0.868181,0,
,,,0.868213,0,
,,,0.868245,0,
,,,0.868277,0.0195312476716936,
,,,0.868309,0,
,,,0.868341,0.0195312476716936,
,,,0.868373,0.0195312476716936,
,,,0.868405,0.0195312476716936,
,,,0.868437,0,
,,,0.868469,0.0195312476716936,
,,,0.868501,0,
,,,0.868533,0.0195312476716936,
,,,0.868565,0,
,,,0.868597,0,
,,,0.868629,0.0195312476716936,
,,,0.868661,0.0195312476716936,
,,,0.868693,0,
,,,0.868725,0,
,,,0.868757,-0.0214843724388629,
,,,0.868789,0.0195312476716936,
,,,0.868821,0.0195312476716936,
,,,0.868853,0.0195312476716936,
,,,0.868885,0.0195312476716936,
,,,0.868917,0.0195312476716936,
,,,0.868949,0,
,,,0.868981,0.0195312476716936,
,,,0.869013,0.0195312476716936,
,,,0.869045,0.0195312476716936,
,,,0.869077,0.0195312476716936,
,,,0.869109,0.0195312476716936,
,,,0.869141,-0.0214843724388629,
,,,0.869173,0,
,,,0.869205,0,
,,,0.869237,0.0195312476716936,
,,,0.869269,0,
,,,0.869301,0,
,,,0.869333,0,
,,,0.869365,0,
,,,0.869397,0,
,,,0.869429,0,
,,,0.869461,0,
,,,0.869493,0.0195312476716936,
,,,0.869525,0,
,,,0.869557,0.0195312476716936,
,,,0.869589,0.0195312476716936,
,,,0.869621,-0.0410156201105565,
,,,0.869653,0,
,,,0.869685,0,
,,,0.869717,0.0195312476716936,
,,,0.869749,0.0195312476716936,
,,,0.869781,0.0390624953433871,
,,,0.869813,0.0195312476716936,
,,,0.869845,0,
,,,0.869877,0,
,,,0.869909,0.0390624953433871,
,,,0.869941,0.0195312476716936,
,,,0.869973,0.0195312476716936,
,,,0.870005,0,
,,,0.870037,0.0195312476716936,
,,,0.870069,-0.0214843724388629,
,,,0.870101,0.0390624953433871,
,,,0.870133,0,
,,,0.870165,0,
,,,0.870197,0.0195312476716936,
,,,0.870229,0,
,,,0.870261,0.0195312476716936,
,,,0.870293,0.0195312476716936,
,,,0.870325,0.0195312476716936,
,,,0.870357,0,
,,,0.870389,-0.0214843724388629,
,,,0.870421,0,
,,,0.870453,0,
,,,0.870485,0.0195312476716936,
,,,0.870517,0.0195312476716936,
,,,0.870549,0.0195312476716936,
,,,0.870581,0,
,,,0.870613,0.0195312476716936,
,,,0.870645,0.0195312476716936,
,,,0.870677,0.0195312476716936,
,,,0.870709,0,
,,,0.870741,0,
,,,0.870773,0,
,,,0.870805,-0.0214843724388629,
,,,0.870837,0.0195312476716936,
,,,0.870869,0.0195312476716936,
,,,0.870901,-0.0214843724388629,
,,,0.870933,0.0195312476716936,
,,,0.870965,0.0195312476716936,
,,,0.870997,0,
,,,0.871029,0,
,,,0.871061,-0.0214843724388629,
,,,0.871093,0.0195312476716936,
,,,0.871125,0,
,,,0.871157,0,
,,,0.871189,0,
,,,0.871221,0,
,,,0.871253,0,
,,,0.871285,0,
,,,0.871317,0,
,,,0.871349,0,
,,,0.871381,0,
,,,0.871413,0,
,,,0.871445,0,
,,,0.871477,0,
,,,0.871509,0.0195312476716936,
,,,0.871541,0,
,,,0.871573,-0.0214843724388629,
,,,0.871605,0,
,,,0.871637,0.0195312476716936,
,,,0.871669,0,
,,,0.871701,0.0195312476716936,
,,,0.871733,0,
,,,0.871765,0,
,,,0.871797,0.0195312476716936,
,,,0.871829,0,
,,,0.871861,0.0195312476716936,
,,,0.871893,0,
,,,0.871925,0,
,,,0.871957,0,
,,,0.871989,0,
,,,0.872021,0.0195312476716936,
,,,0.872053,0,
,,,0.872085,0.0195312476716936,
,,,0.872117,0,
,,,0.872149,0.0195312476716936,
,,,0.872181,0,
,,,0.872213,0.0195312476716936,
,,,0.872245,0,
,,,0.872277,0.0195312476716936,
,,,0.872309,0.0195312476716936,
,,,0.872341,0,
,,,0.872373,0,
,,,0.872405,0,
,,,0.872437,0,
,,,0.872469,0.0390624953433871,
,,,0.872501,0,
,,,0.872533,0.0390624953433871,
,,,0.872565,0.0195312476716936,
,,,0.872597,0,
,,,0.872629,0,
,,,0.872661,0,
,,,0.872693,0,
,,,0.872725,0,
,,,0.872757,0,
,,,0.872789,0,
,,,0.872821,0,
,,,0.872853,-0.0214843724388629,
,,,0.872885,0,
,,,0.872917,0,
,,,0.872949,0,
,,,0.872981,0,
,,,0.873013,0,
,,,0.873045,0,
,,,0.873077,0,
,,,0.873109,0,
,,,0.873141,-0.0214843724388629,
,,,0.873173,-0.0214843724388629,
,,,0.873205,0,
,,,0.873237,0,
,,,0.873269,0,
,,,0.873301,0.0195312476716936,
,,,0.873333,-0.0214843724388629,
,,,0.873365,0.0195312476716936,
,,,0.873397,0.0390624953433871,
,,,0.873429,0,
,,,0.873461,0,
,,,0.873493,0,
,,,0.873525,0,
,,,0.873557,-0.0214843724388629,
,,,0.873589,0,
,,,0.873621,0.0195312476716936,
,,,0.873653,0.0195312476716936,
,,,0.873685,0.0195312476716936,
,,,0.873717,0.0195312476716936,
,,,0.873749,0,
,,,0.873781,-0.0214843724388629,
,,,0.873813,0,
,,,0.873845,0,
,,,0.873877,0,
,,,0.873909,0,
,,,0.873941,0.0195312476716936,
,,,0.873973,0.0195312476716936,
,,,0.874005,0,
,,,0.874037,0.0195312476716936,
,,,0.874069,0.0195312476716936,
,,,0.874101,0.0195312476716936,
,,,0.874133,0,
,,,0.874165,0.0195312476716936,
,,,0.874197,0,
,,,0.874229,0,
,,,0.874261,0.0195312476716936,
,,,0.874293,0,
,,,0.874325,0,
,,,0.874357,0.0195312476716936,
,,,0.874389,0,
,,,0.874421,0.0195312476716936,
,,,0.874453,0,
,,,0.874485,0,
,,,0.874517,0.0195312476716936,
,,,0.874549,0,
,,,0.874581,0.0195312476716936,
,,,0.874613,0.0390624953433871,
,,,0.874645,0.0390624953433871,
,,,0.874677,0,
,,,0.874709,0,
,,,0.874741,0,
,,,0.874773,0.0195312476716936,
,,,0.874805,0.0195312476716936,
,,,0.874837,0,
,,,0.874869,0,
,,,0.874901,0,
,,,0.874933,-0.0410156201105565,
,,,0.874965,0.0195312476716936,
,,,0.874997,0.0195312476716936,
,,,0.875029,0.0195312476716936,
,,,0.875061,0.0195312476716936,
,,,0.875093,-0.0214843724388629,
,,,0.875125,0.0195312476716936,
,,,0.875157,0,
,,,0.875189,0.0195312476716936,
,,,0.875221,0,
,,,0.875253,0.0195312476716936,
,,,0.875285,0.0195312476716936,
,,,0.875317,0.0195312476716936,
,,,0.875349,0.0195312476716936,
,,,0.875381,0,
,,,0.875413,0,
,,,0.875445,0.0195312476716936,
,,,0.875477,0.0195312476716936,
,,,0.875509,0,
,,,0.875541,0.0195312476716936,
,,,0.875573,0,
,,,0.875605,0.0195312476716936,
,,,0.875637,-0.0214843724388629,
,,,0.875669,0.0195312476716936,
,,,0.875701,0.0195312476716936,
,,,0.875733,-0.0214843724388629,
,,,0.875765,0,
,,,0.875797,0.0390624953433871,
,,,0.875829,0,
,,,0.875861,0,
,,,0.875893,0,
,,,0.875925,0,
,,,0.875957,0.0195312476716936,
,,,0.875989,0.0390624953433871,
,,,0.876021,0.0390624953433871,
,,,0.876053,0.0195312476716936,
,,,0.876085,0.0195312476716936,
,,,0.876117,0,
,,,0.876149,0,
,,,0.876181,-0.0214843724388629,
,,,0.876213,0.0195312476716936,
,,,0.876245,0.0195312476716936,
,,,0.876277,-0.0214843724388629,
,,,0.876309,0.0195312476716936,
,,,0.876341,-0.0214843724388629,
,,,0.876373,0.0390624953433871,
,,,0.876405,0,
,,,0.876437,0,
,,,0.876469,0,
,,,0.876501,0,
,,,0.876533,0.0195312476716936,
,,,0.876565,-0.0214843724388629,
,,,0.876597,0,
,,,0.876629,0.0195312476716936,
,,,0.876661,0,
,,,0.876693,0.0195312476716936,
,,,0.876725,0,
,,,0.876757,0,
,,,0.876789,-0.0214843724388629,
,,,0.876821,0.0195312476716936,
,,,0.876853,0.0195312476716936,
,,,0.876885,0,
,,,0.876917,0.0195312476716936,
,,,0.876949,0,
,,,0.876981,0.0195312476716936,
,,,0.877013,0.0390624953433871,
,,,0.877045,0,
,,,0.877077,0.0195312476716936,
,,,0.877109,-0.0214843724388629,
,,,0.877141,0,
,,,0.877173,0.0390624953433871,
,,,0.877205,0,
,,,0.877237,0,
,,,0.877269,0,
,,,0.877301,0.0195312476716936,
,,,0.877333,0.0195312476716936,
,,,0.877365,0,
,,,0.877397,-0.0410156201105565,
,,,0.877429,0,
,,,0.877461,0,
,,,0.877493,0,
,,,0.877525,-0.0214843724388629,
,,,0.877557,0,
,,,0.877589,0.0195312476716936,
,,,0.877621,0.0195312476716936,
,,,0.877653,0,
,,,0.877685,0,
,,,0.877717,0,
,,,0.877749,0.0195312476716936,
,,,0.877781,0,
,,,0.877813,0,
,,,0.877845,-0.06054686778225,
,,,0.877877,-0.0214843724388629,
,,,0.877909,0,
,,,0.877941,0,
,,,0.877973,0.0195312476716936,
,,,0.878005,0,
,,,0.878037,0.0195312476716936,
,,,0.878069,0.0195312476716936,
,,,0.878101,0.0195312476716936,
,,,0.878133,0,
,,,0.878165,0,
,,,0.878197,0,
,,,0.878229,0,
,,,0.878261,0,
,,,0.878293,0.0195312476716936,
,,,0.878325,0.0195312476716936,
,,,0.878357,0,
,,,0.878389,0,
,,,0.878421,0,
,,,0.878453,0.0390624953433871,
,,,0.878485,0,
,,,0.878517,-0.0214843724388629,
,,,0.878549,0,
,,,0.878581,-0.0214843724388629,
,,,0.878613,0.0390624953433871,
,,,0.878645,0.0195312476716936,
,,,0.878677,0,
,,,0.878709,0.0195312476716936,
,,,0.878741,0,
,,,0.878773,0,
,,,0.878805,-0.0214843724388629,
,,,0.878837,0,
,,,0.878869,0,
,,,0.878901,0.0390624953433871,
,,,0.878933,0,
,,,0.878965,0,
,,,0.878997,0,
,,,0.879029,0.0195312476716936,
,,,0.879061,-0.0214843724388629,
,,,0.879093,0,
,,,0.879125,0,
,,,0.879157,-0.0214843724388629,
,,,0.879189,0.0195312476716936,
,,,0.879221,0.0195312476716936,
,,,0.879253,0,
,,,0.879285,0,
,,,0.879317,0,
,,,0.879349,0,
,,,0.879381,0.0195312476716936,
,,,0.879413,0,
,,,0.879445,0.0195312476716936,
,,,0.879477,0.0195312476716936,
,,,0.879509,0,
,,,0.879541,0.0195312476716936,
,,,0.879573,0,
,,,0.879605,0.0195312476716936,
,,,0.879637,0,
,,,0.879669,0.0195312476716936,
,,,0.879701,0.0195312476716936,
,,,0.879733,0.0195312476716936,
,,,0.879765,0,
,,,0.879797,-0.0214843724388629,
,,,0.879829,0.0195312476716936,
,,,0.879861,-0.0410156201105565,
,,,0.879893,0,
,,,0.879925,0,
,,,0.879957,0.0195312476716936,
,,,0.879989,0.0195312476716936,
,,,0.880021,0,
,,,0.880053,0,
,,,0.880085,-0.0410156201105565,
,,,0.880117,0,
,,,0.880149,-0.0214843724388629,
,,,0.880181,-0.0214843724388629,
,,,0.880213,0.0195312476716936,
,,,0.880245,0.0195312476716936,
,,,0.880277,0.0195312476716936,
,,,0.880309,-0.0214843724388629,
,,,0.880341,0.0195312476716936,
,,,0.880373,0,
,,,0.880405,0.0195312476716936,
,,,0.880437,0,
,,,0.880469,0.0195312476716936,
,,,0.880501,0.0195312476716936,
,,,0.880533,0.0195312476716936,
,,,0.880565,-0.0214843724388629,
,,,0.880597,0.0390624953433871,
,,,0.880629,0.0195312476716936,
,,,0.880661,0.0195312476716936,
,,,0.880693,0.0390624953433871,
,,,0.880725,0.0195312476716936,
,,,0.880757,0.0195312476716936,
,,,0.880789,0,
,,,0.880821,0.0195312476716936,
,,,0.880853,0,
,,,0.880885,0.0195312476716936,
,,,0.880917,0,
,,,0.880949,0,
,,,0.880981,0,
,,,0.881013,0.0195312476716936,
,,,0.881045,0.0195312476716936,
,,,0.881077,0.0195312476716936,
,,,0.881109,0.0195312476716936,
,,,0.881141,0.0195312476716936,
,,,0.881173,0.0195312476716936,
,,,0.881205,0.0195312476716936,
,,,0.881237,0,
,,,0.881269,0,
,,,0.881301,0.0195312476716936,
,,,0.881333,0.0195312476716936,
,,,0.881365,0.0195312476716936,
,,,0.881397,0.0195312476716936,
,,,0.881429,0.0195312476716936,
,,,0.881461,0,
,,,0.881493,0.0195312476716936,
,,,0.881525,0.0195312476716936,
,,,0.881557,0,
,,,0.881589,0.0195312476716936,
,,,0.881621,0,
,,,0.881653,0,
,,,0.881685,0,
,,,0.881717,0,
,,,0.881749,0.0195312476716936,
,,,0.881781,0.0195312476716936,
,,,0.881813,0,
,,,0.881845,0,
,,,0.881877,0,
,,,0.881909,0.0195312476716936,
,,,0.881941,0.0195312476716936,
,,,0.881973,0,
,,,0.882005,0.0195312476716936,
,,,0.882037,0,
,,,0.882069,0,
,,,0.882101,0,
,,,0.882133,-0.0214843724388629,
,,,0.882165,0.0195312476716936,
,,,0.882197,0,
,,,0.882229,0.0195312476716936,
,,,0.882261,0.0195312476716936,
,,,0.882293,-0.0214843724388629,
,,,0.882325,0,
,,,0.882357,0,
,,,0.882389,0,
,,,0.882421,0,
,,,0.882453,-0.0214843724388629,
,,,0.882485,0,
,,,0.882517,0.0195312476716936,
,,,0.882549,0.0195312476716936,
,,,0.882581,0.0195312476716936,
,,,0.882613,0,
,,,0.882645,0,
,,,0.882677,0,
,,,0.882709,0.0195312476716936,
,,,0.882741,0,
,,,0.882773,0.0195312476716936,
,,,0.882805,0.0195312476716936,
,,,0.882837,0.0195312476716936,
,,,0.882869,0.0195312476716936,
,,,0.882901,0.0195312476716936,
,,,0.882933,0.0195312476716936,
,,,0.882965,0,
,,,0.882997,0.0195312476716936,
,,,0.883029,0,
,,,0.883061,0.0195312476716936,
,,,0.883093,0.0195312476716936,
,,,0.883125,0.0195312476716936,
,,,0.883157,0,
,,,0.883189,0.0195312476716936,
,,,0.883221,0.0195312476716936,
,,,0.883253,0.0195312476716936,
,,,0.883285,0,
,,,0.883317,0.0195312476716936,
,,,0.883349,0,
,,,0.883381,0.0195312476716936,
,,,0.883413,0.0195312476716936,
,,,0.883445,0,
,,,0.883477,0,
,,,0.883509,0,
,,,0.883541,0,
,,,0.883573,0.0390624953433871,
,,,0.883605,0,
,,,0.883637,0,
,,,0.883669,0,
,,,0.883701,0,
,,,0.883733,-0.0214843724388629,
,,,0.883765,0.0195312476716936,
,,,0.883797,0,
,,,0.883829,0.0195312476716936,
,,,0.883861,0,
,,,0.883893,0,
,,,0.883925,0,
,,,0.883957,0,
,,,0.883989,0,
,,,0.884021,0.0195312476716936,
,,,0.884053,0.0195312476716936,
,,,0.884085,0.0195312476716936,
,,,0.884117,0,
,,,0.884149,0,
,,,0.884181,0.0195312476716936,
,,,0.884213,0.0585937430150807,
,,,0.884245,0,
,,,0.884277,0.0195312476716936,
,,,0.884309,0,
,,,0.884341,0,
,,,0.884373,0.0195312476716936,
,,,0.884405,0.0195312476716936,
,,,0.884437,0,
,,,0.884469,0.0195312476716936,
,,,0.884501,0.0195312476716936,
,,,0.884533,0,
,,,0.884565,0.0195312476716936,
,,,0.884597,0.0195312476716936,
,,,0.884629,0.0195312476716936,
,,,0.884661,0.0195312476716936,
,,,0.884693,0,
,,,0.884725,0.0195312476716936,
,,,0.884757,0.0195312476716936,
,,,0.884789,0.0195312476716936,
,,,0.884821,0,
,,,0.884853,0.0195312476716936,
,,,0.884885,0.0390624953433871,
,,,0.884917,0,
,,,0.884949,0,
,,,0.884981,-0.0214843724388629,
,,,0.885013,-0.0214843724388629,
,,,0.885045,0,
,,,0.885077,0,
,,,0.885109,0,
,,,0.885141,-0.0800781154539436,
,,,0.885173,0.0195312476716936,
,,,0.885205,0,
,,,0.885237,0,
,,,0.885269,0,
,,,0.885301,0.0195312476716936,
,,,0.885333,0.0195312476716936,
,,,0.885365,0.0195312476716936,
,,,0.885397,0,
,,,0.885429,0.0195312476716936,
,,,0.885461,0.0195312476716936,
,,,0.885493,0.0195312476716936,
,,,0.885525,0.0195312476716936,
,,,0.885557,0.0195312476716936,
,,,0.885589,0.0195312476716936,
,,,0.885621,0.0195312476716936,
,,,0.885653,0,
,,,0.885685,0.0195312476716936,
,,,0.885717,0.0195312476716936,
,,,0.885749,0,
,,,0.885781,0.0195312476716936,
,,,0.885813,0,
,,,0.885845,0,
,,,0.885877,0.0195312476716936,
,,,0.885909,-0.0214843724388629,
,,,0.885941,0.0195312476716936,
,,,0.885973,0.0195312476716936,
,,,0.886005,0,
,,,0.886037,0.0195312476716936,
,,,0.886069,0.0195312476716936,
,,,0.886101,0,
,,,0.886133,0,
,,,0.886165,0,
,,,0.886197,0.0195312476716936,
,,,0.886229,0.0390624953433871,
,,,0.886261,0,
,,,0.886293,0.0195312476716936,
,,,0.886325,0.0390624953433871,
,,,0.886357,0.0390624953433871,
,,,0.886389,0.0195312476716936,
,,,0.886421,0.0195312476716936,
,,,0.886453,0.0195312476716936,
,,,0.886485,0.0195312476716936,
,,,0.886517,0.0195312476716936,
,,,0.886549,-0.0214843724388629,
,,,0.886581,0.0195312476716936,
,,,0.886613,0,
,,,0.886645,0.0195312476716936,
,,,0.886677,0,
,,,0.886709,0.0195312476716936,
,,,0.886741,0,
,,,0.886773,0,
,,,0.886805,0.0390624953433871,
,,,0.886837,0,
,,,0.886869,0,
,,,0.886901,0.0195312476716936,
,,,0.886933,0.0195312476716936,
,,,0.886965,0.0195312476716936,
,,,0.886997,0.0195312476716936,
,,,0.887029,0.0195312476716936,
,,,0.887061,0.0195312476716936,
,,,0.887093,0.0390624953433871,
,,,0.887125,0.0195312476716936,
,,,0.887157,0,
,,,0.887189,-0.0214843724388629,
,,,0.887221,0,
,,,0.887253,-0.0214843724388629,
,,,0.887285,0,
,,,0.887317,0,
,,,0.887349,0.0195312476716936,
,,,0.887381,0.0195312476716936,
,,,0.887413,0.0195312476716936,
,,,0.887445,0.0195312476716936,
,,,0.887477,0,
,,,0.887509,0,
,,,0.887541,0,
,,,0.887573,0,
,,,0.887605,0,
,,,0.887637,0.0195312476716936,
,,,0.887669,0.0195312476716936,
,,,0.887701,0.0195312476716936,
,,,0.887733,0,
,,,0.887765,0,
,,,0.887797,0.0195312476716936,
,,,0.887829,0.0195312476716936,
,,,0.887861,0.0195312476716936,
,,,0.887893,0.0195312476716936,
,,,0.887925,0.0390624953433871,
,,,0.887957,-0.0214843724388629,
,,,0.887989,0.0195312476716936,
,,,0.888021,0,
,,,0.888053,0,
,,,0.888085,0,
,,,0.888117,0,
,,,0.888149,-0.0214843724388629,
,,,0.888181,0.0195312476716936,
,,,0.888213,-0.0214843724388629,
,,,0.888245,0,
,,,0.888277,0.0195312476716936,
,,,0.888309,0.0195312476716936,
,,,0.888341,0.0195312476716936,
,,,0.888373,0.0195312476716936,
,,,0.888405,0,
,,,0.888437,0,
,,,0.888469,0,
,,,0.888501,-0.0214843724388629,
,,,0.888533,-0.0214843724388629,
,,,0.888565,0.0195312476716936,
,,,0.888597,0,
,,,0.888629,0,
,,,0.888661,-0.0214843724388629,
,,,0.888693,0,
,,,0.888725,0,
,,,0.888757,0,
,,,0.888789,0.0195312476716936,
,,,0.888821,0.0195312476716936,
,,,0.888853,0.0195312476716936,
,,,0.888885,-0.0214843724388629,
,,,0.888917,0,
,,,0.888949,0.0195312476716936,
,,,0.888981,-0.0214843724388629,
,,,0.889013,0,
,,,0.889045,0,
,,,0.889077,0,
,,,0.889109,0.0195312476716936,
,,,0.889141,-0.0214843724388629,
,,,0.889173,0,
,,,0.889205,-0.0214843724388629,
,,,0.889237,0,
,,,0.889269,0.0195312476716936,
,,,0.889301,0,
,,,0.889333,0,
,,,0.889365,0,
,,,0.889397,-0.0214843724388629,
,,,0.889429,0.0195312476716936,
,,,0.889461,0,
,,,0.889493,0,
,,,0.889525,0.0195312476716936,
,,,0.889557,0.0195312476716936,
,,,0.889589,0,
,,,0.889621,0,
,,,0.889653,-0.0214843724388629,
,,,0.889685,0,
,,,0.889717,0,
,,,0.889749,0.0195312476716936,
,,,0.889781,0.0195312476716936,
,,,0.889813,0,
,,,0.889845,0,
,,,0.889877,0,
,,,0.889909,0.0195312476716936,
,,,0.889941,0.0195312476716936,
,,,0.889973,0,
,,,0.890005,0,
,,,0.890037,0,
,,,0.890069,0,
,,,0.890101,-0.0214843724388629,
,,,0.890133,0,
,,,0.890165,0,
,,,0.890197,0,
,,,0.890229,0,
,,,0.890261,0,
,,,0.890293,0.0195312476716936,
,,,0.890325,0,
,,,0.890357,0,
,,,0.890389,0.0195312476716936,
,,,0.890421,0,
,,,0.890453,0,
,,,0.890485,0.0195312476716936,
,,,0.890517,0,
,,,0.890549,0,
,,,0.890581,0,
,,,0.890613,0,
,,,0.890645,0.0195312476716936,
,,,0.890677,0,
,,,0.890709,0,
,,,0.890741,0,
,,,0.890773,-0.0214843724388629,
,,,0.890805,0,
,,,0.890837,0.0195312476716936,
,,,0.890869,0,
,,,0.890901,0.0195312476716936,
,,,0.890933,0,
,,,0.890965,0,
,,,0.890997,0,
,,,0.891029,0.0195312476716936,
,,,0.891061,0,
,,,0.891093,-0.0214843724388629,
,,,0.891125,0,
,,,0.891157,0.0195312476716936,
,,,0.891189,0,
,,,0.891221,-0.0214843724388629,
,,,0.891253,0,
,,,0.891285,0,
,,,0.891317,0,
,,,0.891349,0.0195312476716936,
,,,0.891381,0,
,,,0.891413,0,
,,,0.891445,0.0195312476716936,
,,,0.891477,0.0195312476716936,
,,,0.891509,0.0195312476716936,
,,,0.891541,0.0195312476716936,
,,,0.891573,-0.0214843724388629,
,,,0.891605,0,
,,,0.891637,0.0195312476716936,
,,,0.891669,0.0195312476716936,
,,,0.891701,0.0195312476716936,
,,,0.891733,0.0195312476716936,
,,,0.891765,0.0195312476716936,
,,,0.891797,0,
,,,0.891829,0,
,,,0.891861,0.0195312476716936,
,,,0.891893,-0.0214843724388629,
,,,0.891925,0.0195312476716936,
,,,0.891957,0.0195312476716936,
,,,0.891989,0.0195312476716936,
,,,0.892021,0.0195312476716936,
,,,0.892053,0,
,,,0.892085,0.0195312476716936,
,,,0.892117,0.0195312476716936,
,,,0.892149,0,
,,,0.892181,-0.0214843724388629,
,,,0.892213,0.0195312476716936,
,,,0.892245,0.0195312476716936,
,,,0.892277,0.0195312476716936,
,,,0.892309,0,
,,,0.892341,0,
,,,0.892373,0,
,,,0.892405,0,
,,,0.892437,0.0195312476716936,
,,,0.892469,0.0195312476716936,
,,,0.892501,-0.06054686778225,
,,,0.892533,0.0195312476716936,
,,,0.892565,0.0195312476716936,
,,,0.892597,0.0195312476716936,
,,,0.892629,0.0195312476716936,
,,,0.892661,0.0195312476716936,
,,,0.892693,0.0195312476716936,
,,,0.892725,0,
,,,0.892757,0.0195312476716936,
,,,0.892789,0.0195312476716936,
,,,0.892821,0.0390624953433871,
,,,0.892853,0.0195312476716936,
,,,0.892885,0,
,,,0.892917,0.0195312476716936,
,,,0.892949,-0.0214843724388629,
,,,0.892981,0.0195312476716936,
,,,0.893013,0,
,,,0.893045,0,
,,,0.893077,0.0195312476716936,
,,,0.893109,0,
,,,0.893141,0,
,,,0.893173,0,
,,,0.893205,0.0195312476716936,
,,,0.893237,0.0195312476716936,
,,,0.893269,-0.0214843724388629,
,,,0.893301,0.0195312476716936,
,,,0.893333,0,
,,,0.893365,0,
,,,0.893397,0,
,,,0.893429,0.0195312476716936,
,,,0.893461,0.0195312476716936,
,,,0.893493,0.0390624953433871,
,,,0.893525,0,
,,,0.893557,0,
,,,0.893589,-0.0214843724388629,
,,,0.893621,0,
,,,0.893653,0.0195312476716936,
,,,0.893685,0.0195312476716936,
,,,0.893717,0,
,,,0.893749,0,
,,,0.893781,0.0195312476716936,
,,,0.893813,0.0195312476716936,
,,,0.893845,0.0195312476716936,
,,,0.893877,-0.0214843724388629,
,,,0.893909,0,
,,,0.893941,0.0195312476716936,
,,,0.893973,0.0195312476716936,
,,,0.894005,0,
,,,0.894037,0.0195312476716936,
,,,0.894069,0.0390624953433871,
,,,0.894101,0,
,,,0.894133,-0.0214843724388629,
,,,0.894165,-0.101562487892807,
,,,0.894197,0,
,,,0.894229,0.0195312476716936,
,,,0.894261,-0.0410156201105565,
,,,0.894293,0,
,,,0.894325,0,
,,,0.894357,0,
,,,0.894389,0,
,,,0.894421,0,
,,,0.894453,0.0195312476716936,
,,,0.894485,0,
,,,0.894517,0,
,,,0.894549,0.0195312476716936,
,,,0.894581,0,
,,,0.894613,0,
,,,0.894645,0,
,,,0.894677,0,
,,,0.894709,0,
,,,0.894741,0.0195312476716936,
,,,0.894773,0.0195312476716936,
,,,0.894805,0,
,,,0.894837,0,
,,,0.894869,0,
,,,0.894901,0,
,,,0.894933,0,
,,,0.894965,0,
,,,0.894997,0,
,,,0.895029,-0.0214843724388629,
,,,0.895061,0.0195312476716936,
,,,0.895093,0.0195312476716936,
,,,0.895125,0,
,,,0.895157,0,
,,,0.895189,0,
,,,0.895221,0.0195312476716936,
,,,0.895253,0,
,,,0.895285,0,
,,,0.895317,0,
,,,0.895349,0,
,,,0.895381,0,
,,,0.895413,0,
,,,0.895445,0.0195312476716936,
,,,0.895477,0.0390624953433871,
,,,0.895509,0,
,,,0.895541,0,
,,,0.895573,0,
,,,0.895605,0,
,,,0.895637,0,
,,,0.895669,0,
,,,0.895701,0,
,,,0.895733,0.0195312476716936,
,,,0.895765,-0.0214843724388629,
,,,0.895797,0,
,,,0.895829,0,
,,,0.895861,-0.0214843724388629,
,,,0.895893,-0.0214843724388629,
,,,0.895925,0.0195312476716936,
,,,0.895957,0,
,,,0.895989,0,
,,,0.896021,0,
,,,0.896053,-0.0214843724388629,
,,,0.896085,0.0195312476716936,
,,,0.896117,0.0195312476716936,
,,,0.896149,0.0195312476716936,
,,,0.896181,0.0195312476716936,
,,,0.896213,0.0195312476716936,
,,,0.896245,-0.0214843724388629,
,,,0.896277,0.0195312476716936,
,,,0.896309,0,
,,,0.896341,0,
,,,0.896373,0,
,,,0.896405,0.0390624953433871,
,,,0.896437,0,
,,,0.896469,0.0390624953433871,
,,,0.896501,-0.0214843724388629,
,,,0.896533,0.0195312476716936,
,,,0.896565,0.0195312476716936,
,,,0.896597,0,
,,,0.896629,0.0195312476716936,
,,,0.896661,0,
,,,0.896693,0,
,,,0.896725,0.0195312476716936,
,,,0.896757,-0.0214843724388629,
,,,0.896789,-0.0214843724388629,
,,,0.896821,0.0195312476716936,
,,,0.896853,0.0195312476716936,
,,,0.896885,0.0195312476716936,
,,,0.896917,0,
,,,0.896949,0,
,,,0.896981,0,
,,,0.897013,0.0195312476716936,
,,,0.897045,0.0195312476716936,
,,,0.897077,0.0195312476716936,
,,,0.897109,0.0195312476716936,
,,,0.897141,0,
,,,0.897173,0.0195312476716936,
,,,0.897205,0.0195312476716936,
,,,0.897237,0.0195312476716936,
,,,0.897269,0.0195312476716936,
,,,0.897301,0.0195312476716936,
,,,0.897333,0,
,,,0.897365,0.0195312476716936,
,,,0.897397,0,
,,,0.897429,0.0195312476716936,
,,,0.897461,0,
,,,0.897493,-0.0214843724388629,
,,,0.897525,0,
,,,0.897557,0.0195312476716936,
,,,0.897589,0,
,,,0.897621,0,
,,,0.897653,0.0195312476716936,
,,,0.897685,0.0195312476716936,
,,,0.897717,0.0195312476716936,
,,,0.897749,0,
,,,0.897781,0.0195312476716936,
,,,0.897813,0,
,,,0.897845,0,
,,,0.897877,0.0195312476716936,
,,,0.897909,0.0195312476716936,
,,,0.897941,0.0195312476716936,
,,,0.897973,0.0195312476716936,
,,,0.898005,0.0195312476716936,
,,,0.898037,0,
,,,0.898069,0,
,,,0.898101,0,
,,,0.898133,0,
,,,0.898165,0,
,,,0.898197,0,
,,,0.898229,0,
,,,0.898261,0.0195312476716936,
,,,0.898293,0,
,,,0.898325,0,
,,,0.898357,0,
,,,0.898389,0.0195312476716936,
,,,0.898421,0.0195312476716936,
,,,0.898453,0,
,,,0.898485,0.0195312476716936,
,,,0.898517,0.0195312476716936,
,,,0.898549,0.0195312476716936,
,,,0.898581,0.0195312476716936,
,,,0.898613,0.0195312476716936,
,,,0.898645,0.0195312476716936,
,,,0.898677,0,
,,,0.898709,0.0195312476716936,
,,,0.898741,0,
,,,0.898773,-0.0214843724388629,
,,,0.898805,0.0195312476716936,
,,,0.898837,0,
,,,0.898869,0.0195312476716936,
,,,0.898901,0.0195312476716936,
,,,0.898933,0,
,,,0.898965,0,
,,,0.898997,0,
,,,0.899029,0.0195312476716936,
,,,0.899061,0.0195312476716936,
,,,0.899093,0.0195312476716936,
,,,0.899125,0,
,,,0.899157,0,
,,,0.899189,0.0195312476716936,
,,,0.899221,0.0195312476716936,
,,,0.899253,0,
,,,0.899285,0,
,,,0.899317,0,
,,,0.899349,0,
,,,0.899381,0,
,,,0.899413,0,
,,,0.899445,0,
,,,0.899477,-0.0214843724388629,
,,,0.899509,0,
,,,0.899541,0.0195312476716936,
,,,0.899573,0,
,,,0.899605,0,
,,,0.899637,0,
,,,0.899669,0,
,,,0.899701,0.0195312476716936,
,,,0.899733,0.0195312476716936,
,,,0.899765,0.0195312476716936,
,,,0.899797,0.0195312476716936,
,,,0.899829,0.0195312476716936,
,,,0.899861,-0.0410156201105565,
,,,0.899893,0,
,,,0.899925,0.0195312476716936,
,,,0.899957,0,
,,,0.899989,0.0390624953433871,
,,,0.900021,0.0195312476716936,
,,,0.900053,0.0195312476716936,
,,,0.900085,0,
,,,0.900117,0,
,,,0.900149,0,
,,,0.900181,0.0195312476716936,
,,,0.900213,0.0195312476716936,
,,,0.900245,0.0195312476716936,
,,,0.900277,0.0195312476716936,
,,,0.900309,0.0195312476716936,
,,,0.900341,0.0195312476716936,
,,,0.900373,0.0195312476716936,
,,,0.900405,0.0195312476716936,
,,,0.900437,0,
,,,0.900469,0,
,,,0.900501,0.0195312476716936,
,,,0.900533,0.0390624953433871,
,,,0.900565,0,
,,,0.900597,0.0195312476716936,
,,,0.900629,0,
,,,0.900661,0.0195312476716936,
,,,0.900693,0,
,,,0.900725,0,
,,,0.900757,0.0195312476716936,
,,,0.900789,0.0195312476716936,
,,,0.900821,0.0195312476716936,
,,,0.900853,-0.0214843724388629,
,,,0.900885,0.0195312476716936,
,,,0.900917,0.0195312476716936,
,,,0.900949,0.0195312476716936,
,,,0.900981,0.0195312476716936,
,,,0.901013,0,
,,,0.901045,0.0195312476716936,
,,,0.901077,0.0195312476716936,
,,,0.901109,0,
,,,0.901141,0.0195312476716936,
,,,0.901173,0.0195312476716936,
,,,0.901205,0,
,,,0.901237,0.0195312476716936,
,,,0.901269,0.0195312476716936,
,,,0.901301,0,
,,,0.901333,0.0195312476716936,
,,,0.901365,0.0195312476716936,
,,,0.901397,-0.0410156201105565,
,,,0.901429,0.0195312476716936,
,,,0.901461,0.0195312476716936,
,,,0.901493,0,
,,,0.901525,0.0390624953433871,
,,,0.901557,0.0195312476716936,
,,,0.901589,0,
,,,0.901621,0.0195312476716936,
,,,0.901653,0.0390624953433871,
,,,0.901685,0,
,,,0.901717,0.0195312476716936,
,,,0.901749,0,
,,,0.901781,0,
,,,0.901813,-0.0214843724388629,
,,,0.901845,0.0195312476716936,
,,,0.901877,0,
,,,0.901909,0,
,,,0.901941,-0.0410156201105565,
,,,0.901973,0.0195312476716936,
,,,0.902005,0,
,,,0.902037,0,
,,,0.902069,-0.0410156201105565,
,,,0.902101,0.0195312476716936,
,,,0.902133,0,
,,,0.902165,0.0195312476716936,
,,,0.902197,0.0195312476716936,
,,,0.902229,0.0195312476716936,
,,,0.902261,0,
,,,0.902293,0,
,,,0.902325,0.0195312476716936,
,,,0.902357,0,
,,,0.902389,0.0195312476716936,
,,,0.902421,0,
,,,0.902453,0,
,,,0.902485,0.0195312476716936,
,,,0.902517,0.0195312476716936,
,,,0.902549,0.0195312476716936,
,,,0.902581,0.0195312476716936,
,,,0.902613,0,
,,,0.902645,-0.0214843724388629,
,,,0.902677,0.0390624953433871,
,,,0.902709,0,
,,,0.902741,0,
,,,0.902773,0.0195312476716936,
,,,0.902805,0,
,,,0.902837,-0.0214843724388629,
,,,0.902869,0.0195312476716936,
,,,0.902901,0.0195312476716936,
,,,0.902933,0,
,,,0.902965,-0.0214843724388629,
,,,0.902997,0,
,,,0.903029,0,
,,,0.903061,0,
,,,0.903093,0,
,,,0.903125,0,
,,,0.903157,-0.0214843724388629,
,,,0.903189,0,
,,,0.903221,0.0195312476716936,
,,,0.903253,0.0195312476716936,
,,,0.903285,0.0195312476716936,
,,,0.903317,0,
,,,0.903349,0.0195312476716936,
,,,0.903381,0,
,,,0.903413,0.0390624953433871,
,,,0.903445,0,
,,,0.903477,0,
,,,0.903509,0.0195312476716936,
,,,0.903541,0,
,,,0.903573,0,
,,,0.903605,0,
,,,0.903637,0.0195312476716936,
,,,0.903669,0.0195312476716936,
,,,0.903701,0,
,,,0.903733,0.0390624953433871,
,,,0.903765,0.0195312476716936,
,,,0.903797,0.0390624953433871,
,,,0.903829,0,
,,,0.903861,-0.0410156201105565,
,,,0.903893,0.0390624953433871,
,,,0.903925,0.0195312476716936,
,,,0.903957,0.0195312476716936,
,,,0.903989,0.0195312476716936,
,,,0.904021,0.0195312476716936,
,,,0.904053,0.0195312476716936,
,,,0.904085,0.0195312476716936,
,,,0.904117,0,
,,,0.904149,0,
,,,0.904181,0,
,,,0.904213,0.0195312476716936,
,,,0.904245,0,
,,,0.904277,0,
,,,0.904309,-0.0214843724388629,
,,,0.904341,0,
,,,0.904373,0.0195312476716936,
,,,0.904405,0.0390624953433871,
,,,0.904437,0.0195312476716936,
,,,0.904469,0.0195312476716936,
,,,0.904501,0,
,,,0.904533,0,
,,,0.904565,0.0195312476716936,
,,,0.904597,0.0195312476716936,
,,,0.904629,0.0195312476716936,
,,,0.904661,0,
,,,0.904693,0.0195312476716936,
,,,0.904725,0.0195312476716936,
,,,0.904757,0,
,,,0.904789,0,
,,,0.904821,0.0195312476716936,
,,,0.904853,0.0195312476716936,
,,,0.904885,0,
,,,0.904917,0.0195312476716936,
,,,0.904949,0,
,,,0.904981,0,
,,,0.905013,0,
,,,0.905045,0.0195312476716936,
,,,0.905077,0.0195312476716936,
,,,0.905109,0.0195312476716936,
,,,0.905141,0.0195312476716936,
,,,0.905173,-0.0410156201105565,
,,,0.905205,0.0195312476716936,
,,,0.905237,0.0195312476716936,
,,,0.905269,0.0195312476716936,
,,,0.905301,-0.0214843724388629,
,,,0.905333,0,
,,,0.905365,0,
,,,0.905397,0.0195312476716936,
,,,0.905429,0.0195312476716936,
,,,0.905461,0.0195312476716936,
,,,0.905493,0,
,,,0.905525,0,
,,,0.905557,0.0195312476716936,
,,,0.905589,0,
,,,0.905621,0.0195312476716936,
,,,0.905653,0,
,,,0.905685,0,
,,,0.905717,0,
,,,0.905749,-0.0214843724388629,
,,,0.905781,-0.0214843724388629,
,,,0.905813,0.0195312476716936,
,,,0.905845,0,
,,,0.905877,0,
,,,0.905909,0,
,,,0.905941,0,
,,,0.905973,0,
,,,0.906005,0,
,,,0.906037,0,
,,,0.906069,0,
,,,0.906101,0.0195312476716936,
,,,0.906133,0,
,,,0.906165,0.0195312476716936,
,,,0.906197,0,
,,,0.906229,0,
,,,0.906261,0,
,,,0.906293,0.0195312476716936,
,,,0.906325,0,
,,,0.906357,0.0195312476716936,
,,,0.906389,0,
,,,0.906421,0,
,,,0.906453,0.0195312476716936,
,,,0.906485,0,
,,,0.906517,-0.0214843724388629,
,,,0.906549,-0.0214843724388629,
,,,0.906581,0,
,,,0.906613,0.0195312476716936,
,,,0.906645,0,
,,,0.906677,0,
,,,0.906709,0,
,,,0.906741,-0.0214843724388629,
,,,0.906773,0,
,,,0.906805,0,
,,,0.906837,0.0195312476716936,
,,,0.906869,0,
,,,0.906901,0,
,,,0.906933,0.0195312476716936,
,,,0.906965,-0.0214843724388629,
,,,0.906997,0,
,,,0.907029,0,
,,,0.907061,0,
,,,0.907093,0,
,,,0.907125,-0.0214843724388629,
,,,0.907157,0,
,,,0.907189,0.0195312476716936,
,,,0.907221,0,
,,,0.907253,0,
,,,0.907285,0,
,,,0.907317,0.0195312476716936,
,,,0.907349,0.0195312476716936,
,,,0.907381,0.0195312476716936,
,,,0.907413,-0.0214843724388629,
,,,0.907445,0,
,,,0.907477,0.0195312476716936,
,,,0.907509,0.0195312476716936,
,,,0.907541,0.0195312476716936,
,,,0.907573,0,
,,,0.907605,0.0195312476716936,
,,,0.907637,0,
,,,0.907669,0.0195312476716936,
,,,0.907701,0,
,,,0.907733,0,
,,,0.907765,0,
,,,0.907797,0.0195312476716936,
,,,0.907829,0.0195312476716936,
,,,0.907861,0,
,,,0.907893,0,
,,,0.907925,0.0195312476716936,
,,,0.907957,0.0195312476716936,
,,,0.907989,0.0195312476716936,
,,,0.908021,0,
,,,0.908053,0,
,,,0.908085,0.0195312476716936,
,,,0.908117,0,
,,,0.908149,0.0195312476716936,
,,,0.908181,0.0195312476716936,
,,,0.908213,0,
,,,0.908245,0.0195312476716936,
,,,0.908277,0.0195312476716936,
,,,0.908309,0,
,,,0.908341,0.0195312476716936,
,,,0.908373,0.0195312476716936,
,,,0.908405,0.0195312476716936,
,,,0.908437,-0.0214843724388629,
,,,0.908469,0,
,,,0.908501,0.0195312476716936,
,,,0.908533,0.0195312476716936,
,,,0.908565,0,
,,,0.908597,0.0195312476716936,
,,,0.908629,0.0195312476716936,
,,,0.908661,0.0195312476716936,
,,,0.908693,0.0195312476716936,
,,,0.908725,0,
,,,0.908757,0.0195312476716936,
,,,0.908789,0.0195312476716936,
,,,0.908821,0,
,,,0.908853,0.0195312476716936,
,,,0.908885,0,
,,,0.908917,0.0195312476716936,
,,,0.908949,0,
,,,0.908981,0.0195312476716936,
,,,0.909013,0,
,,,0.909045,0.0390624953433871,
,,,0.909077,0,
,,,0.909109,0,
,,,0.909141,-0.0214843724388629,
,,,0.909173,0.0195312476716936,
,,,0.909205,0.0195312476716936,
,,,0.909237,0.0195312476716936,
,,,0.909269,0.0195312476716936,
,,,0.909301,0.0195312476716936,
,,,0.909333,0.0195312476716936,
,,,0.909365,0.0195312476716936,
,,,0.909397,-0.0214843724388629,
,,,0.909429,0.0195312476716936,
,,,0.909461,0.0195312476716936,
,,,0.909493,0,
,,,0.909525,0,
,,,0.909557,0,
,,,0.909589,0.0390624953433871,
,,,0.909621,0.0195312476716936,
,,,0.909653,0.0195312476716936,
,,,0.909685,0.0195312476716936,
,,,0.909717,0,
,,,0.909749,0.0195312476716936,
,,,0.909781,0,
,,,0.909813,0.0195312476716936,
,,,0.909845,0,
,,,0.909877,0.0195312476716936,
,,,0.909909,0.0195312476716936,
,,,0.909941,0.0195312476716936,
,,,0.909973,0.0390624953433871,
,,,0.910005,0.0195312476716936,
,,,0.910037,0.0195312476716936,
,,,0.910069,-0.0214843724388629,
,,,0.910101,0.0390624953433871,
,,,0.910133,0.0195312476716936,
,,,0.910165,0,
,,,0.910197,0,
,,,0.910229,0.0195312476716936,
,,,0.910261,0.0195312476716936,
,,,0.910293,0,
,,,0.910325,0,
,,,0.910357,0.0195312476716936,
,,,0.910389,-0.0214843724388629,
,,,0.910421,0.0195312476716936,
,,,0.910453,0,
,,,0.910485,0.0195312476716936,
,,,0.910517,0.0195312476716936,
,,,0.910549,0,
,,,0.910581,0,
,,,0.910613,0,
,,,0.910645,0.0195312476716936,
,,,0.910677,0,
,,,0.910709,-0.101562487892807,
,,,0.910741,0,
,,,0.910773,0.0195312476716936,
,,,0.910805,0,
,,,0.910837,0,
,,,0.910869,0.0195312476716936,
,,,0.910901,0.0585937430150807,
,,,0.910933,0.0195312476716936,
,,,0.910965,0,
,,,0.910997,0,
,,,0.911029,0,
,,,0.911061,0,
,,,0.911093,0,
,,,0.911125,0,
,,,0.911157,0,
,,,0.911189,0,
,,,0.911221,0,
,,,0.911253,0,
,,,0.911285,0,
,,,0.911317,0,
,,,0.911349,0,
,,,0.911381,-0.0214843724388629,
,,,0.911413,0,
,,,0.911445,0,
,,,0.911477,0,
,,,0.911509,0.0195312476716936,
,,,0.911541,0,
,,,0.911573,0.0195312476716936,
,,,0.911605,0,
,,,0.911637,0,
,,,0.911669,0.0195312476716936,
,,,0.911701,0,
,,,0.911733,0.0195312476716936,
,,,0.911765,0,
,,,0.911797,0,
,,,0.911829,0,
,,,0.911861,0,
,,,0.911893,0.0195312476716936,
,,,0.911925,0,
,,,0.911957,0.0195312476716936,
,,,0.911989,0,
,,,0.912021,0.0390624953433871,
,,,0.912053,0.0195312476716936,
,,,0.912085,0,
,,,0.912117,0,
,,,0.912149,0,
,,,0.912181,0,
,,,0.912213,0.0195312476716936,
,,,0.912245,0,
,,,0.912277,0,
,,,0.912309,0.0195312476716936,
,,,0.912341,0,
,,,0.912373,0.0195312476716936,
,,,0.912405,0,
,,,0.912437,0,
,,,0.912469,0.0390624953433871,
,,,0.912501,0.0195312476716936,
,,,0.912533,0.0195312476716936,
,,,0.912565,0.0195312476716936,
,,,0.912597,-0.0214843724388629,
,,,0.912629,0.0195312476716936,
,,,0.912661,0,
,,,0.912693,0,
,,,0.912725,0,
,,,0.912757,0.0195312476716936,
,,,0.912789,-0.0214843724388629,
,,,0.912821,0.0195312476716936,
,,,0.912853,0.0195312476716936,
,,,0.912885,0,
,,,0.912917,0,
,,,0.912949,0.0195312476716936,
,,,0.912981,-0.0214843724388629,
,,,0.913013,0,
,,,0.913045,0.0195312476716936,
,,,0.913077,-0.0214843724388629,
,,,0.913109,0.0195312476716936,
,,,0.913141,-0.0214843724388629,
,,,0.913173,0,
,,,0.913205,0,
,,,0.913237,0.0195312476716936,
,,,0.913269,0,
,,,0.913301,0.0195312476716936,
,,,0.913333,0.0195312476716936,
,,,0.913365,0.0195312476716936,
,,,0.913397,0,
,,,0.913429,0,
,,,0.913461,0.0195312476716936,
,,,0.913493,0.0195312476716936,
,,,0.913525,0.0195312476716936,
,,,0.913557,0,
,,,0.913589,0,
,,,0.913621,0.0195312476716936,
,,,0.913653,-0.0214843724388629,
,,,0.913685,0,
,,,0.913717,0,
,,,0.913749,0.0195312476716936,
,,,0.913781,0.0195312476716936,
,,,0.913813,0.0195312476716936,
,,,0.913845,0.0195312476716936,
,,,0.913877,0.0195312476716936,
,,,0.913909,-0.0214843724388629,
,,,0.913941,0.0195312476716936,
,,,0.913973,-0.0214843724388629,
,,,0.914005,0,
,,,0.914037,0,
,,,0.914069,0.0195312476716936,
,,,0.914101,0.0195312476716936,
,,,0.914133,0,
,,,0.914165,0.0195312476716936,
,,,0.914197,0.0195312476716936,
,,,0.914229,0.0195312476716936,
,,,0.914261,0,
,,,0.914293,0,
,,,0.914325,0.0195312476716936,
,,,0.914357,0.0390624953433871,
,,,0.914389,0.0195312476716936,
,,,0.914421,0.0390624953433871,
,,,0.914453,0,
,,,0.914485,0.0195312476716936,
,,,0.914517,0,
,,,0.914549,0.0195312476716936,
,,,0.914581,0.0195312476716936,
,,,0.914613,-0.0214843724388629,
,,,0.914645,0.0195312476716936,
,,,0.914677,0,
,,,0.914709,0.0195312476716936,
,,,0.914741,0.0195312476716936,
,,,0.914773,0.0195312476716936,
,,,0.914805,0.0195312476716936,
,,,0.914837,0,
,,,0.914869,0,
,,,0.914901,0.0195312476716936,
,,,0.914933,0.0195312476716936,
,,,0.914965,-0.0214843724388629,
,,,0.914997,-0.0214843724388629,
,,,0.915029,0.0195312476716936,
,,,0.915061,0.0195312476716936,
,,,0.915093,0,
,,,0.915125,0.0195312476716936,
,,,0.915157,0,
,,,0.915189,0.0195312476716936,
,,,0.915221,0,
,,,0.915253,0.0195312476716936,
,,,0.915285,0,
,,,0.915317,0,
,,,0.915349,0.0195312476716936,
,,,0.915381,0,
,,,0.915413,0.0195312476716936,
,,,0.915445,0,
,,,0.915477,0.0195312476716936,
,,,0.915509,0,
,,,0.915541,0,
,,,0.915573,0,
,,,0.915605,0.0195312476716936,
,,,0.915637,0.0390624953433871,
,,,0.915669,0,
,,,0.915701,0,
,,,0.915733,0,
,,,0.915765,0.0195312476716936,
,,,0.915797,0,
,,,0.915829,0.0195312476716936,
,,,0.915861,0,
,,,0.915893,0,
,,,0.915925,0,
,,,0.915957,-0.0214843724388629,
,,,0.915989,0.0390624953433871,
,,,0.916021,0,
,,,0.916053,0,
,,,0.916085,0.0195312476716936,
,,,0.916117,0.0195312476716936,
,,,0.916149,0.0390624953433871,
,,,0.916181,0.0195312476716936,
,,,0.916213,0.0195312476716936,
,,,0.916245,0.0195312476716936,
,,,0.916277,0.0195312476716936,
,,,0.916309,0.0195312476716936,
,,,0.916341,0.0195312476716936,
,,,0.916373,0.0195312476716936,
,,,0.916405,0,
,,,0.916437,0.0195312476716936,
,,,0.916469,0.0195312476716936,
,,,0.916501,0.0195312476716936,
,,,0.916533,-0.0214843724388629,
,,,0.916565,0,
,,,0.916597,0,
,,,0.916629,0.0195312476716936,
,,,0.916661,0,
,,,0.916693,0.0195312476716936,
,,,0.916725,0,
,,,0.916757,0,
,,,0.916789,-0.0214843724388629,
,,,0.916821,0.0195312476716936,
,,,0.916853,0.0195312476716936,
,,,0.916885,0.0195312476716936,
,,,0.916917,0.0195312476716936,
,,,0.916949,0,
,,,0.916981,0,
,,,0.917013,0.0195312476716936,
,,,0.917045,0.0195312476716936,
,,,0.917077,0.0195312476716936,
,,,0.917109,0,
,,,0.917141,0.0195312476716936,
,,,0.917173,0,
,,,0.917205,0.0585937430150807,
,,,0.917237,0.0195312476716936,
,,,0.917269,0,
,,,0.917301,0.0195312476716936,
,,,0.917333,0,
,,,0.917365,0.0195312476716936,
,,,0.917397,0.0195312476716936,
,,,0.917429,0.0195312476716936,
,,,0.917461,0.0195312476716936,
,,,0.917493,0.0195312476716936,
,,,0.917525,0.0195312476716936,
,,,0.917557,0,
,,,0.917589,0.0390624953433871,
,,,0.917621,0,
,,,0.917653,-0.0410156201105565,
,,,0.917685,-0.0410156201105565,
,,,0.917717,0.0195312476716936,
,,,0.917749,0.0195312476716936,
,,,0.917781,-0.0214843724388629,
,,,0.917813,-0.0214843724388629,
,,,0.917845,0.0195312476716936,
,,,0.917877,-0.0214843724388629,
,,,0.917909,0,
,,,0.917941,0.0195312476716936,
,,,0.917973,0,
,,,0.918005,0.0195312476716936,
,,,0.918037,-0.0214843724388629,
,,,0.918069,0,
,,,0.918101,0,
,,,0.918133,0.0195312476716936,
,,,0.918165,0.0195312476716936,
,,,0.918197,0.0195312476716936,
,,,0.918229,0.0390624953433871,
,,,0.918261,0,
,,,0.918293,0.0195312476716936,
,,,0.918325,0,
,,,0.918357,0.0195312476716936,
,,,0.918389,-0.0410156201105565,
,,,0.918421,0.0195312476716936,
,,,0.918453,0.0195312476716936,
,,,0.918485,0,
,,,0.918517,0.0195312476716936,
,,,0.918549,0.0195312476716936,
,,,0.918581,0.0195312476716936,
,,,0.918613,-0.0214843724388629,
,,,0.918645,0.0195312476716936,
,,,0.918677,0,
,,,0.918709,0.0195312476716936,
,,,0.918741,0,
,,,0.918773,0,
,,,0.918805,0.0195312476716936,
,,,0.918837,0.0195312476716936,
,,,0.918869,0,
,,,0.918901,0,
,,,0.918933,0.0195312476716936,
,,,0.918965,0.0195312476716936,
,,,0.918997,0.0585937430150807,
,,,0.919029,0,
,,,0.919061,0.0195312476716936,
,,,0.919093,0,
,,,0.919125,0.0195312476716936,
,,,0.919157,0.0195312476716936,
,,,0.919189,0.0195312476716936,
,,,0.919221,0.0195312476716936,
,,,0.919253,0.0195312476716936,
,,,0.919285,0,
,,,0.919317,0.0195312476716936,
,,,0.919349,0.0195312476716936,
,,,0.919381,0.0195312476716936,
,,,0.919413,0.0195312476716936,
,,,0.919445,0.0195312476716936,
,,,0.919477,0.0195312476716936,
,,,0.919509,0.0195312476716936,
,,,0.919541,-0.06054686778225,
,,,0.919573,0.0195312476716936,
,,,0.919605,0.0195312476716936,
,,,0.919637,0,
,,,0.919669,0.0195312476716936,
,,,0.919701,0,
,,,0.919733,0.0195312476716936,
,,,0.919765,0,
,,,0.919797,0.0195312476716936,
,,,0.919829,0.0195312476716936,
,,,0.919861,0.0195312476716936,
,,,0.919893,0.0195312476716936,
,,,0.919925,0.0195312476716936,
,,,0.919957,0,
,,,0.919989,0.0195312476716936,
,,,0.920021,0.0195312476716936,
,,,0.920053,0,
,,,0.920085,0.0195312476716936,
,,,0.920117,0.0195312476716936,
,,,0.920149,0,
,,,0.920181,0.0195312476716936,
,,,0.920213,0,
,,,0.920245,-0.0214843724388629,
,,,0.920277,0.0195312476716936,
,,,0.920309,0.0195312476716936,
,,,0.920341,0,
,,,0.920373,0.0195312476716936,
,,,0.920405,0.0390624953433871,
,,,0.920437,0,
,,,0.920469,0.0195312476716936,
,,,0.920501,0,
,,,0.920533,0,
,,,0.920565,-0.0214843724388629,
,,,0.920597,0.0195312476716936,
,,,0.920629,0,
,,,0.920661,0,
,,,0.920693,0.0195312476716936,
,,,0.920725,0.0195312476716936,
,,,0.920757,0,
,,,0.920789,0,
,,,0.920821,0,
,,,0.920853,0.0195312476716936,
,,,0.920885,0,
,,,0.920917,0.0195312476716936,
,,,0.920949,0,
,,,0.920981,0,
,,,0.921013,0.0195312476716936,
,,,0.921045,0.0195312476716936,
,,,0.921077,0.0195312476716936,
,,,0.921109,0,
,,,0.921141,0.0195312476716936,
,,,0.921173,0,
,,,0.921205,0.0195312476716936,
,,,0.921237,0.0195312476716936,
,,,0.921269,0.0195312476716936,
,,,0.921301,0,
,,,0.921333,0.0195312476716936,
,,,0.921365,0.0195312476716936,
,,,0.921397,0.0195312476716936,
,,,0.921429,0.0390624953433871,
,,,0.921461,0.0195312476716936,
,,,0.921493,0.0195312476716936,
,,,0.921525,0.0195312476716936,
,,,0.921557,0.0195312476716936,
,,,0.921589,0,
,,,0.921621,-0.0214843724388629,
,,,0.921653,0,
,,,0.921685,0,
,,,0.921717,0.0195312476716936,
,,,0.921749,0.0195312476716936,
,,,0.921781,0.0195312476716936,
,,,0.921813,0,
,,,0.921845,0.0390624953433871,
,,,0.921877,0,
,,,0.921909,0,
,,,0.921941,0,
,,,0.921973,0.0195312476716936,
,,,0.922005,0,
,,,0.922037,0,
,,,0.922069,0.0195312476716936,
,,,0.922101,0.0195312476716936,
,,,0.922133,0,
,,,0.922165,0.0195312476716936,
,,,0.922197,0.0195312476716936,
,,,0.922229,0.0195312476716936,
,,,0.922261,0,
,,,0.922293,0,
,,,0.922325,0,
,,,0.922357,0,
,,,0.922389,0,
,,,0.922421,0,
,,,0.922453,0.0195312476716936,
,,,0.922485,-0.0214843724388629,
,,,0.922517,0,
,,,0.922549,0,
,,,0.922581,0.0195312476716936,
,,,0.922613,0.0195312476716936,
,,,0.922645,0.0195312476716936,
,,,0.922677,0,
,,,0.922709,0.0195312476716936,
,,,0.922741,0,
,,,0.922773,0,
,,,0.922805,0,
,,,0.922837,0,
,,,0.922869,0,
,,,0.922901,-0.0214843724388629,
,,,0.922933,0,
,,,0.922965,0.0195312476716936,
,,,0.922997,-0.0214843724388629,
,,,0.923029,0,
,,,0.923061,0,
,,,0.923093,0,
,,,0.923125,0,
,,,0.923157,0,
,,,0.923189,0,
,,,0.923221,0,
,,,0.923253,0,
,,,0.923285,0,
,,,0.923317,0,
,,,0.923349,0,
,,,0.923381,-0.0214843724388629,
,,,0.923413,0,
,,,0.923445,0.0195312476716936,
,,,0.923477,0.0195312476716936,
,,,0.923509,0,
,,,0.923541,0,
,,,0.923573,0.0195312476716936,
,,,0.923605,0,
,,,0.923637,0,
,,,0.923669,0.0195312476716936,
,,,0.923701,0,
,,,0.923733,0,
,,,0.923765,0,
,,,0.923797,0,
,,,0.923829,0,
,,,0.923861,0.0195312476716936,
,,,0.923893,0,
,,,0.923925,-0.0214843724388629,
,,,0.923957,0,
,,,0.923989,0.0195312476716936,
,,,0.924021,0,
,,,0.924053,0,
,,,0.924085,0.0195312476716936,
,,,0.924117,0.0195312476716936,
,,,0.924149,0.0195312476716936,
,,,0.924181,0,
,,,0.924213,-0.0214843724388629,
,,,0.924245,-0.0214843724388629,
,,,0.924277,0.0195312476716936,
,,,0.924309,0,
,,,0.924341,0.0195312476716936,
,,,0.924373,0.0195312476716936,
,,,0.924405,0,
,,,0.924437,0,
,,,0.924469,0,
,,,0.924501,0.0195312476716936,
,,,0.924533,0.0195312476716936,
,,,0.924565,0.0195312476716936,
,,,0.924597,0,
,,,0.924629,0.0195312476716936,
,,,0.924661,0.0195312476716936,
,,,0.924693,0,
,,,0.924725,0,
,,,0.924757,0.0195312476716936,
,,,0.924789,0.0390624953433871,
,,,0.924821,0,
,,,0.924853,0.0195312476716936,
,,,0.924885,0.0195312476716936,
,,,0.924917,0.0195312476716936,
,,,0.924949,0.0195312476716936,
,,,0.924981,0,
,,,0.925013,0.0195312476716936,
,,,0.925045,0.0195312476716936,
,,,0.925077,0,
,,,0.925109,0,
,,,0.925141,0.0195312476716936,
,,,0.925173,0.0195312476716936,
,,,0.925205,0,
,,,0.925237,0,
,,,0.925269,0.0195312476716936,
,,,0.925301,0.0195312476716936,
,,,0.925333,0.0195312476716936,
,,,0.925365,0,
,,,0.925397,0.0195312476716936,
,,,0.925429,0,
,,,0.925461,0,
,,,0.925493,0.0195312476716936,
,,,0.925525,0.0195312476716936,
,,,0.925557,0,
,,,0.925589,0.0195312476716936,
,,,0.925621,0,
,,,0.925653,0,
,,,0.925685,0,
,,,0.925717,0.0195312476716936,
,,,0.925749,0.0195312476716936,
,,,0.925781,0.0195312476716936,
,,,0.925813,0.0195312476716936,
,,,0.925845,0,
,,,0.925877,0,
,,,0.925909,0.0195312476716936,
,,,0.925941,0,
,,,0.925973,0,
,,,0.926005,0,
,,,0.926037,0.0195312476716936,
,,,0.926069,0,
,,,0.926101,0.0195312476716936,
,,,0.926133,-0.0214843724388629,
,,,0.926165,0.0195312476716936,
,,,0.926197,0,
,,,0.926229,0.0195312476716936,
,,,0.926261,0.0390624953433871,
,,,0.926293,0,
,,,0.926325,0,
,,,0.926357,0.0195312476716936,
,,,0.926389,0.0195312476716936,
,,,0.926421,0,
,,,0.926453,0.0195312476716936,
,,,0.926485,0.0195312476716936,
,,,0.926517,0,
,,,0.926549,0.0195312476716936,
,,,0.926581,0,
,,,0.926613,0.0800781154539436,
,,,0.926645,0,
,,,0.926677,0.0195312476716936,
,,,0.926709,0,
,,,0.926741,0,
,,,0.926773,0.0195312476716936,
,,,0.926805,0.0195312476716936,
,,,0.926837,-0.0214843724388629,
,,,0.926869,0,
,,,0.926901,0.0195312476716936,
,,,0.926933,0.0195312476716936,
,,,0.926965,0.0195312476716936,
,,,0.926997,0,
,,,0.927029,0,
,,,0.927061,0,
,,,0.927093,0.0390624953433871,
,,,0.927125,0.0195312476716936,
,,,0.927157,0.0195312476716936,
,,,0.927189,0,
,,,0.927221,0.0195312476716936,
,,,0.927253,0.0195312476716936,
,,,0.927285,-0.0410156201105565,
,,,0.927317,0.0195312476716936,
,,,0.927349,0,
,,,0.927381,0,
,,,0.927413,0.0195312476716936,
,,,0.927445,0,
,,,0.927477,0,
,,,0.927509,0.0195312476716936,
,,,0.927541,0,
,,,0.927573,0,
,,,0.927605,0,
,,,0.927637,0,
,,,0.927669,0.0195312476716936,
,,,0.927701,0,
,,,0.927733,0,
,,,0.927765,0,
,,,0.927797,0,
,,,0.927829,0,
,,,0.927861,0,
,,,0.927893,-0.0214843724388629,
,,,0.927925,0.0390624953433871,
,,,0.927957,0,
,,,0.927989,0.0195312476716936,
,,,0.928021,0,
,,,0.928053,0,
,,,0.928085,0,
,,,0.928117,0,
,,,0.928149,0,
,,,0.928181,0,
,,,0.928213,0,
,,,0.928245,0.0585937430150807,
,,,0.928277,0.0195312476716936,
,,,0.928309,-0.0214843724388629,
,,,0.928341,-0.0214843724388629,
,,,0.928373,0.0195312476716936,
,,,0.928405,0,
,,,0.928437,-0.0214843724388629,
,,,0.928469,-0.0214843724388629,
,,,0.928501,0.0195312476716936,
,,,0.928533,0,
,,,0.928565,0.0195312476716936,
,,,0.928597,-0.0214843724388629,
,,,0.928629,0,
,,,0.928661,0.0195312476716936,
,,,0.928693,-0.0214843724388629,
,,,0.928725,0.0195312476716936,
,,,0.928757,0,
,,,0.928789,0.0390624953433871,
,,,0.928821,0,
,,,0.928853,0,
,,,0.928885,0,
,,,0.928917,0,
,,,0.928949,0,
,,,0.928981,0,
,,,0.929013,0,
,,,0.929045,0.0195312476716936,
,,,0.929077,0.0195312476716936,
,,,0.929109,0.0195312476716936,
,,,0.929141,0,
,,,0.929173,0,
,,,0.929205,0,
,,,0.929237,0,
,,,0.929269,0,
,,,0.929301,-0.0410156201105565,
,,,0.929333,0,
,,,0.929365,0.0390624953433871,
,,,0.929397,0,
,,,0.929429,0,
,,,0.929461,0.0195312476716936,
,,,0.929493,0.0390624953433871,
,,,0.929525,0.0195312476716936,
,,,0.929557,0.0195312476716936,
,,,0.929589,0.0195312476716936,
,,,0.929621,0.0195312476716936,
,,,0.929653,0,
,,,0.929685,0.0195312476716936,
,,,0.929717,0.0195312476716936,
,,,0.929749,0,
,,,0.929781,0,
,,,0.929813,0,
,,,0.929845,0.0195312476716936,
,,,0.929877,0,
,,,0.929909,0.0195312476716936,
,,,0.929941,0.0195312476716936,
,,,0.929973,0.0195312476716936,
,,,0.930005,0.0195312476716936,
,,,0.930037,0,
,,,0.930069,0,
,,,0.930101,-0.0214843724388629,
,,,0.930133,0.0195312476716936,
,,,0.930165,0.0195312476716936,
,,,0.930197,0.0195312476716936,
,,,0.930229,0.0195312476716936,
,,,0.930261,-0.0214843724388629,
,,,0.930293,0.0195312476716936,
,,,0.930325,0.0195312476716936,
,,,0.930357,0.0195312476716936,
,,,0.930389,0.0195312476716936,
,,,0.930421,0.0390624953433871,
,,,0.930453,0,
,,,0.930485,0,
,,,0.930517,0,
,,,0.930549,0.0195312476716936,
,,,0.930581,0,
,,,0.930613,0.0195312476716936,
,,,0.930645,0.0195312476716936,
,,,0.930677,-0.0214843724388629,
,,,0.930709,0.0195312476716936,
,,,0.930741,0,
,,,0.930773,0,
,,,0.930805,0.0195312476716936,
,,,0.930837,0,
,,,0.930869,0.0195312476716936,
,,,0.930901,0.0195312476716936,
,,,0.930933,0,
,,,0.930965,0.0195312476716936,
,,,0.930997,0.0195312476716936,
,,,0.931029,0.0195312476716936,
,,,0.931061,0.0195312476716936,
,,,0.931093,0.0195312476716936,
,,,0.931125,0,
,,,0.931157,0,
,,,0.931189,0,
,,,0.931221,0.0390624953433871,
,,,0.931253,0.0195312476716936,
,,,0.931285,0,
,,,0.931317,0,
,,,0.931349,0.0195312476716936,
,,,0.931381,0.0195312476716936,
,,,0.931413,0.0195312476716936,
,,,0.931445,0.0195312476716936,
,,,0.931477,0,
,,,0.931509,0,
,,,0.931541,0.0195312476716936,
,,,0.931573,0.0195312476716936,
,,,0.931605,0,
,,,0.931637,0.0195312476716936,
,,,0.931669,0.0195312476716936,
,,,0.931701,0.0195312476716936,
,,,0.931733,0,
,,,0.931765,0.0195312476716936,
,,,0.931797,0.0195312476716936,
,,,0.931829,0.0195312476716936,
,,,0.931861,0,
,,,0.931893,0,
,,,0.931925,0,
,,,0.931957,0.0195312476716936,
,,,0.931989,0,
,,,0.932021,0,
,,,0.932053,0,
,,,0.932085,0,
,,,0.932117,0.0195312476716936,
,,,0.932149,0,
,,,0.932181,0.0195312476716936,
,,,0.932213,0,
,,,0.932245,0.0195312476716936,
,,,0.932277,0,
,,,0.932309,0,
,,,0.932341,0,
,,,0.932373,0.0195312476716936,
,,,0.932405,0.0195312476716936,
,,,0.932437,0.0195312476716936,
,,,0.932469,0.0390624953433871,
,,,0.932501,0.0195312476716936,
,,,0.932533,0,
,,,0.932565,0,
,,,0.932597,0,
,,,0.932629,0,
,,,0.932661,0,
,,,0.932693,0.0195312476716936,
,,,0.932725,0.0195312476716936,
,,,0.932757,0,
,,,0.932789,0,
,,,0.932821,-0.0214843724388629,
,,,0.932853,0.0390624953433871,
,,,0.932885,0.0195312476716936,
,,,0.932917,0.0195312476716936,
,,,0.932949,0.0195312476716936,
,,,0.932981,0.0195312476716936,
,,,0.933013,0,
,,,0.933045,0,
,,,0.933077,0.0195312476716936,
,,,0.933109,0.0195312476716936,
,,,0.933141,0.0585937430150807,
,,,0.933173,-0.0214843724388629,
,,,0.933205,-0.0214843724388629,
,,,0.933237,0,
,,,0.933269,0.0390624953433871,
,,,0.933301,0.0195312476716936,
,,,0.933333,0,
,,,0.933365,0.0195312476716936,
,,,0.933397,0.0195312476716936,
,,,0.933429,0.0195312476716936,
,,,0.933461,0.0195312476716936,
,,,0.933493,0.0195312476716936,
,,,0.933525,0.0195312476716936,
,,,0.933557,0.0195312476716936,
,,,0.933589,0.0195312476716936,
,,,0.933621,0,
,,,0.933653,0.0195312476716936,
,,,0.933685,0.0195312476716936,
,,,0.933717,0,
,,,0.933749,-0.0214843724388629,
,,,0.933781,0.0195312476716936,
,,,0.933813,-0.0214843724388629,
,,,0.933845,0,
,,,0.933877,0,
,,,0.933909,0.0195312476716936,
,,,0.933941,0.0195312476716936,
,,,0.933973,0.0195312476716936,
,,,0.934005,0.0195312476716936,
,,,0.934037,0,
,,,0.934069,0.0195312476716936,
,,,0.934101,0,
,,,0.934133,0,
,,,0.934165,0.0195312476716936,
,,,0.934197,0,
,,,0.934229,0,
,,,0.934261,0,
,,,0.934293,0,
,,,0.934325,0.0195312476716936,
,,,0.934357,-0.06054686778225,
,,,0.934389,0.0390624953433871,
,,,0.934421,0,
,,,0.934453,0.0195312476716936,
,,,0.934485,0,
,,,0.934517,-0.0214843724388629,
,,,0.934549,0,
,,,0.934581,0.0390624953433871,
,,,0.934613,-0.0214843724388629,
,,,0.934645,-0.0214843724388629,
,,,0.934677,0.0195312476716936,
,,,0.934709,0.0195312476716936,
,,,0.934741,0.0195312476716936,
,,,0.934773,0.0195312476716936,
,,,0.934805,0,
,,,0.934837,0.0195312476716936,
,,,0.934869,0.0195312476716936,
,,,0.934901,0.0390624953433871,
,,,0.934933,0.0390624953433871,
,,,0.934965,-0.0800781154539436,
,,,0.934997,0.0195312476716936,
,,,0.935029,0,
,,,0.935061,0.0195312476716936,
,,,0.935093,0.0195312476716936,
,,,0.935125,0.0195312476716936,
,,,0.935157,0,
,,,0.935189,0,
,,,0.935221,0,
,,,0.935253,0.0195312476716936,
,,,0.935285,0,
,,,0.935317,0.0195312476716936,
,,,0.935349,0.0585937430150807,
,,,0.935381,0.0390624953433871,
,,,0.935413,0.0195312476716936,
,,,0.935445,0.0195312476716936,
,,,0.935477,0.0195312476716936,
,,,0.935509,-0.0214843724388629,
,,,0.935541,0.0195312476716936,
,,,0.935573,0,
,,,0.935605,0.0195312476716936,
,,,0.935637,0.0195312476716936,
,,,0.935669,0.0195312476716936,
,,,0.935701,0.0195312476716936,
,,,0.935733,0.0195312476716936,
,,,0.935765,0.0390624953433871,
,,,0.935797,0,
,,,0.935829,0,
,,,0.935861,0.0195312476716936,
,,,0.935893,0.0195312476716936,
,,,0.935925,0.0390624953433871,
,,,0.935957,-0.0214843724388629,
,,,0.935989,0.0195312476716936,
,,,0.936021,0.0195312476716936,
,,,0.936053,0.0195312476716936,
,,,0.936085,0.0585937430150807,
,,,0.936117,0,
,,,0.936149,0.0195312476716936,
,,,0.936181,0,
,,,0.936213,-0.06054686778225,
,,,0.936245,0,
,,,0.936277,0.0195312476716936,
,,,0.936309,0.0195312476716936,
,,,0.936341,0,
,,,0.936373,0.0195312476716936,
,,,0.936405,0.0195312476716936,
,,,0.936437,0,
,,,0.936469,0,
,,,0.936501,0.0585937430150807,
,,,0.936533,0.0390624953433871,
,,,0.936565,0.0195312476716936,
,,,0.936597,0.0195312476716936,
,,,0.936629,0,
,,,0.936661,0,
,,,0.936693,0.0195312476716936,
,,,0.936725,0,
,,,0.936757,-0.0214843724388629,
,,,0.936789,0.0195312476716936,
,,,0.936821,0.0195312476716936,
,,,0.936853,0.0195312476716936,
,,,0.936885,0,
,,,0.936917,0,
,,,0.936949,-0.0214843724388629,
,,,0.936981,0.0195312476716936,
,,,0.937013,0,
,,,0.937045,0.0195312476716936,
,,,0.937077,0.0585937430150807,
,,,0.937109,0,
,,,0.937141,0.0195312476716936,
,,,0.937173,0.0195312476716936,
,,,0.937205,0,
,,,0.937237,0,
,,,0.937269,0.0195312476716936,
,,,0.937301,0.0195312476716936,
,,,0.937333,0,
,,,0.937365,0.0390624953433871,
,,,0.937397,0.0195312476716936,
,,,0.937429,-0.0214843724388629,
,,,0.937461,0.0195312476716936,
,,,0.937493,0.0195312476716936,
,,,0.937525,0.0195312476716936,
,,,0.937557,0.0195312476716936,
,,,0.937589,0,
,,,0.937621,0.0195312476716936,
,,,0.937653,0.0195312476716936,
,,,0.937685,0,
,,,0.937717,0,
,,,0.937749,0.0195312476716936,
,,,0.937781,0.0195312476716936,
,,,0.937813,0.0195312476716936,
,,,0.937845,0,
,,,0.937877,0.0195312476716936,
,,,0.937909,0,
,,,0.937941,0.0195312476716936,
,,,0.937973,0,
,,,0.938005,0,
,,,0.938037,0,
,,,0.938069,0.0195312476716936,
,,,0.938101,0,
,,,0.938133,0.0195312476716936,
,,,0.938165,0,
,,,0.938197,0,
,,,0.938229,0,
,,,0.938261,0,
,,,0.938293,0,
,,,0.938325,0,
,,,0.938357,0,
,,,0.938389,0.0195312476716936,
,,,0.938421,-0.0214843724388629,
,,,0.938453,0,
,,,0.938485,0,
,,,0.938517,0,
,,,0.938549,0.0195312476716936,
,,,0.938581,0.0195312476716936,
,,,0.938613,0,
,,,0.938645,0.0195312476716936,
,,,0.938677,0.0195312476716936,
,,,0.938709,0.0195312476716936,
,,,0.938741,0.0195312476716936,
,,,0.938773,0.0195312476716936,
,,,0.938805,0,
,,,0.938837,0.0195312476716936,
,,,0.938869,0.0195312476716936,
,,,0.938901,0.0195312476716936,
,,,0.938933,0,
,,,0.938965,0,
,,,0.938997,0,
,,,0.939029,-0.0214843724388629,
,,,0.939061,0,
,,,0.939093,0,
,,,0.939125,0,
,,,0.939157,0,
,,,0.939189,0,
,,,0.939221,0,
,,,0.939253,0,
,,,0.939285,0,
,,,0.939317,-0.0410156201105565,
,,,0.939349,0,
,,,0.939381,0.0195312476716936,
,,,0.939413,-0.0214843724388629,
,,,0.939445,0,
,,,0.939477,0,
,,,0.939509,0.0195312476716936,
,,,0.939541,0,
,,,0.939573,0,
,,,0.939605,0,
,,,0.939637,0,
,,,0.939669,0.0195312476716936,
,,,0.939701,0,
,,,0.939733,0.0195312476716936,
,,,0.939765,0,
,,,0.939797,0,
,,,0.939829,0,
,,,0.939861,0,
,,,0.939893,0,
,,,0.939925,-0.0214843724388629,
,,,0.939957,0.0195312476716936,
,,,0.939989,0.0195312476716936,
,,,0.940021,-0.0214843724388629,
,,,0.940053,0,
,,,0.940085,0,
,,,0.940117,0.0195312476716936,
,,,0.940149,0,
,,,0.940181,0,
,,,0.940213,0.0195312476716936,
,,,0.940245,0,
,,,0.940277,0.0195312476716936,
,,,0.940309,0,
,,,0.940341,0.0195312476716936,
,,,0.940373,0,
,,,0.940405,0.0195312476716936,
,,,0.940437,0.0195312476716936,
,,,0.940469,0,
,,,0.940501,0.0195312476716936,
,,,0.940533,0.0195312476716936,
,,,0.940565,0,
,,,0.940597,0,
,,,0.940629,0,
,,,0.940661,0,
,,,0.940693,0.0195312476716936,
,,,0.940725,0.0195312476716936,
,,,0.940757,0.0195312476716936,
,,,0.940789,0,
,,,0.940821,0.0390624953433871,
,,,0.940853,0.0195312476716936,
,,,0.940885,0,
,,,0.940917,0,
,,,0.940949,0.0195312476716936,
,,,0.940981,0,
,,,0.941013,0,
,,,0.941045,-0.0214843724388629,
,,,0.941077,0,
,,,0.941109,0,
,,,0.941141,-0.0214843724388629,
,,,0.941173,0,
,,,0.941205,0,
,,,0.941237,0.0195312476716936,
,,,0.941269,0.0195312476716936,
,,,0.941301,0,
,,,0.941333,0.0195312476716936,
,,,0.941365,0.0390624953433871,
,,,0.941397,0.0195312476716936,
,,,0.941429,0.0195312476716936,
,,,0.941461,0.0195312476716936,
,,,0.941493,0.0195312476716936,
,,,0.941525,0,
,,,0.941557,0.0390624953433871,
,,,0.941589,0.0195312476716936,
,,,0.941621,0,
,,,0.941653,0.0195312476716936,
,,,0.941685,0,
,,,0.941717,0.0195312476716936,
,,,0.941749,0.0195312476716936,
,,,0.941781,0.0195312476716936,
,,,0.941813,0.0195312476716936,
,,,0.941845,0,
,,,0.941877,-0.0214843724388629,
,,,0.941909,0,
,,,0.941941,0.0195312476716936,
,,,0.941973,0.0195312476716936,
,,,0.942005,0,
,,,0.942037,0,
,,,0.942069,0.0195312476716936,
,,,0.942101,0.0390624953433871,
,,,0.942133,0,
,,,0.942165,0,
,,,0.942197,0,
,,,0.942229,0.0195312476716936,
,,,0.942261,0.0195312476716936,
,,,0.942293,0.0195312476716936,
,,,0.942325,0.0195312476716936,
,,,0.942357,0.0195312476716936,
,,,0.942389,0.0195312476716936,
,,,0.942421,0.0195312476716936,
,,,0.942453,0.0195312476716936,
,,,0.942485,0,
,,,0.942517,0.0195312476716936,
,,,0.942549,0,
,,,0.942581,0.0195312476716936,
,,,0.942613,0,
,,,0.942645,0.0195312476716936,
,,,0.942677,0,
,,,0.942709,0.0195312476716936,
,,,0.942741,0.0195312476716936,
,,,0.942773,0.0195312476716936,
,,,0.942805,0,
,,,0.942837,0.0195312476716936,
,,,0.942869,0.0195312476716936,
,,,0.942901,0.0195312476716936,
,,,0.942933,0,
,,,0.942965,0.0195312476716936,
,,,0.942997,-0.0214843724388629,
,,,0.943029,0.0195312476716936,
,,,0.943061,0.0195312476716936,
,,,0.943093,-0.0214843724388629,
,,,0.943125,0,
,,,0.943157,0.0195312476716936,
,,,0.943189,-0.0800781154539436,
,,,0.943221,0,
,,,0.943253,0,
,,,0.943285,0.0195312476716936,
,,,0.943317,0.0195312476716936,
,,,0.943349,0,
,,,0.943381,0.0195312476716936,
,,,0.943413,0.0390624953433871,
,,,0.943445,0.0195312476716936,
,,,0.943477,0,
,,,0.943509,0.0195312476716936,
,,,0.943541,-0.0214843724388629,
,,,0.943573,0.0195312476716936,
,,,0.943605,0.0195312476716936,
,,,0.943637,0.0195312476716936,
,,,0.943669,0.0195312476716936,
,,,0.943701,0,
,,,0.943733,0,
,,,0.943765,0,
,,,0.943797,0,
,,,0.943829,0,
,,,0.943861,0.0195312476716936,
,,,0.943893,0,
,,,0.943925,0,
,,,0.943957,0,
,,,0.943989,0.0195312476716936,
,,,0.944021,0,
,,,0.944053,0,
,,,0.944085,0,
,,,0.944117,0,
,,,0.944149,0,
,,,0.944181,0.0195312476716936,
,,,0.944213,0,
,,,0.944245,0,
,,,0.944277,0,
,,,0.944309,0,
,,,0.944341,0,
,,,0.944373,0.0585937430150807,
,,,0.944405,0,
,,,0.944437,0,
,,,0.944469,0.0195312476716936,
,,,0.944501,0,
,,,0.944533,0.0195312476716936,
,,,0.944565,0,
,,,0.944597,0.0195312476716936,
,,,0.944629,0.0195312476716936,
,,,0.944661,0,
,,,0.944693,0,
,,,0.944725,0,
,,,0.944757,0,
,,,0.944789,0,
,,,0.944821,0.0195312476716936,
,,,0.944853,0,
,,,0.944885,0,
,,,0.944917,0,
,,,0.944949,0.0195312476716936,
,,,0.944981,0,
,,,0.945013,0.0195312476716936,
,,,0.945045,0,
,,,0.945077,0,
,,,0.945109,0.0195312476716936,
,,,0.945141,0,
,,,0.945173,0,
,,,0.945205,-0.0214843724388629,
,,,0.945237,0,
,,,0.945269,0,
,,,0.945301,0.0195312476716936,
,,,0.945333,0,
,,,0.945365,0,
,,,0.945397,0,
,,,0.945429,0.0195312476716936,
,,,0.945461,0,
,,,0.945493,0.0195312476716936,
,,,0.945525,-0.0800781154539436,
,,,0.945557,0,
,,,0.945589,0.0195312476716936,
,,,0.945621,0.0195312476716936,
,,,0.945653,0.0195312476716936,
,,,0.945685,0.0195312476716936,
,,,0.945717,0.0195312476716936,
,,,0.945749,0.0195312476716936,
,,,0.945781,0.0390624953433871,
,,,0.945813,0,
,,,0.945845,0,
,,,0.945877,0,
,,,0.945909,0.0390624953433871,
,,,0.945941,0.0195312476716936,
,,,0.945973,0,
,,,0.946005,0,
,,,0.946037,0,
,,,0.946069,0,
,,,0.946101,-0.0214843724388629,
,,,0.946133,0.0195312476716936,
,,,0.946165,0.0195312476716936,
,,,0.946197,0,
,,,0.946229,-0.0214843724388629,
,,,0.946261,0,
,,,0.946293,0,
,,,0.946325,0,
,,,0.946357,0,
,,,0.946389,0,
,,,0.946421,-0.0214843724388629,
,,,0.946453,0.0195312476716936,
,,,0.946485,0.0195312476716936,
,,,0.946517,0,
,,,0.946549,0.0195312476716936,
,,,0.946581,0.0195312476716936,
,,,0.946613,0.0390624953433871,
,,,0.946645,0,
,,,0.946677,0.0195312476716936,
,,,0.946709,0,
,,,0.946741,0,
,,,0.946773,0.0195312476716936,
,,,0.946805,0,
,,,0.946837,0.0195312476716936,
,,,0.946869,0,
,,,0.946901,0.0195312476716936,
,,,0.946933,0.0195312476716936,
,,,0.946965,0,
,,,0.946997,0,
,,,0.947029,0,
,,,0.947061,0,
,,,0.947093,0,
,,,0.947125,0.0195312476716936,
,,,0.947157,0.0195312476716936,
,,,0.947189,0.0195312476716936,
,,,0.947221,0.0195312476716936,
,,,0.947253,0.0195312476716936,
,,,0.947285,-0.0214843724388629,
,,,0.947317,0.0195312476716936,
,,,0.947349,0.0195312476716936,
,,,0.947381,-0.0214843724388629,
,,,0.947413,0.0195312476716936,
,,,0.947445,-0.0214843724388629,
,,,0.947477,-0.0214843724388629,
,,,0.947509,0.0195312476716936,
,,,0.947541,0.0195312476716936,
,,,0.947573,0,
,,,0.947605,-0.0214843724388629,
,,,0.947637,0,
,,,0.947669,0,
,,,0.947701,-0.0214843724388629,
,,,0.947733,0,
,,,0.947765,0.0195312476716936,
,,,0.947797,0.0195312476716936,
,,,0.947829,0.0195312476716936,
,,,0.947861,0,
,,,0.947893,0.0195312476716936,
,,,0.947925,0.0195312476716936,
,,,0.947957,0.0195312476716936,
,,,0.947989,0.0195312476716936,
,,,0.948021,0,
,,,0.948053,0.0195312476716936,
,,,0.948085,0.0195312476716936,
,,,0.948117,0,
,,,0.948149,0.0195312476716936,
,,,0.948181,0.0195312476716936,
,,,0.948213,0.0195312476716936,
,,,0.948245,0.0195312476716936,
,,,0.948277,0,
,,,0.948309,0,
,,,0.948341,0.0195312476716936,
,,,0.948373,0.0195312476716936,
,,,0.948405,0,
,,,0.948437,0,
,,,0.948469,0,
,,,0.948501,0,
,,,0.948533,0.0195312476716936,
,,,0.948565,0.0195312476716936,
,,,0.948597,0,
,,,0.948629,0.0390624953433871,
,,,0.948661,-0.0214843724388629,
,,,0.948693,0,
,,,0.948725,0,
,,,0.948757,0.0195312476716936,
,,,0.948789,0,
,,,0.948821,0.0195312476716936,
,,,0.948853,0,
,,,0.948885,0,
,,,0.948917,0,
,,,0.948949,0,
,,,0.948981,0,
,,,0.949013,0.0195312476716936,
,,,0.949045,0.0195312476716936,
,,,0.949077,0.0195312476716936,
,,,0.949109,0,
,,,0.949141,0,
,,,0.949173,0.0195312476716936,
,,,0.949205,0,
,,,0.949237,0.0195312476716936,
,,,0.949269,0,
,,,0.949301,0,
,,,0.949333,0.0390624953433871,
,,,0.949365,0.0195312476716936,
,,,0.949397,0,
,,,0.949429,0,
,,,0.949461,-0.0214843724388629,
,,,0.949493,0.0195312476716936,
,,,0.949525,0.0195312476716936,
,,,0.949557,0,
,,,0.949589,0,
,,,0.949621,0.0195312476716936,
,,,0.949653,0,
,,,0.949685,0.0195312476716936,
,,,0.949717,0.0195312476716936,
,,,0.949749,0,
,,,0.949781,0,
,,,0.949813,0.0195312476716936,
,,,0.949845,0.0195312476716936,
,,,0.949877,0.0195312476716936,
,,,0.949909,0.0195312476716936,
,,,0.949941,0.0195312476716936,
,,,0.949973,0,
,,,0.950005,0,
,,,0.950037,0.0195312476716936,
,,,0.950069,0,
,,,0.950101,0,
,,,0.950133,0,
,,,0.950165,0,
,,,0.950197,0.0195312476716936,
,,,0.950229,0.0195312476716936,
,,,0.950261,0,
,,,0.950293,0,
,,,0.950325,0.0195312476716936,
,,,0.950357,0.0195312476716936,
,,,0.950389,0.0195312476716936,
,,,0.950421,0.0195312476716936,
,,,0.950453,0.0195312476716936,
,,,0.950485,0.0195312476716936,
,,,0.950517,0.0390624953433871,
,,,0.950549,0.0195312476716936,
,,,0.950581,0,
,,,0.950613,0.0195312476716936,
,,,0.950645,0.0390624953433871,
,,,0.950677,0.0195312476716936,
,,,0.950709,0.0195312476716936,
,,,0.950741,0,
,,,0.950773,0,
,,,0.950805,0.0195312476716936,
,,,0.950837,0.0195312476716936,
,,,0.950869,0.0195312476716936,
,,,0.950901,-0.0214843724388629,
,,,0.950933,0.0195312476716936,
,,,0.950965,0.0390624953433871,
,,,0.950997,0,
,,,0.951029,0,
,,,0.951061,0.0195312476716936,
,,,0.951093,-0.0214843724388629,
,,,0.951125,0.0390624953433871,
,,,0.951157,0,
,,,0.951189,0.0195312476716936,
,,,0.951221,0.0195312476716936,
,,,0.951253,0.0195312476716936,
,,,0.951285,0.0195312476716936,
,,,0.951317,0,
,,,0.951349,0,
,,,0.951381,0.0195312476716936,
,,,0.951413,0.0195312476716936,
,,,0.951445,0.0195312476716936,
,,,0.951477,0.0390624953433871,
,,,0.951509,0,
,,,0.951541,0,
,,,0.951573,0,
,,,0.951605,0.0390624953433871,
,,,0.951637,0.0390624953433871,
,,,0.951669,0,
,,,0.951701,0,
,,,0.951733,0.0390624953433871,
,,,0.951765,0.0195312476716936,
,,,0.951797,0.0195312476716936,
,,,0.951829,0.0195312476716936,
,,,0.951861,-0.0410156201105565,
,,,0.951893,0,
,,,0.951925,0,
,,,0.951957,-0.0214843724388629,
,,,0.951989,0,
,,,0.952021,0.0195312476716936,
,,,0.952053,0,
,,,0.952085,0.0390624953433871,
,,,0.952117,0,
,,,0.952149,0,
,,,0.952181,0,
,,,0.952213,0,
,,,0.952245,0,
,,,0.952277,0.0195312476716936,
,,,0.952309,0.0195312476716936,
,,,0.952341,0,
,,,0.952373,0.0195312476716936,
,,,0.952405,0.0195312476716936,
,,,0.952437,0.0195312476716936,
,,,0.952469,0,
,,,0.952501,-0.0410156201105565,
,,,0.952533,-0.0214843724388629,
,,,0.952565,0,
,,,0.952597,0.0195312476716936,
,,,0.952629,0.0195312476716936,
,,,0.952661,0.0195312476716936,
,,,0.952693,0.0195312476716936,
,,,0.952725,0.0195312476716936,
,,,0.952757,0.0195312476716936,
,,,0.952789,0,
,,,0.952821,0,
,,,0.952853,0.0195312476716936,
,,,0.952885,0,
,,,0.952917,0.0585937430150807,
,,,0.952949,-0.0214843724388629,
,,,0.952981,0,
,,,0.953013,0,
,,,0.953045,0.0195312476716936,
,,,0.953077,0,
,,,0.953109,0.0195312476716936,
,,,0.953141,0.0195312476716936,
,,,0.953173,0.0195312476716936,
,,,0.953205,0.0195312476716936,
,,,0.953237,0.0195312476716936,
,,,0.953269,-0.0410156201105565,
,,,0.953301,0,
,,,0.953333,-0.0410156201105565,
,,,0.953365,-0.0214843724388629,
,,,0.953397,0.0195312476716936,
,,,0.953429,0,
,,,0.953461,0.0195312476716936,
,,,0.953493,0.0195312476716936,
,,,0.953525,0.0195312476716936,
,,,0.953557,0,
,,,0.953589,0.0195312476716936,
,,,0.953621,0.0195312476716936,
,,,0.953653,0.0195312476716936,
,,,0.953685,0,
,,,0.953717,0.0195312476716936,
,,,0.953749,0,
,,,0.953781,0.0195312476716936,
,,,0.953813,0.0195312476716936,
,,,0.953845,0,
,,,0.953877,-0.0410156201105565,
,,,0.953909,0,
,,,0.953941,0,
,,,0.953973,0.0585937430150807,
,,,0.954005,0,
,,,0.954037,0.0195312476716936,
,,,0.954069,0,
,,,0.954101,0.0195312476716936,
,,,0.954133,0,
,,,0.954165,0,
,,,0.954197,0.0195312476716936,
,,,0.954229,0.0195312476716936,
,,,0.954261,0.0195312476716936,
,,,0.954293,0,
,,,0.954325,0.0195312476716936,
,,,0.954357,0.0195312476716936,
,,,0.954389,0,
,,,0.954421,0.0195312476716936,
,,,0.954453,-0.0214843724388629,
,,,0.954485,0.0195312476716936,
,,,0.954517,0,
,,,0.954549,0.0195312476716936,
,,,0.954581,0.0195312476716936,
,,,0.954613,0,
,,,0.954645,0.0195312476716936,
,,,0.954677,0.0195312476716936,
,,,0.954709,0.0195312476716936,
,,,0.954741,0,
,,,0.954773,0,
,,,0.954805,0.0195312476716936,
,,,0.954837,0.0195312476716936,
,,,0.954869,0,
,,,0.954901,0,
,,,0.954933,0.0195312476716936,
,,,0.954965,0.0195312476716936,
,,,0.954997,0.0195312476716936,
,,,0.955029,0.0195312476716936,
,,,0.955061,0,
,,,0.955093,0.0390624953433871,
,,,0.955125,0.0195312476716936,
,,,0.955157,0.0195312476716936,
,,,0.955189,0,
,,,0.955221,0,
,,,0.955253,0,
,,,0.955285,0.0195312476716936,
,,,0.955317,-0.0214843724388629,
,,,0.955349,0,
,,,0.955381,0,
,,,0.955413,0.0195312476716936,
,,,0.955445,0,
,,,0.955477,0,
,,,0.955509,0,
,,,0.955541,0,
,,,0.955573,0,
,,,0.955605,0.0195312476716936,
,,,0.955637,0,
,,,0.955669,0,
,,,0.955701,0.0195312476716936,
,,,0.955733,0.0195312476716936,
,,,0.955765,0.0195312476716936,
,,,0.955797,-0.0214843724388629,
,,,0.955829,0,
,,,0.955861,0.0195312476716936,
,,,0.955893,0,
,,,0.955925,0,
,,,0.955957,0,
,,,0.955989,-0.0214843724388629,
,,,0.956021,0,
,,,0.956053,0.0195312476716936,
,,,0.956085,0,
,,,0.956117,0,
,,,0.956149,0,
,,,0.956181,0,
,,,0.956213,0.0195312476716936,
,,,0.956245,0.0195312476716936,
,,,0.956277,0,
,,,0.956309,0,
,,,0.956341,0.0195312476716936,
,,,0.956373,0.0195312476716936,
,,,0.956405,0,
,,,0.956437,0,
,,,0.956469,0,
,,,0.956501,0,
,,,0.956533,0,
,,,0.956565,0,
,,,0.956597,0.0195312476716936,
,,,0.956629,-0.0214843724388629,
,,,0.956661,0.0195312476716936,
,,,0.956693,-0.0214843724388629,
,,,0.956725,0,
,,,0.956757,0,
,,,0.956789,0.0195312476716936,
,,,0.956821,0,
,,,0.956853,0.0195312476716936,
,,,0.956885,0.0195312476716936,
,,,0.956917,0,
,,,0.956949,-0.0214843724388629,
,,,0.956981,0,
,,,0.957013,0,
,,,0.957045,0.0195312476716936,
,,,0.957077,0.0195312476716936,
,,,0.957109,0,
,,,0.957141,0.0195312476716936,
,,,0.957173,0,
,,,0.957205,0,
,,,0.957237,0,
,,,0.957269,0,
,,,0.957301,0.0195312476716936,
,,,0.957333,0,
,,,0.957365,0,
,,,0.957397,0.0195312476716936,
,,,0.957429,0,
,,,0.957461,0,
,,,0.957493,0.0195312476716936,
,,,0.957525,0.0195312476716936,
,,,0.957557,0.0195312476716936,
,,,0.957589,0,
,,,0.957621,0.0195312476716936,
,,,0.957653,0.0195312476716936,
,,,0.957685,-0.0214843724388629,
,,,0.957717,0,
,,,0.957749,0.0195312476716936,
,,,0.957781,0.0195312476716936,
,,,0.957813,0,
,,,0.957845,0.0195312476716936,
,,,0.957877,0.0195312476716936,
,,,0.957909,0.0195312476716936,
,,,0.957941,0.0195312476716936,
,,,0.957973,0.0195312476716936,
,,,0.958005,0.0390624953433871,
,,,0.958037,0.0195312476716936,
,,,0.958069,-0.0214843724388629,
,,,0.958101,0,
,,,0.958133,0.0195312476716936,
,,,0.958165,0.0195312476716936,
,,,0.958197,0,
,,,0.958229,0.0195312476716936,
,,,0.958261,0,
,,,0.958293,0.0195312476716936,
,,,0.958325,0.0390624953433871,
,,,0.958357,-0.0214843724388629,
,,,0.958389,0.0195312476716936,
,,,0.958421,0,
,,,0.958453,0,
,,,0.958485,0,
,,,0.958517,0.0195312476716936,
,,,0.958549,0,
,,,0.958581,0.0195312476716936,
,,,0.958613,0.0195312476716936,
,,,0.958645,0.0195312476716936,
,,,0.958677,0.0390624953433871,
,,,0.958709,0.0195312476716936,
,,,0.958741,0,
,,,0.958773,0,
,,,0.958805,0.0390624953433871,
,,,0.958837,0,
,,,0.958869,0,
,,,0.958901,0,
,,,0.958933,0.0195312476716936,
,,,0.958965,0.0195312476716936,
,,,0.958997,0.0195312476716936,
,,,0.959029,0.0195312476716936,
,,,0.959061,0,
,,,0.959093,-0.0214843724388629,
,,,0.959125,0.0195312476716936,
,,,0.959157,0,
,,,0.959189,0.0195312476716936,
,,,0.959221,0.0195312476716936,
,,,0.959253,0,
,,,0.959285,0,
,,,0.959317,0,
,,,0.959349,0.0195312476716936,
,,,0.959381,0.0195312476716936,
,,,0.959413,-0.0214843724388629,
,,,0.959445,0.0195312476716936,
,,,0.959477,0.0195312476716936,
,,,0.959509,0,
,,,0.959541,0,
,,,0.959573,0,
,,,0.959605,0.0195312476716936,
,,,0.959637,0.0195312476716936,
,,,0.959669,0.0390624953433871,
,,,0.959701,0.0195312476716936,
,,,0.959733,0.0195312476716936,
,,,0.959765,0,
,,,0.959797,0.0195312476716936,
,,,0.959829,0.0195312476716936,
,,,0.959861,0,
,,,0.959893,0,
,,,0.959925,0,
,,,0.959957,0,
,,,0.959989,0.0195312476716936,
,,,0.960021,0,
,,,0.960053,0,
,,,0.960085,0,
,,,0.960117,0.0195312476716936,
,,,0.960149,0,
,,,0.960181,0,
,,,0.960213,0.0195312476716936,
,,,0.960245,0,
,,,0.960277,0.0195312476716936,
,,,0.960309,-0.0214843724388629,
,,,0.960341,0.0195312476716936,
,,,0.960373,0,
,,,0.960405,0.0195312476716936,
,,,0.960437,0.0195312476716936,
,,,0.960469,-0.101562487892807,
,,,0.960501,0.0195312476716936,
,,,0.960533,-0.0214843724388629,
,,,0.960565,0.0195312476716936,
,,,0.960597,0.0195312476716936,
,,,0.960629,-0.0410156201105565,
,,,0.960661,0.0195312476716936,
,,,0.960693,0.0195312476716936,
,,,0.960725,0.0195312476716936,
,,,0.960757,0.0585937430150807,
,,,0.960789,0.0195312476716936,
,,,0.960821,0,
,,,0.960853,0,
,,,0.960885,0.0585937430150807,
,,,0.960917,0.0195312476716936,
,,,0.960949,0.0195312476716936,
,,,0.960981,0,
,,,0.961013,0,
,,,0.961045,0,
,,,0.961077,0.0195312476716936,
,,,0.961109,0,
,,,0.961141,0,
,,,0.961173,0.0195312476716936,
,,,0.961205,0,
,,,0.961237,0.0195312476716936,
,,,0.961269,0.0195312476716936,
,,,0.961301,0,
,,,0.961333,0,
,,,0.961365,0,
,,,0.961397,0.0195312476716936,
,,,0.961429,0,
,,,0.961461,-0.0214843724388629,
,,,0.961493,-0.0214843724388629,
,,,0.961525,0,
,,,0.961557,0.0195312476716936,
,,,0.961589,0,
,,,0.961621,0,
,,,0.961653,0,
,,,0.961685,0.0195312476716936,
,,,0.961717,0,
,,,0.961749,0,
,,,0.961781,0,
,,,0.961813,-0.0214843724388629,
,,,0.961845,0,
,,,0.961877,0.0195312476716936,
,,,0.961909,0.0390624953433871,
,,,0.961941,0,
,,,0.961973,0,
,,,0.962005,0,
,,,0.962037,0,
,,,0.962069,0.0195312476716936,
,,,0.962101,0,
,,,0.962133,0.0195312476716936,
,,,0.962165,0,
,,,0.962197,0,
,,,0.962229,0.0195312476716936,
,,,0.962261,0,
,,,0.962293,-0.0410156201105565,
,,,0.962325,0.0195312476716936,
,,,0.962357,0,
,,,0.962389,0,
,,,0.962421,0,
,,,0.962453,-0.0214843724388629,
,,,0.962485,0,
,,,0.962517,0,
,,,0.962549,0,
,,,0.962581,0,
,,,0.962613,0,
,,,0.962645,0,
,,,0.962677,0,
,,,0.962709,0.0195312476716936,
,,,0.962741,0.0195312476716936,
,,,0.962773,0.0195312476716936,
,,,0.962805,0,
,,,0.962837,0.0390624953433871,
,,,0.962869,0.0195312476716936,
,,,0.962901,0,
,,,0.962933,0.0195312476716936,
,,,0.962965,0.0195312476716936,
,,,0.962997,0.0195312476716936,
,,,0.963029,-0.0214843724388629,
,,,0.963061,0.0195312476716936,
,,,0.963093,0.0195312476716936,
,,,0.963125,0.0195312476716936,
,,,0.963157,0,
,,,0.963189,0.0195312476716936,
,,,0.963221,0.0195312476716936,
,,,0.963253,0.0195312476716936,
,,,0.963285,0,
,,,0.963317,0.0195312476716936,
,,,0.963349,0.0195312476716936,
,,,0.963381,-0.0214843724388629,
,,,0.963413,0.0195312476716936,
,,,0.963445,0,
,,,0.963477,0.0195312476716936,
,,,0.963509,0.0195312476716936,
,,,0.963541,0,
,,,0.963573,0.0195312476716936,
,,,0.963605,0.0195312476716936,
,,,0.963637,0.0195312476716936,
,,,0.963669,0,
,,,0.963701,0.0195312476716936,
,,,0.963733,0.0195312476716936,
,,,0.963765,0.0195312476716936,
,,,0.963797,0.0195312476716936,
,,,0.963829,0.0195312476716936,
,,,0.963861,0,
,,,0.963893,0,
,,,0.963925,0.0195312476716936,
,,,0.963957,0.0195312476716936,
,,,0.963989,0.0195312476716936,
,,,0.964021,0,
,,,0.964053,0,
,,,0.964085,0.0195312476716936,
,,,0.964117,0,
,,,0.964149,0,
,,,0.964181,0,
,,,0.964213,0,
,,,0.964245,0.0195312476716936,
,,,0.964277,0.0195312476716936,
,,,0.964309,0.0195312476716936,
,,,0.964341,0.0390624953433871,
,,,0.964373,0,
,,,0.964405,0.0195312476716936,
,,,0.964437,0.0195312476716936,
,,,0.964469,0.0195312476716936,
,,,0.964501,0,
,,,0.964533,0.0195312476716936,
,,,0.964565,0.0195312476716936,
,,,0.964597,0,
,,,0.964629,0.0195312476716936,
,,,0.964661,0,
,,,0.964693,0.0195312476716936,
,,,0.964725,0.0195312476716936,
,,,0.964757,0,
,,,0.964789,0.0195312476716936,
,,,0.964821,0,
,,,0.964853,0.0195312476716936,
,,,0.964885,0,
,,,0.964917,0,
,,,0.964949,0.0195312476716936,
,,,0.964981,-0.0410156201105565,
,,,0.965013,0,
,,,0.965045,0,
,,,0.965077,0.0195312476716936,
,,,0.965109,0.0195312476716936,
,,,0.965141,0.0195312476716936,
,,,0.965173,-0.0410156201105565,
,,,0.965205,0,
,,,0.965237,0.0195312476716936,
,,,0.965269,0,
,,,0.965301,0.0195312476716936,
,,,0.965333,0,
,,,0.965365,0.0195312476716936,
,,,0.965397,0,
,,,0.965429,0.0195312476716936,
,,,0.965461,-0.0214843724388629,
,,,0.965493,0,
,,,0.965525,0.0195312476716936,
,,,0.965557,0,
,,,0.965589,0.0195312476716936,
,,,0.965621,0,
,,,0.965653,0,
,,,0.965685,0.0195312476716936,
,,,0.965717,0.0195312476716936,
,,,0.965749,0,
,,,0.965781,0,
,,,0.965813,-0.0214843724388629,
,,,0.965845,0,
,,,0.965877,0.0195312476716936,
,,,0.965909,0,
,,,0.965941,0.0195312476716936,
,,,0.965973,0,
,,,0.966005,0.0195312476716936,
,,,0.966037,-0.0214843724388629,
,,,0.966069,0,
,,,0.966101,0.0195312476716936,
,,,0.966133,0,
,,,0.966165,0.0195312476716936,
,,,0.966197,0.0195312476716936,
,,,0.966229,0.0195312476716936,
,,,0.966261,-0.0214843724388629,
,,,0.966293,0,
,,,0.966325,0.0195312476716936,
,,,0.966357,0.0195312476716936,
,,,0.966389,0.0390624953433871,
,,,0.966421,0.0195312476716936,
,,,0.966453,-0.0410156201105565,
,,,0.966485,0.0195312476716936,
,,,0.966517,0,
,,,0.966549,0,
,,,0.966581,0,
,,,0.966613,0,
,,,0.966645,0.0195312476716936,
,,,0.966677,0.0195312476716936,
,,,0.966709,0.0195312476716936,
,,,0.966741,0,
,,,0.966773,0.0195312476716936,
,,,0.966805,0.0585937430150807,
,,,0.966837,0.0195312476716936,
,,,0.966869,0.0195312476716936,
,,,0.966901,0.0195312476716936,
,,,0.966933,0,
,,,0.966965,0,
,,,0.966997,0,
,,,0.967029,0,
,,,0.967061,0.0195312476716936,
,,,0.967093,0.0195312476716936,
,,,0.967125,0.0195312476716936,
,,,0.967157,0.0195312476716936,
,,,0.967189,0.0195312476716936,
,,,0.967221,0,
,,,0.967253,0.0195312476716936,
,,,0.967285,0.0195312476716936,
,,,0.967317,0.0195312476716936,
,,,0.967349,0.0195312476716936,
,,,0.967381,0.0195312476716936,
,,,0.967413,0,
,,,0.967445,0,
,,,0.967477,0.0195312476716936,
,,,0.967509,-0.0214843724388629,
,,,0.967541,0,
,,,0.967573,0,
,,,0.967605,0.0195312476716936,
,,,0.967637,0.0195312476716936,
,,,0.967669,0.0195312476716936,
,,,0.967701,0,
,,,0.967733,0.0195312476716936,
,,,0.967765,0.0195312476716936,
,,,0.967797,0,
,,,0.967829,0.0195312476716936,
,,,0.967861,0,
,,,0.967893,0,
,,,0.967925,0,
,,,0.967957,0,
,,,0.967989,0.0195312476716936,
,,,0.968021,0,
,,,0.968053,0.0195312476716936,
,,,0.968085,0.0390624953433871,
,,,0.968117,0,
,,,0.968149,0.0195312476716936,
,,,0.968181,0.0195312476716936,
,,,0.968213,0,
,,,0.968245,0.0195312476716936,
,,,0.968277,0.0195312476716936,
,,,0.968309,0,
,,,0.968341,0.0195312476716936,
,,,0.968373,0.0195312476716936,
,,,0.968405,0.0195312476716936,
,,,0.968437,-0.0214843724388629,
,,,0.968469,0,
,,,0.968501,0.0195312476716936,
,,,0.968533,0.0195312476716936,
,,,0.968565,-0.0410156201105565,
,,,0.968597,0,
,,,0.968629,0.0195312476716936,
,,,0.968661,-0.06054686778225,
,,,0.968693,0,
,,,0.968725,0.0195312476716936,
,,,0.968757,0.0195312476716936,
,,,0.968789,0.0195312476716936,
,,,0.968821,0.0195312476716936,
,,,0.968853,0.0195312476716936,
,,,0.968885,0.0195312476716936,
,,,0.968917,0.0195312476716936,
,,,0.968949,0,
,,,0.968981,0.0195312476716936,
,,,0.969013,0.0195312476716936,
,,,0.969045,0.0195312476716936,
,,,0.969077,0.0195312476716936,
,,,0.969109,0,
,,,0.969141,-0.0214843724388629,
,,,0.969173,0,
,,,0.969205,0.0195312476716936,
,,,0.969237,0.0195312476716936,
,,,0.969269,0.0390624953433871,
,,,0.969301,0.0195312476716936,
,,,0.969333,0.0195312476716936,
,,,0.969365,0.0195312476716936,
,,,0.969397,-0.0214843724388629,
,,,0.969429,-0.0214843724388629,
,,,0.969461,0,
,,,0.969493,0.0195312476716936,
,,,0.969525,0.0195312476716936,
,,,0.969557,0.0195312476716936,
,,,0.969589,0,
,,,0.969621,0.0390624953433871,
,,,0.969653,0.0195312476716936,
,,,0.969685,0.0195312476716936,
,,,0.969717,0.0195312476716936,
,,,0.969749,0,
,,,0.969781,-0.0214843724388629,
,,,0.969813,0.0195312476716936,
,,,0.969845,0,
,,,0.969877,0.0195312476716936,
,,,0.969909,0,
,,,0.969941,0,
,,,0.969973,-0.0214843724388629,
,,,0.970005,0.0195312476716936,
,,,0.970037,0.0195312476716936,
,,,0.970069,0.0390624953433871,
,,,0.970101,0,
,,,0.970133,0,
,,,0.970165,0,
,,,0.970197,0,
,,,0.970229,0.0195312476716936,
,,,0.970261,0.0390624953433871,
,,,0.970293,0.0390624953433871,
,,,0.970325,0.0195312476716936,
,,,0.970357,0.0195312476716936,
,,,0.970389,0.0195312476716936,
,,,0.970421,0,
,,,0.970453,0.0195312476716936,
,,,0.970485,0,
,,,0.970517,0,
,,,0.970549,0.0195312476716936,
,,,0.970581,0.0195312476716936,
,,,0.970613,0,
,,,0.970645,0,
,,,0.970677,0.0390624953433871,
,,,0.970709,0.0195312476716936,
,,,0.970741,0,
,,,0.970773,0.0195312476716936,
,,,0.970805,0.0195312476716936,
,,,0.970837,0,
,,,0.970869,0.0390624953433871,
,,,0.970901,0.0195312476716936,
,,,0.970933,-0.0214843724388629,
,,,0.970965,0.0585937430150807,
,,,0.970997,0.0195312476716936,
,,,0.971029,0.0195312476716936,
,,,0.971061,0,
,,,0.971093,0,
,,,0.971125,0,
,,,0.971157,0.0195312476716936,
,,,0.971189,0,
,,,0.971221,0.0195312476716936,
,,,0.971253,0.0195312476716936,
,,,0.971285,0.0195312476716936,
,,,0.971317,-0.0214843724388629,
,,,0.971349,0.0195312476716936,
,,,0.971381,0.0195312476716936,
,,,0.971413,0,
,,,0.971445,0.0195312476716936,
,,,0.971477,-0.0214843724388629,
,,,0.971509,0,
,,,0.971541,0.0195312476716936,
,,,0.971573,0,
,,,0.971605,0.0195312476716936,
,,,0.971637,0,
,,,0.971669,0,
,,,0.971701,0,
,,,0.971733,0.0390624953433871,
,,,0.971765,0.0195312476716936,
,,,0.971797,0.0195312476716936,
,,,0.971829,0,
,,,0.971861,0.0195312476716936,
,,,0.971893,0,
,,,0.971925,-0.0214843724388629,
,,,0.971957,0,
,,,0.971989,0.0195312476716936,
,,,0.972021,0,
,,,0.972053,0.0195312476716936,
,,,0.972085,0,
,,,0.972117,0,
,,,0.972149,0,
,,,0.972181,0,
,,,0.972213,-0.0214843724388629,
,,,0.972245,0,
,,,0.972277,0,
,,,0.972309,0,
,,,0.972341,0,
,,,0.972373,0.0195312476716936,
,,,0.972405,0,
,,,0.972437,-0.0214843724388629,
,,,0.972469,0,
,,,0.972501,0,
,,,0.972533,-0.0214843724388629,
,,,0.972565,0,
,,,0.972597,0.0195312476716936,
,,,0.972629,0.0195312476716936,
,,,0.972661,-0.0214843724388629,
,,,0.972693,0,
,,,0.972725,0,
,,,0.972757,0,
,,,0.972789,-0.0214843724388629,
,,,0.972821,-0.0214843724388629,
,,,0.972853,0,
,,,0.972885,0,
,,,0.972917,0,
,,,0.972949,0.0195312476716936,
,,,0.972981,0,
,,,0.973013,0,
,,,0.973045,0,
,,,0.973077,-0.0214843724388629,
,,,0.973109,0.0195312476716936,
,,,0.973141,0,
,,,0.973173,0,
,,,0.973205,0,
,,,0.973237,0,
,,,0.973269,0,
,,,0.973301,0,
,,,0.973333,0,
,,,0.973365,0.0195312476716936,
,,,0.973397,0,
,,,0.973429,0.0195312476716936,
,,,0.973461,0,
,,,0.973493,0,
,,,0.973525,0,
,,,0.973557,0.0195312476716936,
,,,0.973589,0,
,,,0.973621,0.0195312476716936,
,,,0.973653,0,
,,,0.973685,0,
,,,0.973717,0.0195312476716936,
,,,0.973749,0,
,,,0.973781,-0.0214843724388629,
,,,0.973813,-0.0214843724388629,
,,,0.973845,0.0195312476716936,
,,,0.973877,0.0195312476716936,
,,,0.973909,0,
,,,0.973941,0,
,,,0.973973,0.0195312476716936,
,,,0.974005,0,
,,,0.974037,0.0195312476716936,
,,,0.974069,0,
,,,0.974101,0,
,,,0.974133,0.0195312476716936,
,,,0.974165,0.0195312476716936,
,,,0.974197,0,
,,,0.974229,0,
,,,0.974261,0,
,,,0.974293,0,
,,,0.974325,0,
,,,0.974357,-0.0410156201105565,
,,,0.974389,0,
,,,0.974421,0.0195312476716936,
,,,0.974453,0,
,,,0.974485,0.0195312476716936,
,,,0.974517,0.0195312476716936,
,,,0.974549,0.0195312476716936,
,,,0.974581,0.0195312476716936,
,,,0.974613,0.0195312476716936,
,,,0.974645,0,
,,,0.974677,0,
,,,0.974709,0,
,,,0.974741,0.0195312476716936,
,,,0.974773,0.0195312476716936,
,,,0.974805,0.0195312476716936,
,,,0.974837,0.0195312476716936,
,,,0.974869,0.0195312476716936,
,,,0.974901,0.0195312476716936,
,,,0.974933,0.0195312476716936,
,,,0.974965,0.0195312476716936,
,,,0.974997,0.0195312476716936,
,,,0.975029,0.0195312476716936,
,,,0.975061,0,
,,,0.975093,0,
,,,0.975125,0,
,,,0.975157,0.0195312476716936,
,,,0.975189,0.0195312476716936,
,,,0.975221,0.0195312476716936,
,,,0.975253,0.0195312476716936,
,,,0.975285,-0.0214843724388629,
,,,0.975317,0,
,,,0.975349,0.0195312476716936,
,,,0.975381,0,
,,,0.975413,0.0195312476716936,
,,,0.975445,0,
,,,0.975477,0.0195312476716936,
,,,0.975509,-0.0214843724388629,
,,,0.975541,0.0195312476716936,
,,,0.975573,0.0195312476716936,
,,,0.975605,0,
,,,0.975637,0.0195312476716936,
,,,0.975669,0.0195312476716936,
,,,0.975701,0,
,,,0.975733,0,
,,,0.975765,0,
,,,0.975797,0,
,,,0.975829,0,
,,,0.975861,0.0195312476716936,
,,,0.975893,0,
,,,0.975925,0.0195312476716936,
,,,0.975957,0.0195312476716936,
,,,0.975989,0.0195312476716936,
,,,0.976021,0.0195312476716936,
,,,0.976053,0.0195312476716936,
,,,0.976085,0.0195312476716936,
,,,0.976117,0.0195312476716936,
,,,0.976149,0,
,,,0.976181,0,
,,,0.976213,0,
,,,0.976245,0.0195312476716936,
,,,0.976277,0,
,,,0.976309,0.0195312476716936,
,,,0.976341,0,
,,,0.976373,-0.101562487892807,
,,,0.976405,-0.0214843724388629,
,,,0.976437,0.0390624953433871,
,,,0.976469,0,
,,,0.976501,0,
,,,0.976533,0.0195312476716936,
,,,0.976565,0,
,,,0.976597,0.0195312476716936,
,,,0.976629,-0.0214843724388629,
,,,0.976661,0.0195312476716936,
,,,0.976693,0.0390624953433871,
,,,0.976725,0,
,,,0.976757,0,
,,,0.976789,0,
,,,0.976821,0.0195312476716936,
,,,0.976853,0.0195312476716936,
,,,0.976885,0,
,,,0.976917,0,
,,,0.976949,0.0195312476716936,
,,,0.976981,0.0195312476716936,
,,,0.977013,0.0390624953433871,
,,,0.977045,0,
,,,0.977077,0,
,,,0.977109,-0.0214843724388629,
,,,0.977141,0.0195312476716936,
,,,0.977173,0.0195312476716936,
,,,0.977205,0,
,,,0.977237,0,
,,,0.977269,0,
,,,0.977301,0.0195312476716936,
,,,0.977333,0.0195312476716936,
,,,0.977365,0.0195312476716936,
,,,0.977397,-0.0410156201105565,
,,,0.977429,0,
,,,0.977461,0.0195312476716936,
,,,0.977493,0.0195312476716936,
,,,0.977525,0,
,,,0.977557,0.0195312476716936,
,,,0.977589,0,
,,,0.977621,0,
,,,0.977653,0,
,,,0.977685,0.0195312476716936,
,,,0.977717,0.0195312476716936,
,,,0.977749,0,
,,,0.977781,0,
,,,0.977813,0,
,,,0.977845,0.0195312476716936,
,,,0.977877,0.0195312476716936,
,,,0.977909,0,
,,,0.977941,0.0195312476716936,
,,,0.977973,0,
,,,0.978005,0,
,,,0.978037,0.0195312476716936,
,,,0.978069,-0.0214843724388629,
,,,0.978101,0,
,,,0.978133,0,
,,,0.978165,0.0195312476716936,
,,,0.978197,0,
,,,0.978229,0.0195312476716936,
,,,0.978261,0,
,,,0.978293,0,
,,,0.978325,0,
,,,0.978357,-0.06054686778225,
,,,0.978389,-0.0214843724388629,
,,,0.978421,0,
,,,0.978453,0,
,,,0.978485,0,
,,,0.978517,0,
,,,0.978549,0,
,,,0.978581,0.0390624953433871,
,,,0.978613,0,
,,,0.978645,0,
,,,0.978677,0,
,,,0.978709,0.0390624953433871,
,,,0.978741,0,
,,,0.978773,0.0195312476716936,
,,,0.978805,0,
,,,0.978837,0,
,,,0.978869,0,
,,,0.978901,-0.0214843724388629,
,,,0.978933,0.0195312476716936,
,,,0.978965,0.0195312476716936,
,,,0.978997,-0.0214843724388629,
,,,0.979029,0.0195312476716936,
,,,0.979061,-0.0214843724388629,
,,,0.979093,0.0195312476716936,
,,,0.979125,-0.0214843724388629,
,,,0.979157,0,
,,,0.979189,0.0195312476716936,
,,,0.979221,0,
,,,0.979253,0.0195312476716936,
,,,0.979285,0.0195312476716936,
,,,0.979317,0.0390624953433871,
,,,0.979349,0.0195312476716936,
,,,0.979381,0.0195312476716936,
,,,0.979413,0.0195312476716936,
,,,0.979445,0,
,,,0.979477,0.0195312476716936,
,,,0.979509,-0.0214843724388629,
,,,0.979541,0.0195312476716936,
,,,0.979573,0.0195312476716936,
,,,0.979605,0.0195312476716936,
,,,0.979637,0.0195312476716936,
,,,0.979669,0,
,,,0.979701,0,
,,,0.979733,0.0195312476716936,
,,,0.979765,0.0195312476716936,
,,,0.979797,0.0195312476716936,
,,,0.979829,0,
,,,0.979861,0,
,,,0.979893,0.0195312476716936,
,,,0.979925,0,
,,,0.979957,0.0195312476716936,
,,,0.979989,0.0195312476716936,
,,,0.980021,0.0390624953433871,
,,,0.980053,0.0195312476716936,
,,,0.980085,0,
,,,0.980117,0,
,,,0.980149,0,
,,,0.980181,0,
,,,0.980213,0,
,,,0.980245,0,
,,,0.980277,0,
,,,0.980309,0.0195312476716936,
,,,0.980341,-0.0214843724388629,
,,,0.980373,0,
,,,0.980405,0.0195312476716936,
,,,0.980437,0.0195312476716936,
,,,0.980469,0,
,,,0.980501,0,
,,,0.980533,0.0195312476716936,
,,,0.980565,0,
,,,0.980597,-0.0214843724388629,
,,,0.980629,0,
,,,0.980661,0,
,,,0.980693,0.0195312476716936,
,,,0.980725,0,
,,,0.980757,0.0195312476716936,
,,,0.980789,0.0195312476716936,
,,,0.980821,0.0195312476716936,
,,,0.980853,0.0195312476716936,
,,,0.980885,0.0195312476716936,
,,,0.980917,0,
,,,0.980949,0.0195312476716936,
,,,0.980981,0,
,,,0.981013,0,
,,,0.981045,0.0195312476716936,
,,,0.981077,0,
,,,0.981109,-0.0214843724388629,
,,,0.981141,0.0195312476716936,
,,,0.981173,0.0195312476716936,
,,,0.981205,0.0195312476716936,
,,,0.981237,0,
,,,0.981269,0,
,,,0.981301,0.0195312476716936,
,,,0.981333,0.0195312476716936,
,,,0.981365,0,
,,,0.981397,0.0195312476716936,
,,,0.981429,0,
,,,0.981461,0,
,,,0.981493,0.0195312476716936,
,,,0.981525,0,
,,,0.981557,-0.0214843724388629,
,,,0.981589,0.0195312476716936,
,,,0.981621,0,
,,,0.981653,0,
,,,0.981685,0.0195312476716936,
,,,0.981717,0,
,,,0.981749,0.0195312476716936,
,,,0.981781,0.0195312476716936,
,,,0.981813,-0.0214843724388629,
,,,0.981845,0.0195312476716936,
,,,0.981877,0.0195312476716936,
,,,0.981909,0.0195312476716936,
,,,0.981941,0.0195312476716936,
,,,0.981973,-0.0214843724388629,
,,,0.982005,0,
,,,0.982037,0,
,,,0.982069,0.0195312476716936,
,,,0.982101,0,
,,,0.982133,0,
,,,0.982165,0.0195312476716936,
,,,0.982197,0.0195312476716936,
,,,0.982229,0.0195312476716936,
,,,0.982261,0.0195312476716936,
,,,0.982293,0,
,,,0.982325,0,
,,,0.982357,0,
,,,0.982389,0,
,,,0.982421,0,
,,,0.982453,0.0195312476716936,
,,,0.982485,0,
,,,0.982517,0.0195312476716936,
,,,0.982549,0,
,,,0.982581,0,
,,,0.982613,0.0195312476716936,
,,,0.982645,0.0195312476716936,
,,,0.982677,0.0195312476716936,
,,,0.982709,0,
,,,0.982741,0.0195312476716936,
,,,0.982773,0.0195312476716936,
,,,0.982805,0.0195312476716936,
,,,0.982837,-0.0214843724388629,
,,,0.982869,0,
,,,0.982901,0,
,,,0.982933,0.0195312476716936,
,,,0.982965,0,
,,,0.982997,0,
,,,0.983029,0.0195312476716936,
,,,0.983061,0,
,,,0.983093,0,
,,,0.983125,0,
,,,0.983157,0,
,,,0.983189,0,
,,,0.983221,0.0195312476716936,
,,,0.983253,0,
,,,0.983285,0,
,,,0.983317,0,
,,,0.983349,0,
,,,0.983381,0.0195312476716936,
,,,0.983413,0,
,,,0.983445,0.0195312476716936,
,,,0.983477,0,
,,,0.983509,0.0195312476716936,
,,,0.983541,0.0195312476716936,
,,,0.983573,0,
,,,0.983605,0.0195312476716936,
,,,0.983637,-0.0214843724388629,
,,,0.983669,0,
,,,0.983701,0,
,,,0.983733,0.0195312476716936,
,,,0.983765,0.0195312476716936,
,,,0.983797,0.0195312476716936,
,,,0.983829,-0.0214843724388629,
,,,0.983861,0,
,,,0.983893,0,
,,,0.983925,0.0195312476716936,
,,,0.983957,0,
,,,0.983989,0.0195312476716936,
,,,0.984021,0,
,,,0.984053,0.0195312476716936,
,,,0.984085,0.0195312476716936,
,,,0.984117,0.0195312476716936,
,,,0.984149,0.0195312476716936,
,,,0.984181,0,
,,,0.984213,0,
,,,0.984245,-0.0214843724388629,
,,,0.984277,0.0195312476716936,
,,,0.984309,0,
,,,0.984341,-0.0410156201105565,
,,,0.984373,0.0195312476716936,
,,,0.984405,0,
,,,0.984437,0,
,,,0.984469,0,
,,,0.984501,0.0195312476716936,
,,,0.984533,0.0195312476716936,
,,,0.984565,0.0195312476716936,
,,,0.984597,0.0585937430150807,
,,,0.984629,0.0195312476716936,
,,,0.984661,0,
,,,0.984693,0.0195312476716936,
,,,0.984725,0.0390624953433871,
,,,0.984757,0.0195312476716936,
,,,0.984789,0,
,,,0.984821,0,
,,,0.984853,0.0195312476716936,
,,,0.984885,0,
,,,0.984917,0.0195312476716936,
,,,0.984949,0.0195312476716936,
,,,0.984981,0,
,,,0.985013,0.0195312476716936,
,,,0.985045,0,
,,,0.985077,0,
,,,0.985109,0.0195312476716936,
,,,0.985141,0.0195312476716936,
,,,0.985173,0,
,,,0.985205,0.0390624953433871,
,,,0.985237,0.0195312476716936,
,,,0.985269,0,
,,,0.985301,0.0195312476716936,
,,,0.985333,0.0195312476716936,
,,,0.985365,0,
,,,0.985397,0.0195312476716936,
,,,0.985429,0,
,,,0.985461,0.0195312476716936,
,,,0.985493,0,
,,,0.985525,0.0195312476716936,
,,,0.985557,0.0195312476716936,
,,,0.985589,0,
,,,0.985621,0.0195312476716936,
,,,0.985653,0.0195312476716936,
,,,0.985685,0.0195312476716936,
,,,0.985717,0.0195312476716936,
,,,0.985749,0.0195312476716936,
,,,0.985781,0.0195312476716936,
,,,0.985813,0.0195312476716936,
,,,0.985845,0,
,,,0.985877,0,
,,,0.985909,0.0195312476716936,
,,,0.985941,0.0195312476716936,
,,,0.985973,0.0195312476716936,
,,,0.986005,0.0195312476716936,
,,,0.986037,0.0195312476716936,
,,,0.986069,0,
,,,0.986101,-0.0214843724388629,
,,,0.986133,0,
,,,0.986165,0,
,,,0.986197,0.0195312476716936,
,,,0.986229,0.0195312476716936,
,,,0.986261,0.0195312476716936,
,,,0.986293,0.0195312476716936,
,,,0.986325,0.0195312476716936,
,,,0.986357,0.0195312476716936,
,,,0.986389,0,
,,,0.986421,0,
,,,0.986453,0.0195312476716936,
,,,0.986485,0.0195312476716936,
,,,0.986517,0,
,,,0.986549,0.0195312476716936,
,,,0.986581,0.0195312476716936,
,,,0.986613,-0.0214843724388629,
,,,0.986645,0,
,,,0.986677,0.0195312476716936,
,,,0.986709,0.0195312476716936,
,,,0.986741,0.0195312476716936,
,,,0.986773,0,
,,,0.986805,-0.06054686778225,
,,,0.986837,-0.0214843724388629,
,,,0.986869,0.0195312476716936,
,,,0.986901,0,
,,,0.986933,0,
,,,0.986965,-0.0410156201105565,
,,,0.986997,-0.0214843724388629,
,,,0.987029,-0.0214843724388629,
,,,0.987061,0.0195312476716936,
,,,0.987093,0,
,,,0.987125,0.0195312476716936,
,,,0.987157,0,
,,,0.987189,0.0195312476716936,
,,,0.987221,0,
,,,0.987253,0,
,,,0.987285,0.0195312476716936,
,,,0.987317,-0.0214843724388629,
,,,0.987349,0,
,,,0.987381,0,
,,,0.987413,0.0195312476716936,
,,,0.987445,-0.0214843724388629,
,,,0.987477,0,
,,,0.987509,0.0195312476716936,
,,,0.987541,0.0195312476716936,
,,,0.987573,0.0390624953433871,
,,,0.987605,0,
,,,0.987637,0,
,,,0.987669,0.0390624953433871,
,,,0.987701,0,
,,,0.987733,0.0195312476716936,
,,,0.987765,0,
,,,0.987797,0.0195312476716936,
,,,0.987829,0.0195312476716936,
,,,0.987861,-0.0410156201105565,
,,,0.987893,0,
,,,0.987925,0,
,,,0.987957,0.0195312476716936,
,,,0.987989,0.0390624953433871,
,,,0.988021,0.0195312476716936,
,,,0.988053,0.0195312476716936,
,,,0.988085,0,
,,,0.988117,0,
,,,0.988149,0.0195312476716936,
,,,0.988181,0,
,,,0.988213,0.0195312476716936,
,,,0.988245,-0.0214843724388629,
,,,0.988277,0,
,,,0.988309,-0.0214843724388629,
,,,0.988341,0.0195312476716936,
,,,0.988373,0.0195312476716936,
,,,0.988405,0,
,,,0.988437,0,
,,,0.988469,0.0195312476716936,
,,,0.988501,0.0390624953433871,
,,,0.988533,0.0195312476716936,
,,,0.988565,-0.0214843724388629,
,,,0.988597,0.0195312476716936,
,,,0.988629,0,
,,,0.988661,0,
,,,0.988693,0,
,,,0.988725,0,
,,,0.988757,0,
,,,0.988789,0,
,,,0.988821,0,
,,,0.988853,0,
,,,0.988885,0,
,,,0.988917,0,
,,,0.988949,-0.0214843724388629,
,,,0.988981,0,
,,,0.989013,0,
,,,0.989045,0,
,,,0.989077,0,
,,,0.989109,0.0390624953433871,
,,,0.989141,0.0195312476716936,
,,,0.989173,0.0195312476716936,
,,,0.989205,0.0195312476716936,
,,,0.989237,0,
,,,0.989269,0,
,,,0.989301,0,
,,,0.989333,0,
,,,0.989365,0,
,,,0.989397,0,
,,,0.989429,0,
,,,0.989461,0,
,,,0.989493,0.0195312476716936,
,,,0.989525,0,
,,,0.989557,0,
,,,0.989589,0,
,,,0.989621,0.0195312476716936,
,,,0.989653,0,
,,,0.989685,0,
,,,0.989717,0,
,,,0.989749,0,
,,,0.989781,0.0195312476716936,
,,,0.989813,0,
,,,0.989845,0,
,,,0.989877,-0.0214843724388629,
,,,0.989909,0,
,,,0.989941,0.0195312476716936,
,,,0.989973,0,
,,,0.990005,0,
,,,0.990037,0,
,,,0.990069,0,
,,,0.990101,0,
,,,0.990133,0,
,,,0.990165,0,
,,,0.990197,0,
,,,0.990229,-0.0214843724388629,
,,,0.990261,0,
,,,0.990293,0,
,,,0.990325,0,
,,,0.990357,0,
,,,0.990389,0.0195312476716936,
,,,0.990421,0,
,,,0.990453,0,
,,,0.990485,0.0195312476716936,
,,,0.990517,0,
,,,0.990549,-0.0214843724388629,
,,,0.990581,0,
,,,0.990613,0,
,,,0.990645,0,
,,,0.990677,0,
,,,0.990709,0.0195312476716936,
,,,0.990741,0,
,,,0.990773,-0.0214843724388629,
,,,0.990805,0,
,,,0.990837,0,
,,,0.990869,0,
,,,0.990901,0.0195312476716936,
,,,0.990933,0,
,,,0.990965,0,
,,,0.990997,0.0195312476716936,
,,,0.991029,0,
,,,0.991061,0.0195312476716936,
,,,0.991093,0.0195312476716936,
,,,0.991125,0.0195312476716936,
,,,0.991157,0.0195312476716936,
,,,0.991189,0.0195312476716936,
,,,0.991221,0,
,,,0.991253,0.0195312476716936,
,,,0.991285,0.0195312476716936,
,,,0.991317,0.0195312476716936,
,,,0.991349,0,
,,,0.991381,0.0195312476716936,
,,,0.991413,0.0195312476716936,
,,,0.991445,-0.0214843724388629,
,,,0.991477,0,
,,,0.991509,0.0195312476716936,
,,,0.991541,-0.0214843724388629,
,,,0.991573,0.0195312476716936,
,,,0.991605,0,
,,,0.991637,0.0195312476716936,
,,,0.991669,0,
,,,0.991701,-0.0214843724388629,
,,,0.991733,0,
,,,0.991765,-0.0214843724388629,
,,,0.991797,0.0195312476716936,
,,,0.991829,0.0195312476716936,
,,,0.991861,0,
,,,0.991893,0,
,,,0.991925,0.0195312476716936,
,,,0.991957,0,
,,,0.991989,0,
,,,0.992021,-0.0214843724388629,
,,,0.992053,0.0195312476716936,
,,,0.992085,0,
,,,0.992117,0.0195312476716936,
,,,0.992149,0.0195312476716936,
,,,0.992181,0.0195312476716936,
,,,0.992213,0.0195312476716936,
,,,0.992245,0.0195312476716936,
,,,0.992277,0.0195312476716936,
,,,0.992309,0.0195312476716936,
,,,0.992341,0.0195312476716936,
,,,0.992373,-0.0214843724388629,
,,,0.992405,0.0195312476716936,
,,,0.992437,0.0195312476716936,
,,,0.992469,0.0195312476716936,
,,,0.992501,0,
,,,0.992533,0,
,,,0.992565,0,
,,,0.992597,0,
,,,0.992629,0.0195312476716936,
,,,0.992661,0,
,,,0.992693,0.0195312476716936,
,,,0.992725,0.0195312476716936,
,,,0.992757,0.0195312476716936,
,,,0.992789,0,
,,,0.992821,0.0195312476716936,
,,,0.992853,-0.0214843724388629,
,,,0.992885,0.0195312476716936,
,,,0.992917,0,
,,,0.992949,0.0195312476716936,
,,,0.992981,0.0195312476716936,
,,,0.993013,0.0195312476716936,
,,,0.993045,0.0390624953433871,
,,,0.993077,0,
,,,0.993109,0,
,,,0.993141,0,
,,,0.993173,0,
,,,0.993205,0.0195312476716936,
,,,0.993237,0.0195312476716936,
,,,0.993269,0,
,,,0.993301,0.0195312476716936,
,,,0.993333,-0.0214843724388629,
,,,0.993365,0.0195312476716936,
,,,0.993397,0.0195312476716936,
,,,0.993429,0.0195312476716936,
,,,0.993461,0.0195312476716936,
,,,0.993493,0,
,,,0.993525,0,
,,,0.993557,0,
,,,0.993589,-0.0214843724388629,
,,,0.993621,0.0195312476716936,
,,,0.993653,0.0195312476716936,
,,,0.993685,0.0195312476716936,
,,,0.993717,-0.0214843724388629,
,,,0.993749,0,
,,,0.993781,0.0195312476716936,
,,,0.993813,0,
,,,0.993845,0,
,,,0.993877,-0.0800781154539436,
,,,0.993909,0.0195312476716936,
,,,0.993941,0.0195312476716936,
,,,0.993973,0.0195312476716936,
,,,0.994005,0,
,,,0.994037,0.0195312476716936,
,,,0.994069,0.0195312476716936,
,,,0.994101,0,
,,,0.994133,0.0195312476716936,
,,,0.994165,0.0585937430150807,
,,,0.994197,0,
,,,0.994229,0.0195312476716936,
,,,0.994261,0,
,,,0.994293,0,
,,,0.994325,0,
,,,0.994357,0,
,,,0.994389,0.0195312476716936,
,,,0.994421,0.0195312476716936,
,,,0.994453,0,
,,,0.994485,0.0195312476716936,
,,,0.994517,0,
,,,0.994549,0.0195312476716936,
,,,0.994581,0,
,,,0.994613,0,
,,,0.994645,-0.0214843724388629,
,,,0.994677,0,
,,,0.994709,0.0195312476716936,
,,,0.994741,0,
,,,0.994773,0,
,,,0.994805,0.0195312476716936,
,,,0.994837,0.0195312476716936,
,,,0.994869,0,
,,,0.994901,0.0195312476716936,
,,,0.994933,-0.0214843724388629,
,,,0.994965,0,
,,,0.994997,-0.0214843724388629,
,,,0.995029,0.0195312476716936,
,,,0.995061,0.0195312476716936,
,,,0.995093,-0.0214843724388629,
,,,0.995125,0,
,,,0.995157,0.0195312476716936,
,,,0.995189,0.0195312476716936,
,,,0.995221,0,
,,,0.995253,0,
,,,0.995285,0,
,,,0.995317,0,
,,,0.995349,0.0195312476716936,
,,,0.995381,0.0195312476716936,
,,,0.995413,0,
,,,0.995445,0.0390624953433871,
,,,0.995477,0,
,,,0.995509,-0.0214843724388629,
,,,0.995541,0,
,,,0.995573,0.0390624953433871,
,,,0.995605,0,
,,,0.995637,0.0195312476716936,
,,,0.995669,0,
,,,0.995701,0,
,,,0.995733,0,
,,,0.995765,0,
,,,0.995797,0.0195312476716936,
,,,0.995829,-0.0214843724388629,
,,,0.995861,0,
,,,0.995893,0,
,,,0.995925,0.0195312476716936,
,,,0.995957,0,
,,,0.995989,0.0195312476716936,
,,,0.996021,0,
,,,0.996053,0,
,,,0.996085,0,
,,,0.996117,0,
,,,0.996149,0.0195312476716936,
,,,0.996181,0.0195312476716936,
,,,0.996213,0.0195312476716936,
,,,0.996245,0.0195312476716936,
,,,0.996277,-0.0214843724388629,
,,,0.996309,0,
,,,0.996341,0.0195312476716936,
,,,0.996373,0,
,,,0.996405,0,
,,,0.996437,0.0195312476716936,
,,,0.996469,0.0390624953433871,
,,,0.996501,0.0195312476716936,
,,,0.996533,0.0195312476716936,
,,,0.996565,-0.0214843724388629,
,,,0.996597,0.0195312476716936,
,,,0.996629,0.0195312476716936,
,,,0.996661,0,
,,,0.996693,0.0195312476716936,
,,,0.996725,0,
,,,0.996757,0,
,,,0.996789,0,
,,,0.996821,0.0195312476716936,
,,,0.996853,0.0195312476716936,
,,,0.996885,0.0195312476716936,
,,,0.996917,0.0390624953433871,
,,,0.996949,0.0195312476716936,
,,,0.996981,0,
,,,0.997013,0.0195312476716936,
,,,0.997045,0.0390624953433871,
,,,0.997077,0.0195312476716936,
,,,0.997109,0,
,,,0.997141,0,
,,,0.997173,0,
,,,0.997205,0,
,,,0.997237,0.0195312476716936,
,,,0.997269,0,
,,,0.997301,0.0195312476716936,
,,,0.997333,0.0195312476716936,
,,,0.997365,0.0195312476716936,
,,,0.997397,0.0195312476716936,
,,,0.997429,0.0195312476716936,
,,,0.997461,0,
,,,0.997493,-0.0214843724388629,
,,,0.997525,0,
,,,0.997557,0.0390624953433871,
,,,0.997589,0,
,,,0.997621,0.0195312476716936,
,,,0.997653,0.0195312476716936,
,,,0.997685,0.0195312476716936,
,,,0.997717,0,
,,,0.997749,0.0195312476716936,
,,,0.997781,0.0390624953433871,
,,,0.997813,0.0195312476716936,
,,,0.997845,0,
,,,0.997877,0.0390624953433871,
,,,0.997909,0,
,,,0.997941,0.0195312476716936,
,,,0.997973,0.0195312476716936,
,,,0.998005,0,
,,,0.998037,0,
,,,0.998069,-0.0214843724388629,
,,,0.998101,0,
,,,0.998133,0,
,,,0.998165,0,
,,,0.998197,0,
,,,0.998229,0,
,,,0.998261,0,
,,,0.998293,0,
,,,0.998325,0,
,,,0.998357,0.0195312476716936,
,,,0.998389,0.0195312476716936,
,,,0.998421,0,
,,,0.998453,0.0195312476716936,
,,,0.998485,0,
,,,0.998517,0.0195312476716936,
,,,0.998549,0.0195312476716936,
,,,0.998581,0,
,,,0.998613,0,
,,,0.998645,0,
,,,0.998677,0.0195312476716936,
,,,0.998709,0.0195312476716936,
,,,0.998741,0.0195312476716936,
,,,0.998773,0.0195312476716936,
,,,0.998805,0.0195312476716936,
,,,0.998837,0.0195312476716936,
,,,0.998869,0.0195312476716936,
,,,0.998901,0,
,,,0.998933,0,
,,,0.998965,0,
,,,0.998997,0,
,,,0.999029,0.0195312476716936,
,,,0.999061,0,
,,,0.999093,0.0195312476716936,
,,,0.999125,0.0195312476716936,
,,,0.999157,0.0195312476716936,
,,,0.999189,0.0195312476716936,
,,,0.999221,0.0195312476716936,
,,,0.999253,-0.0214843724388629,
,,,0.999285,0.0195312476716936,
,,,0.999317,0,
,,,0.999349,0.0195312476716936,
,,,0.999381,0,
,,,0.999413,0.0195312476716936,
,,,0.999445,0,
,,,0.999477,0.0195312476716936,
,,,0.999509,0,
,,,0.999541,0.0390624953433871,
,,,0.999573,0,
,,,0.999605,0.0195312476716936,
,,,0.999637,0.0195312476716936,
,,,0.999669,0,
,,,0.999701,0.0195312476716936,
,,,0.999733,0,
,,,0.999765,0,
,,,0.999797,0,
,,,0.999829,0.0195312476716936,
,,,0.999861,-0.0214843724388629,
,,,0.999893,0.0195312476716936,
,,,0.999925,0.0195312476716936,
,,,0.999957,0.0195312476716936,
,,,0.999989,0.0195312476716936,
,,,1.000021,0.0195312476716936,
,,,1.000053,0.0195312476716936,
,,,1.000085,0.0195312476716936,
,,,1.000117,0,
,,,1.000149,0,
,,,1.000181,0.0195312476716936,
,,,1.000213,0.0195312476716936,
,,,1.000245,0.0195312476716936,
,,,1.000277,-0.0214843724388629,
,,,1.000309,0,
,,,1.000341,0.0195312476716936,
,,,1.000373,0.0195312476716936,
,,,1.000405,0.0195312476716936,
,,,1.000437,-0.0214843724388629,
,,,1.000469,0.0195312476716936,
,,,1.000501,0.0195312476716936,
,,,1.000533,0,
,,,1.000565,0.0195312476716936,
,,,1.000597,0.0195312476716936,
,,,1.000629,0.0195312476716936,
,,,1.000661,0.0390624953433871,
,,,1.000693,0,
,,,1.000725,0.0195312476716936,
,,,1.000757,0.0195312476716936,
,,,1.000789,0,
,,,1.000821,0.0195312476716936,
,,,1.000853,0.0195312476716936,
,,,1.000885,-0.0214843724388629,
,,,1.000917,0,
,,,1.000949,0.0195312476716936,
,,,1.000981,0,
,,,1.001013,0.0195312476716936,
,,,1.001045,0,
,,,1.001077,0.0195312476716936,
,,,1.001109,0,
,,,1.001141,0,
,,,1.001173,0.0390624953433871,
,,,1.001205,0.0195312476716936,
,,,1.001237,0.0195312476716936,
,,,1.001269,0.0195312476716936,
,,,1.001301,0,
,,,1.001333,-0.0214843724388629,
,,,1.001365,0.0195312476716936,
,,,1.001397,-0.0214843724388629,
,,,1.001429,0.0195312476716936,
,,,1.001461,0.0195312476716936,
,,,1.001493,0,
,,,1.001525,0.0195312476716936,
,,,1.001557,0.0195312476716936,
,,,1.001589,0.0195312476716936,
,,,1.001621,0,
,,,1.001653,0,
,,,1.001685,0.0195312476716936,
,,,1.001717,0,
,,,1.001749,0,
,,,1.001781,0,
,,,1.001813,0.0195312476716936,
,,,1.001845,-0.0214843724388629,
,,,1.001877,0.0195312476716936,
,,,1.001909,0.0195312476716936,
,,,1.001941,0.0195312476716936,
,,,1.001973,0.0195312476716936,
,,,1.002005,0,
,,,1.002037,0.0195312476716936,
,,,1.002069,0,
,,,1.002101,0,
,,,1.002133,0.0195312476716936,
,,,1.002165,0,
,,,1.002197,0,
,,,1.002229,0.0195312476716936,
,,,1.002261,0,
,,,1.002293,0.0195312476716936,
,,,1.002325,0.0195312476716936,
,,,1.002357,0.0195312476716936,
,,,1.002389,0.0195312476716936,
,,,1.002421,-0.0214843724388629,
,,,1.002453,-0.0214843724388629,
,,,1.002485,0.0195312476716936,
,,,1.002517,0.0195312476716936,
,,,1.002549,0.0195312476716936,
,,,1.002581,0.0195312476716936,
,,,1.002613,0.0195312476716936,
,,,1.002645,0.0195312476716936,
,,,1.002677,0,
,,,1.002709,0,
,,,1.002741,-0.0214843724388629,
,,,1.002773,0.0195312476716936,
,,,1.002805,0.0390624953433871,
,,,1.002837,0,
,,,1.002869,0,
,,,1.002901,0,
,,,1.002933,-0.0214843724388629,
,,,1.002965,0.0195312476716936,
,,,1.002997,0.0195312476716936,
,,,1.003029,0.0195312476716936,
,,,1.003061,0.0195312476716936,
,,,1.003093,-0.0214843724388629,
